# 3 stage filter response
1	-43.944	-90.9244	-0.000186304	-28.7948	-92.9371	-0.00576393
2	-37.924	-91.8466	-0.000730271	-22.7911	-95.8662	-0.0229663
3	-34.4034	-92.7692	-0.00163024	-19.2974	-98.7846	-0.0514739
4	-31.9064	-93.692	-0.00288504	-16.8377	-101.687	-0.0910706
5	-29.9706	-94.6148	-0.00449353	-14.9493	-104.569	-0.141462
6	-28.3899	-95.5375	-0.00645454	-13.4257	-107.426	-0.202283
7	-27.0544	-96.4601	-0.00876675	-12.1567	-110.253	-0.273105
8	-25.8986	-97.3825	-0.0114288	-11.0761	-113.046	-0.353447
9	-24.8802	-98.3046	-0.014439	-10.1413	-115.802	-0.442785
10	-23.9702	-99.2264	-0.0177956	-9.32259	-118.519	-0.54056
11	-23.1481	-100.148	-0.0214969	-8.59894	-121.193	-0.646194
12	-22.3987	-101.069	-0.0255408	-7.95451	-123.823	-0.759094
13	-21.7103	-101.989	-0.029925	-7.37715	-126.406	-0.878662
14	-21.074	-102.909	-0.0346472	-6.85729	-128.943	-1.00431
15	-20.4827	-103.828	-0.0397048	-6.38722	-131.431	-1.13545
16	-19.9307	-104.747	-0.0450953	-5.96065	-133.87	-1.27151
17	-19.4132	-105.665	-0.0508156	-5.57233	-136.26	-1.41196
18	-18.9264	-106.582	-0.0568629	-5.21786	-138.602	-1.55628
19	-18.4669	-107.498	-0.0632339	-4.89348	-140.896	-1.70397
20	-18.0321	-108.414	-0.0699253	-4.59599	-143.141	-1.85456
21	-17.6196	-109.329	-0.0769337	-4.32258	-145.34	-2.00764
22	-17.2273	-110.243	-0.0842555	-4.07085	-147.492	-2.16279
23	-16.8535	-111.155	-0.0918868	-3.83867	-149.6	-2.31964
24	-16.4967	-112.067	-0.0998238	-3.62416	-151.664	-2.47785
25	-16.1555	-112.978	-0.108062	-3.42567	-153.684	-2.63711
26	-15.8287	-113.888	-0.116598	-3.24174	-155.664	-2.79713
27	-15.5154	-114.796	-0.125428	-3.07105	-157.603	-2.95766
28	-15.2144	-115.704	-0.134545	-2.91244	-159.504	-3.11846
29	-14.9251	-116.61	-0.143947	-2.76486	-161.367	-3.27933
30	-14.6466	-117.515	-0.153629	-2.62737	-163.194	-3.44006
31	-14.3782	-118.418	-0.163585	-2.49913	-164.987	-3.6005
32	-14.1194	-119.321	-0.17381	-2.37937	-166.746	-3.76049
33	-13.8696	-120.222	-0.1843	-2.26741	-168.472	-3.9199
34	-13.6282	-121.121	-0.19505	-2.16261	-170.168	-4.07861
35	-13.3949	-122.02	-0.206054	-2.06443	-171.834	-4.23653
36	-13.1691	-122.916	-0.217307	-1.97233	-173.471	-4.39355
37	-12.9505	-123.812	-0.228803	-1.88587	-175.081	-4.5496
38	-12.7388	-124.706	-0.240537	-1.80461	-176.665	-4.70462
39	-12.5335	-125.598	-0.252504	-1.72816	-178.223	-4.85854
40	-12.3344	-126.489	-0.264697	-1.65618	-179.757	-5.01131
41	-12.1412	-127.378	-0.277111	-1.58834	178.732	-5.1629
42	-11.9536	-128.266	-0.28974	-1.52435	177.244	-5.31326
43	-11.7714	-129.152	-0.302577	-1.46392	175.777	-5.46237
44	-11.5944	-130.036	-0.315619	-1.40683	174.33	-5.61021
45	-11.4222	-130.919	-0.328857	-1.35284	172.904	-5.75676
46	-11.2548	-131.8	-0.342286	-1.30173	171.496	-5.902
47	-11.092	-132.679	-0.3559	-1.25332	170.107	-6.04592
48	-10.9335	-133.557	-0.369692	-1.20743	168.735	-6.18853
49	-10.7792	-134.432	-0.383657	-1.16389	167.38	-6.32981
50	-10.6289	-135.306	-0.397788	-1.12256	166.041	-6.46976
51	-10.4825	-136.179	-0.412078	-1.0833	164.718	-6.6084
52	-10.3399	-137.049	-0.426522	-1.04597	163.41	-6.74571
53	-10.2009	-137.918	-0.441113	-1.01045	162.116	-6.88172
54	-10.0653	-138.785	-0.455844	-0.976646	160.836	-7.01642
55	-9.93319	-139.65	-0.47071	-0.94444	159.57	-7.14982
56	-9.8043	-140.513	-0.485703	-0.913742	158.317	-7.28195
57	-9.67857	-141.374	-0.500818	-0.884462	157.076	-7.41279
58	-9.55589	-142.234	-0.516047	-0.856519	155.847	-7.54238
59	-9.43617	-143.091	-0.531384	-0.829835	154.629	-7.67072
60	-9.31932	-143.947	-0.546823	-0.80434	153.423	-7.79783
61	-9.20525	-144.801	-0.562357	-0.779967	152.227	-7.92372
62	-9.09388	-145.653	-0.57798	-0.756653	151.042	-8.04841
63	-8.98512	-146.503	-0.593685	-0.734341	149.867	-8.1719
64	-8.87891	-147.351	-0.609466	-0.712977	148.702	-8.29422
65	-8.77516	-148.197	-0.625315	-0.692509	147.546	-8.41539
66	-8.67382	-149.041	-0.641228	-0.672891	146.4	-8.5354
67	-8.57481	-149.884	-0.657196	-0.654078	145.262	-8.6543
68	-8.47808	-150.724	-0.673214	-0.636028	144.132	-8.77208
69	-8.38355	-151.563	-0.689275	-0.618702	143.011	-8.88876
70	-8.29118	-152.399	-0.705373	-0.602065	141.899	-9.00436
71	-8.2009	-153.234	-0.721502	-0.58608	140.793	-9.1189
72	-8.11267	-154.067	-0.737654	-0.570717	139.696	-9.23239
73	-8.02643	-154.898	-0.753824	-0.555944	138.605	-9.34485
74	-7.94213	-155.727	-0.770005	-0.541733	137.522	-9.45629
75	-7.85973	-156.554	-0.786191	-0.528057	136.446	-9.56672
76	-7.77918	-157.379	-0.802375	-0.51489	135.377	-9.67616
77	-7.70043	-158.203	-0.818552	-0.502209	134.314	-9.78463
78	-7.62345	-159.024	-0.834715	-0.489992	133.257	-9.89214
79	-7.54819	-159.844	-0.850858	-0.478216	132.207	-9.9987
80	-7.47461	-160.662	-0.866974	-0.466861	131.162	-10.1043
81	-7.40268	-161.478	-0.883059	-0.455909	130.124	-10.209
82	-7.33235	-162.292	-0.899104	-0.445341	129.091	-10.3129
83	-7.26361	-163.104	-0.915105	-0.435141	128.064	-10.4158
84	-7.1964	-163.915	-0.931055	-0.425293	127.042	-10.5178
85	-7.1307	-164.723	-0.946949	-0.41578	126.025	-10.619
86	-7.06648	-165.53	-0.96278	-0.406589	125.014	-10.7193
87	-7.0037	-166.336	-0.978543	-0.397706	124.008	-10.8188
88	-6.94234	-167.139	-0.994231	-0.389118	123.006	-10.9174
89	-6.88236	-167.941	-1.00984	-0.380812	122.01	-11.0152
90	-6.82375	-168.741	-1.02536	-0.372778	121.018	-11.1123
91	-6.76647	-169.539	-1.04079	-0.365002	120.031	-11.2085
92	-6.71051	-170.335	-1.05613	-0.357476	119.048	-11.3039
93	-6.65582	-171.13	-1.07136	-0.350189	118.069	-11.3986
94	-6.6024	-171.923	-1.08648	-0.343132	117.095	-11.4925
95	-6.55021	-172.715	-1.10148	-0.336295	116.125	-11.5856
96	-6.49925	-173.505	-1.11637	-0.329669	115.159	-11.678
97	-6.44947	-174.293	-1.13113	-0.323247	114.198	-11.7697
98	-6.40087	-175.08	-1.14576	-0.31702	113.24	-11.8607
99	-6.35342	-175.865	-1.16026	-0.310981	112.286	-11.9509
100	-6.30711	-176.649	-1.17461	-0.305124	111.335	-12.0404
101	-6.26191	-177.431	-1.18882	-0.29944	110.389	-12.1293
102	-6.21781	-178.211	-1.20288	-0.293923	109.446	-12.2174
103	-6.17479	-178.991	-1.21677	-0.288568	108.507	-12.3049
104	-6.13284	-179.768	-1.23051	-0.283368	107.571	-12.3917
105	-6.09193	179.455	-1.24407	-0.278318	106.638	-12.4778
106	-6.05206	178.681	-1.25747	-0.273411	105.709	-12.5633
107	-6.0132	177.907	-1.27069	-0.268644	104.783	-12.6481
108	-5.97535	177.135	-1.28372	-0.264011	103.861	-12.7323
109	-5.93849	176.364	-1.29657	-0.259507	102.941	-12.8159
110	-5.9026	175.595	-1.30922	-0.255127	102.025	-12.8988
111	-5.86768	174.826	-1.32168	-0.250868	101.112	-12.9811
112	-5.8337	174.059	-1.33393	-0.246725	100.202	-13.0628
113	-5.80067	173.294	-1.34597	-0.242694	99.2943	-13.1439
114	-5.76857	172.529	-1.35781	-0.238772	98.3899	-13.2244
115	-5.73738	171.765	-1.36943	-0.234954	97.4884	-13.3043
116	-5.7071	171.003	-1.38082	-0.231237	96.5898	-13.3837
117	-5.67772	170.242	-1.39199	-0.227617	95.6939	-13.4624
118	-5.64923	169.482	-1.40293	-0.224093	94.8007	-13.5406
119	-5.62161	168.723	-1.41363	-0.220659	93.9101	-13.6182
120	-5.59487	167.965	-1.4241	-0.217314	93.0222	-13.6952
121	-5.56899	167.208	-1.43432	-0.214054	92.1369	-13.7717
122	-5.54397	166.451	-1.44429	-0.210877	91.2542	-13.8477
123	-5.51979	165.696	-1.45401	-0.207779	90.3739	-13.923
124	-5.49646	164.942	-1.46347	-0.20476	89.4961	-13.9979
125	-5.47396	164.188	-1.47266	-0.201815	88.6207	-14.0722
126	-5.45229	163.436	-1.4816	-0.198943	87.7478	-14.146
127	-5.43144	162.684	-1.49026	-0.196141	86.8771	-14.2193
128	-5.41142	161.932	-1.49865	-0.193407	86.0088	-14.292
129	-5.3922	161.182	-1.50675	-0.19074	85.1428	-14.3642
130	-5.3738	160.432	-1.51458	-0.188136	84.279	-14.4359
131	-5.35621	159.683	-1.52212	-0.185594	83.4175	-14.5071
132	-5.33941	158.934	-1.52936	-0.183113	82.5581	-14.5778
133	-5.32342	158.186	-1.53632	-0.18069	81.7009	-14.648
134	-5.30823	157.439	-1.54297	-0.178323	80.8457	-14.7177
135	-5.29383	156.692	-1.54932	-0.176012	79.9927	-14.7869
136	-5.28023	155.945	-1.55536	-0.173754	79.1417	-14.8556
137	-5.26741	155.199	-1.56109	-0.171547	78.2928	-14.9239
138	-5.2554	154.453	-1.56651	-0.169391	77.4458	-14.9916
139	-5.24417	153.707	-1.57161	-0.167283	76.6008	-15.0589
140	-5.23373	152.962	-1.57638	-0.165223	75.7578	-15.1257
141	-5.22409	152.217	-1.58083	-0.163209	74.9166	-15.1921
142	-5.21524	151.472	-1.58495	-0.16124	74.0774	-15.2579
143	-5.20719	150.727	-1.58874	-0.159314	73.24	-15.3233
144	-5.19993	149.983	-1.59219	-0.15743	72.4044	-15.3883
145	-5.19347	149.238	-1.5953	-0.155587	71.5707	-15.4528
146	-5.18782	148.494	-1.59807	-0.153784	70.7387	-15.5168
147	-5.18297	147.749	-1.60048	-0.15202	69.9084	-15.5804
148	-5.17893	147.004	-1.60255	-0.150293	69.0799	-15.6436
149	-5.1757	146.259	-1.60426	-0.148604	68.2531	-15.7063
150	-5.17329	145.514	-1.60562	-0.14695	67.428	-15.7685
151	-5.1717	144.769	-1.60661	-0.14533	66.6045	-15.8304
152	-5.17095	144.023	-1.60724	-0.143745	65.7827	-15.8917
153	-5.17103	143.277	-1.6075	-0.142192	64.9624	-15.9527
154	-5.17195	142.531	-1.6074	-0.140672	64.1438	-16.0132
155	-5.17373	141.784	-1.60691	-0.139182	63.3267	-16.0733
156	-5.17636	141.037	-1.60606	-0.137723	62.5111	-16.133
157	-5.17987	140.289	-1.60482	-0.136294	61.6971	-16.1922
158	-5.18425	139.54	-1.6032	-0.134893	60.8846	-16.2511
159	-5.18952	138.791	-1.6012	-0.13352	60.0735	-16.3095
160	-5.19568	138.041	-1.5988	-0.132175	59.2639	-16.3675
161	-5.20276	137.29	-1.59602	-0.130856	58.4557	-16.425
162	-5.21076	136.539	-1.59284	-0.129564	57.6489	-16.4822
163	-5.2197	135.786	-1.58927	-0.128296	56.8435	-16.539
164	-5.22958	135.033	-1.5853	-0.127054	56.0395	-16.5953
165	-5.24043	134.278	-1.58093	-0.125835	55.2369	-16.6513
166	-5.25226	133.523	-1.57616	-0.124641	54.4355	-16.7068
167	-5.26508	132.766	-1.57098	-0.123469	53.6355	-16.762
168	-5.27892	132.008	-1.5654	-0.122319	52.8368	-16.8167
169	-5.29378	131.248	-1.5594	-0.121191	52.0393	-16.871
170	-5.3097	130.488	-1.553	-0.120085	51.2431	-16.925
171	-5.32669	129.725	-1.54618	-0.118999	50.4481	-16.9786
172	-5.34477	128.962	-1.53895	-0.117934	49.6543	-17.0317
173	-5.36396	128.196	-1.5313	-0.116888	48.8617	-17.0845
174	-5.38429	127.429	-1.52324	-0.115862	48.0703	-17.1369
175	-5.40578	126.66	-1.51476	-0.114855	47.28	-17.1889
176	-5.42846	125.89	-1.50585	-0.113866	46.4909	-17.2406
177	-5.45235	125.117	-1.49653	-0.112895	45.7029	-17.2918
178	-5.47749	124.343	-1.48679	-0.111942	44.916	-17.3427
179	-5.5039	123.566	-1.47662	-0.111007	44.1302	-17.3932
180	-5.53162	122.787	-1.46604	-0.110088	43.3454	-17.4433
181	-5.56067	122.006	-1.45503	-0.109186	42.5617	-17.493
182	-5.5911	121.223	-1.44359	-0.108299	41.779	-17.5424
183	-5.62293	120.437	-1.43174	-0.107429	40.9973	-17.5914
184	-5.65622	119.649	-1.41946	-0.106574	40.2166	-17.64
185	-5.69099	118.858	-1.40676	-0.105734	39.4369	-17.6882
186	-5.72729	118.065	-1.39364	-0.104909	38.6582	-17.7361
187	-5.76517	117.268	-1.3801	-0.104099	37.8804	-17.7836
188	-5.80466	116.469	-1.36614	-0.103302	37.1035	-17.8308
189	-5.84583	115.667	-1.35177	-0.10252	36.3275	-17.8776
190	-5.88873	114.862	-1.33698	-0.101751	35.5525	-17.924
191	-5.93339	114.053	-1.32177	-0.100995	34.7783	-17.9701
192	-5.9799	113.242	-1.30616	-0.100253	34.0049	-18.0158
193	-6.02829	112.427	-1.29014	-0.099523	33.2324	-18.0611
194	-6.07865	111.608	-1.27372	-0.0988057	32.4607	-18.1061
195	-6.13102	110.786	-1.25689	-0.0981007	31.6899	-18.1508
196	-6.1855	109.96	-1.23967	-0.0974077	30.9198	-18.1951
197	-6.24214	109.13	-1.22205	-0.0967266	30.1505	-18.239
198	-6.30102	108.297	-1.20405	-0.0960569	29.3819	-18.2826
199	-6.36224	107.459	-1.18566	-0.0953987	28.6141	-18.3258
200	-6.42587	106.617	-1.1669	-0.0947515	27.847	-18.3687
201	-6.492	105.771	-1.14776	-0.0941153	27.0807	-18.4113
202	-6.56074	104.92	-1.12827	-0.0934898	26.315	-18.4535
203	-6.63219	104.065	-1.10841	-0.0928748	25.55	-18.4953
204	-6.70645	103.206	-1.08821	-0.0922702	24.7857	-18.5369
205	-6.78365	102.341	-1.06766	-0.0916756	24.022	-18.578
206	-6.86389	101.472	-1.04679	-0.0910911	23.259	-18.6189
207	-6.94732	100.598	-1.02559	-0.0905163	22.4966	-18.6594
208	-7.03406	99.718	-1.00408	-0.0899511	21.7347	-18.6995
209	-7.12427	98.8332	-0.982269	-0.0893953	20.9735	-18.7393
210	-7.21809	97.9431	-0.96017	-0.0888488	20.2128	-18.7788
211	-7.3157	97.0474	-0.937794	-0.0883115	19.4527	-18.818
212	-7.41726	96.146	-0.915154	-0.087783	18.6932	-18.8568
213	-7.52297	95.2389	-0.892266	-0.0872635	17.9341	-18.8953
214	-7.63303	94.3259	-0.869144	-0.0867525	17.1756	-18.9335
215	-7.74765	93.4068	-0.845804	-0.0862501	16.4176	-18.9713
216	-7.86705	92.4816	-0.822263	-0.0857561	15.66	-19.0088
217	-7.99149	91.5501	-0.798538	-0.0852703	14.9029	-19.046
218	-8.12122	90.6122	-0.77465	-0.0847927	14.1463	-19.0828
219	-8.25654	89.6678	-0.750616	-0.084323	13.3901	-19.1193
220	-8.39774	88.7167	-0.72646	-0.0838613	12.6343	-19.1555
221	-8.54515	87.7589	-0.702201	-0.0834073	11.8789	-19.1914
222	-8.69914	86.7943	-0.677865	-0.0829609	11.124	-19.227
223	-8.86008	85.8227	-0.653476	-0.082522	10.3694	-19.2622
224	-9.0284	84.844	-0.629059	-0.0820906	9.61512	-19.2972
225	-9.20454	83.8582	-0.604641	-0.0816664	8.86123	-19.3318
226	-9.38901	82.8652	-0.58025	-0.0812495	8.10767	-19.366
227	-9.58234	81.8649	-0.555917	-0.0808396	7.35443	-19.4
228	-9.78514	80.8573	-0.531673	-0.0804368	6.6015	-19.4337
229	-9.99806	79.8423	-0.507549	-0.0800408	5.84886	-19.467
230	-10.2218	78.8199	-0.48358	-0.0796517	5.09649	-19.5001
231	-10.4572	77.7901	-0.459801	-0.0792693	4.34439	-19.5328
232	-10.7051	76.753	-0.436249	-0.0788935	3.59253	-19.5652
233	-10.9665	75.7085	-0.412962	-0.0785243	2.84091	-19.5973
234	-11.2426	74.6567	-0.38998	-0.0781615	2.08951	-19.6291
235	-11.5345	73.5979	-0.367346	-0.0778052	1.33831	-19.6606
236	-11.8436	72.5321	-0.3451	-0.0774551	0.587309	-19.6918
237	-12.1717	71.4597	-0.323289	-0.0771112	-0.163517	-19.7227
238	-12.5205	70.3808	-0.301958	-0.0767735	-0.91418	-19.7533
239	-12.8921	69.296	-0.281155	-0.0764419	-1.66469	-19.7835
240	-13.289	68.2058	-0.260929	-0.0761163	-2.41507	-19.8135
241	-13.714	67.1108	-0.24133	-0.0757966	-3.16532	-19.8432
242	-14.1707	66.012	-0.222411	-0.0754828	-3.91547	-19.8726
243	-14.6629	64.9104	-0.204224	-0.0751748	-4.66552	-19.9017
244	-15.1956	63.8076	-0.186825	-0.0748725	-5.41548	-19.9305
245	-15.7747	62.7056	-0.17027	-0.074576	-6.16538	-19.959
246	-16.4078	61.607	-0.154616	-0.074285	-6.91523	-19.9872
247	-17.1041	60.5154	-0.139921	-0.0739996	-7.66504	-20.0151
248	-17.8757	59.4361	-0.126245	-0.0737197	-8.41481	-20.0427
249	-18.7385	58.3765	-0.113648	-0.0734453	-9.16458	-20.07
250	-19.7142	57.3478	-0.102192	-0.0731763	-9.91434	-20.0971
251	-20.8332	56.368	-0.0919372	-0.0729126	-10.6641	-20.1238
252	-22.1404	55.4669	-0.0829473	-0.0726542	-11.4139	-20.1503
253	-23.706	54.6992	-0.0752847	-0.0724011	-12.1638	-20.1765
254	-25.6484	54.1758	-0.0690121	-0.0721532	-12.9137	-20.2024
255	-28.1934	54.1622	-0.0641926	-0.0719104	-13.6636	-20.228
256	-31.8577	55.4905	-0.0608887	-0.0716728	-14.4137	-20.2534
257	-38.3229	62.7162	-0.059163	-0.0714402	-15.1638	-20.2784
258	-47.9594	168.247	-0.059077	-0.0712126	-15.914	-20.3032
259	-35.6447	-147.695	-0.0606917	-0.07099	-16.6644	-20.3277
260	-30.3138	-143.594	-0.0640669	-0.0707724	-17.4149	-20.3519
261	-26.9862	-142.898	-0.0692611	-0.0705597	-18.1655	-20.3759
262	-24.5616	-143.176	-0.0763314	-0.0703518	-18.9163	-20.3996
263	-22.6515	-143.867	-0.0853331	-0.0701488	-19.6672	-20.423
264	-21.0744	-144.773	-0.0963192	-0.0699505	-20.4184	-20.4461
265	-19.7307	-145.807	-0.109341	-0.069757	-21.1697	-20.469
266	-18.56	-146.923	-0.124446	-0.0695683	-21.9212	-20.4915
267	-17.5229	-148.096	-0.141681	-0.0693842	-22.673	-20.5139
268	-16.5921	-149.311	-0.161088	-0.0692048	-23.425	-20.5359
269	-15.7483	-150.555	-0.182706	-0.06903	-24.1772	-20.5577
270	-14.9768	-151.824	-0.206572	-0.0688599	-24.9297	-20.5793
271	-14.2668	-153.111	-0.232718	-0.0686943	-25.6824	-20.6005
272	-13.6095	-154.413	-0.261173	-0.0685332	-26.4355	-20.6215
273	-12.9982	-155.727	-0.291961	-0.0683767	-27.1888	-20.6423
274	-12.4273	-157.05	-0.325103	-0.0682247	-27.9425	-20.6628
275	-11.8923	-158.381	-0.360615	-0.0680771	-28.6964	-20.683
276	-11.3895	-159.717	-0.39851	-0.0679339	-29.4507	-20.703
277	-10.9155	-161.058	-0.438796	-0.0677952	-30.2053	-20.7227
278	-10.4679	-162.402	-0.481475	-0.0676609	-30.9603	-20.7422
279	-10.0443	-163.749	-0.526546	-0.0675309	-31.7157	-20.7614
280	-9.64266	-165.096	-0.574004	-0.0674053	-32.4714	-20.7804
281	-9.26131	-166.443	-0.62384	-0.067284	-33.2275	-20.7991
282	-8.89873	-167.79	-0.676038	-0.067167	-33.984	-20.8176
283	-8.55359	-169.135	-0.73058	-0.0670543	-34.741	-20.8358
284	-8.22469	-170.477	-0.787444	-0.0669458	-35.4983	-20.8538
285	-7.91099	-171.817	-0.846603	-0.0668416	-36.2561	-20.8715
286	-7.61153	-173.153	-0.908025	-0.0667417	-37.0143	-20.889
287	-7.32545	-174.484	-0.971678	-0.0666459	-37.773	-20.9063
288	-7.05198	-175.81	-1.03752	-0.0665543	-38.5322	-20.9233
289	-6.79041	-177.131	-1.10552	-0.0664669	-39.2919	-20.9401
290	-6.54009	-178.446	-1.17562	-0.0663836	-40.052	-20.9566
291	-6.30042	-179.754	-1.24778	-0.0663045	-40.8126	-20.973
292	-6.07086	178.946	-1.32195	-0.0662295	-41.5738	-20.989
293	-5.8509	177.653	-1.39808	-0.0661586	-42.3355	-21.0049
294	-5.64006	176.368	-1.47611	-0.0660918	-43.0977	-21.0205
295	-5.4379	175.091	-1.55599	-0.0660291	-43.8605	-21.0359
296	-5.24402	173.823	-1.63766	-0.0659705	-44.6238	-21.0511
297	-5.05802	172.564	-1.72106	-0.0659159	-45.3877	-21.066
298	-4.87954	171.315	-1.80612	-0.0658653	-46.1522	-21.0807
299	-4.70825	170.076	-1.8928	-0.0658187	-46.9173	-21.0952
300	-4.54382	168.846	-1.98101	-0.0657762	-47.6829	-21.1095
301	-4.38595	167.627	-2.07071	-0.0657376	-48.4492	-21.1235
302	-4.23436	166.418	-2.16183	-0.0657031	-49.2161	-21.1374
303	-4.08875	165.22	-2.25431	-0.0656725	-49.9836	-21.151
304	-3.94889	164.033	-2.34807	-0.0656458	-50.7518	-21.1644
305	-3.81453	162.857	-2.44307	-0.0656231	-51.5206	-21.1776
306	-3.68542	161.691	-2.53923	-0.0656044	-52.2901	-21.1906
307	-3.56135	160.537	-2.6365	-0.0655895	-53.0603	-21.2034
308	-3.44211	159.395	-2.73482	-0.0655786	-53.8311	-21.2159
309	-3.32748	158.264	-2.83411	-0.0655716	-54.6026	-21.2283
310	-3.21729	157.144	-2.93434	-0.0655684	-55.3749	-21.2404
311	-3.11134	156.035	-3.03542	-0.0655692	-56.1478	-21.2524
312	-3.00946	154.938	-3.13732	-0.0655738	-56.9215	-21.2642
313	-2.91148	153.853	-3.23997	-0.0655823	-57.6958	-21.2757
314	-2.81723	152.779	-3.34333	-0.0655946	-58.471	-21.2871
315	-2.72657	151.716	-3.44732	-0.0656107	-59.2468	-21.2982
316	-2.63935	150.665	-3.55191	-0.0656307	-60.0234	-21.3092
317	-2.55542	149.625	-3.65705	-0.0656545	-60.8008	-21.32
318	-2.47464	148.596	-3.76268	-0.0656821	-61.579	-21.3306
319	-2.3969	147.579	-3.86876	-0.0657135	-62.3579	-21.341
320	-2.32207	146.572	-3.97524	-0.0657486	-63.1377	-21.3512
321	-2.25002	145.577	-4.08208	-0.0657876	-63.9182	-21.3612
322	-2.18065	144.592	-4.18923	-0.0658303	-64.6995	-21.3711
323	-2.11384	143.619	-4.29666	-0.0658768	-65.4817	-21.3807
324	-2.0495	142.656	-4.40432	-0.065927	-66.2646	-21.3902
325	-1.98751	141.703	-4.51218	-0.0659809	-67.0484	-21.3995
326	-1.92779	140.761	-4.6202	-0.0660386	-67.8331	-21.4087
327	-1.87025	139.83	-4.72835	-0.0660999	-68.6186	-21.4176
328	-1.81479	138.909	-4.83659	-0.066165	-69.4049	-21.4264
329	-1.76133	137.997	-4.94488	-0.0662338	-70.1921	-21.435
330	-1.7098	137.096	-5.0532	-0.0663062	-70.9802	-21.4435
331	-1.66011	136.205	-5.16153	-0.0663823	-71.7691	-21.4518
332	-1.61219	135.323	-5.26982	-0.0664621	-72.5589	-21.4599
333	-1.56598	134.45	-5.37806	-0.0665455	-73.3496	-21.4679
334	-1.5214	133.588	-5.48621	-0.0666325	-74.1413	-21.4757
335	-1.47838	132.734	-5.59426	-0.0667231	-74.9338	-21.4833
336	-1.43688	131.889	-5.70218	-0.0668174	-75.7272	-21.4908
337	-1.39682	131.054	-5.80995	-0.0669153	-76.5215	-21.4981
338	-1.35815	130.227	-5.91754	-0.0670167	-77.3168	-21.5053
339	-1.32082	129.409	-6.02494	-0.0671217	-78.113	-21.5123
340	-1.28477	128.599	-6.13214	-0.0672303	-78.9101	-21.5192
341	-1.24995	127.798	-6.2391	-0.0673424	-79.7082	-21.5259
342	-1.21632	127.005	-6.34581	-0.067458	-80.5072	-21.5325
343	-1.18383	126.22	-6.45227	-0.0675772	-81.3072	-21.539
344	-1.15244	125.443	-6.55844	-0.0676999	-82.1081	-21.5453
345	-1.1221	124.674	-6.66433	-0.067826	-82.91	-21.5515
346	-1.09277	123.913	-6.76991	-0.0679556	-83.7128	-21.5575
347	-1.06442	123.159	-6.87517	-0.0680887	-84.5166	-21.5634
348	-1.037	122.412	-6.9801	-0.0682253	-85.3214	-21.5692
349	-1.01049	121.673	-7.08469	-0.0683652	-86.1272	-21.5748
350	-0.984842	120.941	-7.18893	-0.0685086	-86.934	-21.5803
351	-0.960032	120.216	-7.29281	-0.0686553	-87.7417	-21.5857
352	-0.936025	119.498	-7.39632	-0.0688055	-88.5505	-21.591
353	-0.912791	118.787	-7.49944	-0.068959	-89.3602	-21.5961
354	-0.890303	118.082	-7.60218	-0.0691158	-90.1709	-21.6011
355	-0.868532	117.384	-7.70453	-0.069276	-90.9827	-21.6061
356	-0.847453	116.692	-7.80647	-0.0694395	-91.7955	-21.6108
357	-0.827038	116.006	-7.90801	-0.0696062	-92.6092	-21.6155
358	-0.807265	115.327	-8.00912	-0.0697762	-93.424	-21.6201
359	-0.78811	114.653	-8.10982	-0.0699495	-94.2398	-21.6246
360	-0.76955	113.986	-8.2101	-0.070126	-95.0566	-21.6289
361	-0.751564	113.324	-8.30994	-0.0703057	-95.8745	-21.6332
362	-0.734131	112.669	-8.40935	-0.0704886	-96.6933	-21.6373
363	-0.717231	112.018	-8.50831	-0.0706747	-97.5132	-21.6414
364	-0.700846	111.374	-8.60684	-0.0708639	-98.3341	-21.6453
365	-0.684957	110.734	-8.70492	-0.0710562	-99.1561	-21.6492
366	-0.669546	110.1	-8.80255	-0.0712517	-99.9791	-21.653
367	-0.654598	109.471	-8.89973	-0.0714501	-100.803	-21.6566
368	-0.640094	108.848	-8.99645	-0.0716517	-101.628	-21.6602
369	-0.626021	108.229	-9.09272	-0.0718562	-102.454	-21.6637
370	-0.612363	107.615	-9.18853	-0.0720638	-103.281	-21.6672
371	-0.599105	107.007	-9.28387	-0.0722743	-104.109	-21.6705
372	-0.586234	106.402	-9.37876	-0.0724878	-104.939	-21.6738
373	-0.573737	105.803	-9.47318	-0.0727042	-105.769	-21.677
374	-0.561601	105.208	-9.56714	-0.0729235	-106.6	-21.6801
375	-0.549813	104.618	-9.66063	-0.0731456	-107.432	-21.6831
376	-0.538362	104.032	-9.75366	-0.0733706	-108.266	-21.6861
377	-0.527237	103.45	-9.84622	-0.0735984	-109.1	-21.689
378	-0.516426	102.873	-9.93831	-0.0738289	-109.936	-21.6918
379	-0.50592	102.3	-10.0299	-0.0740622	-110.772	-21.6946
380	-0.495707	101.731	-10.1211	-0.0742982	-111.609	-21.6973
381	-0.485779	101.166	-10.2118	-0.0745369	-112.448	-21.6999
382	-0.476126	100.605	-10.302	-0.0747783	-113.287	-21.7025
383	-0.466738	100.047	-10.3918	-0.0750222	-114.128	-21.7051
384	-0.457608	99.4941	-10.4811	-0.0752688	-114.97	-21.7076
385	-0.448727	98.9446	-10.5699	-0.0755179	-115.812	-21.71
386	-0.440087	98.3987	-10.6583	-0.0757695	-116.656	-21.7124
387	-0.43168	97.8565	-10.7462	-0.0760236	-117.5	-21.7147
388	-0.423499	97.3179	-10.8336	-0.0762801	-118.346	-21.717
389	-0.415536	96.7827	-10.9206	-0.076539	-119.193	-21.7193
390	-0.407785	96.2511	-11.0071	-0.0768003	-120.04	-21.7215
391	-0.400239	95.7228	-11.0931	-0.0770639	-120.889	-21.7237
392	-0.392892	95.1978	-11.1787	-0.0773299	-121.739	-21.7259
393	-0.385736	94.6761	-11.2638	-0.077598	-122.589	-21.728
394	-0.378767	94.1577	-11.3485	-0.0778684	-123.441	-21.7301
395	-0.371979	93.6424	-11.4327	-0.078141	-124.294	-21.7321
396	-0.365366	93.1302	-11.5165	-0.0784157	-125.147	-21.7342
397	-0.358922	92.6211	-11.5998	-0.0786925	-126.002	-21.7362
398	-0.352643	92.115	-11.6827	-0.0789713	-126.857	-21.7382
399	-0.346523	91.6119	-11.7651	-0.0792522	-127.714	-21.7402
400	-0.340558	91.1117	-11.847	-0.079535	-128.571	-21.7421
401	-0.334743	90.6143	-11.9285	-0.0798198	-129.43	-21.7441
402	-0.329074	90.1198	-12.0096	-0.0801064	-130.289	-21.746
403	-0.323546	89.6281	-12.0902	-0.0803948	-131.15	-21.7479
404	-0.318154	89.139	-12.1704	-0.0806851	-132.011	-21.7499
405	-0.312896	88.6527	-12.2501	-0.0809771	-132.873	-21.7518
406	-0.307766	88.169	-12.3294	-0.0812708	-133.736	-21.7537
407	-0.302762	87.6879	-12.4083	-0.0815661	-134.6	-21.7556
408	-0.29788	87.2094	-12.4867	-0.081863	-135.465	-21.7575
409	-0.293115	86.7334	-12.5647	-0.0821615	-136.331	-21.7594
410	-0.288466	86.2599	-12.6423	-0.0824616	-137.197	-21.7613
411	-0.283927	85.7888	-12.7194	-0.082763	-138.065	-21.7632
412	-0.279497	85.3201	-12.7961	-0.0830659	-138.934	-21.7652
413	-0.275172	84.8538	-12.8724	-0.0833701	-139.803	-21.7671
414	-0.270949	84.3899	-12.9482	-0.0836757	-140.673	-21.7691
415	-0.266825	83.9282	-13.0236	-0.0839825	-141.544	-21.771
416	-0.262798	83.4688	-13.0986	-0.0842905	-142.416	-21.773
417	-0.258864	83.0116	-13.1732	-0.0845996	-143.289	-21.775
418	-0.255022	82.5566	-13.2474	-0.0849099	-144.162	-21.7771
419	-0.251268	82.1037	-13.3211	-0.0852212	-145.036	-21.7791
420	-0.247601	81.653	-13.3945	-0.0855336	-145.911	-21.7812
421	-0.244017	81.2044	-13.4674	-0.0858469	-146.787	-21.7833
422	-0.240515	80.7579	-13.5399	-0.086161	-147.664	-21.7854
423	-0.237092	80.3134	-13.612	-0.0864761	-148.541	-21.7876
424	-0.233746	79.8708	-13.6837	-0.0867919	-149.42	-21.7898
425	-0.230475	79.4303	-13.755	-0.0871084	-150.299	-21.792
426	-0.227278	78.9917	-13.8258	-0.0874256	-151.178	-21.7943
427	-0.224151	78.5551	-13.8963	-0.0877435	-152.059	-21.7966
428	-0.221094	78.1203	-13.9664	-0.0880619	-152.94	-21.7989
429	-0.218104	77.6874	-14.0361	-0.0883808	-153.822	-21.8013
430	-0.21518	77.2563	-14.1054	-0.0887002	-154.704	-21.8037
431	-0.21232	76.8271	-14.1743	-0.0890201	-155.587	-21.8062
432	-0.209521	76.3996	-14.2427	-0.0893402	-156.471	-21.8087
433	-0.206784	75.9739	-14.3108	-0.0896607	-157.355	-21.8112
434	-0.204105	75.5499	-14.3786	-0.0899814	-158.241	-21.8138
435	-0.201484	75.1276	-14.4459	-0.0903023	-159.126	-21.8165
436	-0.198919	74.707	-14.5128	-0.0906233	-160.013	-21.8192
437	-0.196409	74.2881	-14.5794	-0.0909444	-160.9	-21.822
438	-0.193951	73.8709	-14.6455	-0.0912655	-161.787	-21.8248
439	-0.191546	73.4552	-14.7113	-0.0915866	-162.675	-21.8277
440	-0.189191	73.0411	-14.7767	-0.0919075	-163.564	-21.8306
441	-0.186885	72.6287	-14.8417	-0.0922284	-164.453	-21.8336
442	-0.184628	72.2177	-14.9064	-0.092549	-165.343	-21.8366
443	-0.182417	71.8083	-14.9707	-0.0928694	-166.233	-21.8397
444	-0.180252	71.4005	-15.0346	-0.0931894	-167.124	-21.8429
445	-0.178132	70.9941	-15.0981	-0.0935091	-168.015	-21.8462
446	-0.176055	70.5891	-15.1613	-0.0938284	-168.907	-21.8495
447	-0.17402	70.1857	-15.224	-0.0941472	-169.799	-21.8528
448	-0.172027	69.7836	-15.2865	-0.0944654	-170.692	-21.8563
449	-0.170074	69.383	-15.3485	-0.0947831	-171.585	-21.8598
450	-0.16816	68.9838	-15.4102	-0.0951001	-172.478	-21.8634
451	-0.166285	68.5859	-15.4715	-0.0954165	-173.372	-21.867
452	-0.164448	68.1894	-15.5325	-0.095732	-174.266	-21.8707
453	-0.162647	67.7943	-15.5931	-0.0960468	-175.161	-21.8745
454	-0.160882	67.4004	-15.6533	-0.0963608	-176.056	-21.8784
455	-0.159151	67.0079	-15.7132	-0.0966738	-176.951	-21.8824
456	-0.157455	66.6167	-15.7728	-0.0969859	-177.847	-21.8864
457	-0.155792	66.2267	-15.832	-0.0972969	-178.743	-21.8905
458	-0.154162	65.838	-15.8908	-0.0976069	-179.639	-21.8946
459	-0.152563	65.4505	-15.9493	-0.0979158	179.465	-21.8989
460	-0.150995	65.0643	-16.0074	-0.0982235	178.568	-21.9032
461	-0.149458	64.6793	-16.0652	-0.0985301	177.671	-21.9076
462	-0.14795	64.2954	-16.1226	-0.0988353	176.773	-21.9121
463	-0.146472	63.9127	-16.1797	-0.0991393	175.876	-21.9167
464	-0.145021	63.5312	-16.2364	-0.0994419	174.978	-21.9214
465	-0.143598	63.1509	-16.2928	-0.0997431	174.08	-21.9261
466	-0.142202	62.7717	-16.3489	-0.100043	173.182	-21.9309
467	-0.140833	62.3936	-16.4046	-0.100341	172.284	-21.9358
468	-0.139489	62.0166	-16.46	-0.100638	171.386	-21.9408
469	-0.138171	61.6407	-16.515	-0.100933	170.487	-21.9459
470	-0.136877	61.2659	-16.5697	-0.101226	169.589	-21.951
471	-0.135607	60.8921	-16.624	-0.101518	168.69	-21.9563
472	-0.134361	60.5194	-16.6781	-0.101808	167.792	-21.9616
473	-0.133138	60.1477	-16.7318	-0.102097	166.893	-21.967
474	-0.131938	59.7771	-16.7851	-0.102383	165.994	-21.9725
475	-0.13076	59.4075	-16.8382	-0.102668	165.095	-21.978
476	-0.129603	59.0388	-16.8909	-0.102951	164.196	-21.9837
477	-0.128468	58.6712	-16.9432	-0.103232	163.298	-21.9895
478	-0.127353	58.3045	-16.9953	-0.103511	162.399	-21.9953
479	-0.126258	57.9388	-17.047	-0.103788	161.5	-22.0012
480	-0.125184	57.5741	-17.0984	-0.104063	160.601	-22.0072
481	-0.124128	57.2103	-17.1495	-0.104336	159.703	-22.0133
482	-0.123092	56.8474	-17.2002	-0.104607	158.804	-22.0195
483	-0.122075	56.4854	-17.2507	-0.104876	157.906	-22.0257
484	-0.121075	56.1244	-17.3008	-0.105142	157.007	-22.0321
485	-0.120094	55.7642	-17.3506	-0.105407	156.109	-22.0385
486	-0.119129	55.405	-17.4	-0.105669	155.211	-22.045
487	-0.118182	55.0466	-17.4492	-0.105929	154.313	-22.0516
488	-0.117252	54.689	-17.498	-0.106187	153.415	-22.0583
489	-0.116338	54.3324	-17.5465	-0.106442	152.518	-22.065
490	-0.115441	53.9765	-17.5947	-0.106695	151.62	-22.0719
491	-0.114559	53.6215	-17.6426	-0.106946	150.723	-22.0788
492	-0.113692	53.2673	-17.6902	-0.107195	149.826	-22.0858
493	-0.112841	52.914	-17.7375	-0.107441	148.93	-22.0929
494	-0.112004	52.5614	-17.7844	-0.107684	148.033	-22.1
495	-0.111182	52.2096	-17.8311	-0.107925	147.137	-22.1073
496	-0.110375	51.8586	-17.8774	-0.108164	146.241	-22.1146
497	-0.109581	51.5084	-17.9234	-0.1084	145.346	-22.122
498	-0.108801	51.159	-17.9692	-0.108634	144.451	-22.1295
499	-0.108034	50.8103	-18.0146	-0.108865	143.556	-22.137
500	-0.107281	50.4623	-18.0597	-0.109094	142.661	-22.1446
501	-0.10654	50.1151	-18.1045	-0.10932	141.767	-22.1524
502	-0.105813	49.7686	-18.149	-0.109544	140.873	-22.1601
503	-0.105097	49.4229	-18.1932	-0.109765	139.98	-22.168
504	-0.104394	49.0778	-18.2371	-0.109984	139.087	-22.1759
505	-0.103703	48.7334	-18.2807	-0.1102	138.194	-22.1839
506	-0.103023	48.3898	-18.324	-0.110413	137.302	-22.192
507	-0.102355	48.0468	-18.367	-0.110624	136.411	-22.2001
508	-0.101699	47.7045	-18.4097	-0.110832	135.519	-22.2083
509	-0.101053	47.3629	-18.4521	-0.111038	134.628	-22.2165
510	-0.100419	47.0219	-18.4942	-0.111241	133.738	-22.2249
511	-0.0997948	46.6816	-18.536	-0.111441	132.848	-22.2333
512	-0.0991814	46.3419	-18.5775	-0.111639	131.959	-22.2417
513	-0.0985783	46.0028	-18.6187	-0.111835	131.07	-22.2502
514	-0.0979853	45.6644	-18.6597	-0.112027	130.182	-22.2588
515	-0.0974023	45.3266	-18.7003	-0.112217	129.294	-22.2674
516	-0.096829	44.9895	-18.7406	-0.112405	128.407	-22.2761
517	-0.0962654	44.6529	-18.7807	-0.11259	127.52	-22.2849
518	-0.0957111	44.3169	-18.8204	-0.112772	126.634	-22.2937
519	-0.0951662	43.9815	-18.8599	-0.112951	125.748	-22.3025
520	-0.0946303	43.6467	-18.8991	-0.113129	124.864	-22.3114
521	-0.0941034	43.3125	-18.938	-0.113303	123.979	-22.3204
522	-0.0935852	42.9788	-18.9766	-0.113475	123.095	-22.3294
523	-0.0930757	42.6457	-19.0149	-0.113645	122.212	-22.3384
524	-0.0925747	42.3131	-19.0529	-0.113811	121.33	-22.3475
525	-0.0920821	41.9811	-19.0906	-0.113976	120.448	-22.3566
526	-0.0915976	41.6497	-19.1281	-0.114138	119.566	-22.3658
527	-0.0911212	41.3187	-19.1653	-0.114297	118.686	-22.375
528	-0.0906528	40.9883	-19.2021	-0.114454	117.806	-22.3843
529	-0.0901921	40.6584	-19.2387	-0.114608	116.927	-22.3936
530	-0.0897392	40.329	-19.2751	-0.11476	116.048	-22.4029
531	-0.0892938	40.0001	-19.3111	-0.11491	115.17	-22.4122
532	-0.0888558	39.6718	-19.3468	-0.115057	114.293	-22.4216
533	-0.0884251	39.3439	-19.3823	-0.115202	113.416	-22.431
534	-0.0880016	39.0165	-19.4175	-0.115344	112.54	-22.4405
535	-0.0875852	38.6895	-19.4524	-0.115485	111.665	-22.4499
536	-0.0871758	38.3631	-19.487	-0.115622	110.79	-22.4594
537	-0.0867733	38.0371	-19.5214	-0.115758	109.917	-22.4689
538	-0.0863774	37.7115	-19.5554	-0.115891	109.044	-22.4784
539	-0.0859883	37.3865	-19.5892	-0.116022	108.171	-22.488
540	-0.0856057	37.0618	-19.6227	-0.116151	107.3	-22.4975
541	-0.0852295	36.7376	-19.656	-0.116278	106.429	-22.5071
542	-0.0848597	36.4139	-19.6889	-0.116402	105.559	-22.5167
543	-0.0844961	36.0905	-19.7216	-0.116524	104.689	-22.5263
544	-0.0841387	35.7676	-19.754	-0.116645	103.82	-22.5359
545	-0.0837874	35.4451	-19.7861	-0.116763	102.953	-22.5455
546	-0.083442	35.123	-19.818	-0.116879	102.085	-22.5551
547	-0.0831026	34.8013	-19.8495	-0.116993	101.219	-22.5647
548	-0.082769	34.48	-19.8808	-0.117106	100.353	-22.5743
549	-0.0824411	34.1591	-19.9119	-0.117216	99.4885	-22.5839
550	-0.0821188	33.8386	-19.9426	-0.117324	98.6244	-22.5934
551	-0.0818021	33.5184	-19.9731	-0.117431	97.7611	-22.603
552	-0.0814909	33.1987	-20.0033	-0.117536	96.8985	-22.6126
553	-0.0811852	32.8793	-20.0332	-0.117639	96.0367	-22.6221
554	-0.0808847	32.5602	-20.0629	-0.11774	95.1756	-22.6317
555	-0.0805896	32.2415	-20.0923	-0.11784	94.3154	-22.6412
556	-0.0802996	31.9232	-20.1214	-0.117937	93.4559	-22.6507
557	-0.0800148	31.6052	-20.1503	-0.118034	92.5972	-22.6602
558	-0.0797351	31.2875	-20.1788	-0.118129	91.7392	-22.6696
559	-0.0794603	30.9702	-20.2071	-0.118222	90.882	-22.679
560	-0.0791905	30.6532	-20.2352	-0.118314	90.0256	-22.6884
561	-0.0789256	30.3365	-20.2629	-0.118404	89.17	-22.6978
562	-0.0786655	30.0202	-20.2904	-0.118493	88.3151	-22.7071
563	-0.0784101	29.7041	-20.3177	-0.11858	87.461	-22.7164
564	-0.0781594	29.3884	-20.3446	-0.118667	86.6077	-22.7257
565	-0.0779134	29.0729	-20.3713	-0.118752	85.7552	-22.7349
566	-0.077672	28.7577	-20.3977	-0.118835	84.9034	-22.744
567	-0.0774351	28.4429	-20.4239	-0.118918	84.0523	-22.7532
568	-0.0772026	28.1283	-20.4498	-0.119	83.202	-22.7622
569	-0.0769746	27.814	-20.4754	-0.11908	82.3525	-22.7713
570	-0.076751	27.4999	-20.5007	-0.11916	81.5037	-22.7802
571	-0.0765317	27.1861	-20.5258	-0.119238	80.6557	-22.7891
572	-0.0763167	26.8726	-20.5506	-0.119316	79.8084	-22.798
573	-0.0761059	26.5593	-20.5752	-0.119392	78.9619	-22.8068
574	-0.0758994	26.2463	-20.5995	-0.119468	78.1161	-22.8155
575	-0.0756969	25.9335	-20.6235	-0.119544	77.271	-22.8242
576	-0.0754986	25.621	-20.6472	-0.119618	76.4266	-22.8328
577	-0.0753044	25.3086	-20.6707	-0.119692	75.583	-22.8413
578	-0.0751141	24.9965	-20.6939	-0.119765	74.7401	-22.8497
579	-0.0749279	24.6847	-20.7169	-0.119838	73.8979	-22.8581
580	-0.0747456	24.373	-20.7396	-0.11991	73.0564	-22.8664
581	-0.0745672	24.0616	-20.762	-0.119982	72.2156	-22.8746
582	-0.0743927	23.7503	-20.7842	-0.120054	71.3754	-22.8828
583	-0.074222	23.4393	-20.806	-0.120125	70.536	-22.8908
584	-0.0740551	23.1284	-20.8277	-0.120196	69.6972	-22.8988
585	-0.073892	22.8177	-20.849	-0.120267	68.8591	-22.9067
586	-0.0737326	22.5073	-20.8701	-0.120337	68.0217	-22.9145
587	-0.073577	22.1969	-20.891	-0.120408	67.1849	-22.9222
588	-0.073425	21.8868	-20.9115	-0.120479	66.3488	-22.9297
589	-0.0732767	21.5768	-20.9318	-0.120549	65.5133	-22.9372
590	-0.073132	21.267	-20.9519	-0.12062	64.6784	-22.9446
591	-0.0729909	20.9573	-20.9717	-0.120691	63.8441	-22.9519
592	-0.0728534	20.6478	-20.9912	-0.120762	63.0105	-22.9591
593	-0.0727194	20.3385	-21.0104	-0.120834	62.1774	-22.9662
594	-0.0725889	20.0292	-21.0294	-0.120906	61.345	-22.9731
595	-0.072462	19.7201	-21.0481	-0.120978	60.5131	-22.98
596	-0.0723385	19.4111	-21.0666	-0.121051	59.6817	-22.9867
597	-0.0722185	19.1022	-21.0848	-0.121125	58.8509	-22.9933
598	-0.0721019	18.7935	-21.1027	-0.121199	58.0207	-22.9998
599	-0.0719887	18.4848	-21.1204	-0.121274	57.191	-23.0061
600	-0.0718789	18.1763	-21.1378	-0.121349	56.3618	-23.0124
601	-0.0717725	17.8679	-21.1549	-0.121426	55.5331	-23.0185
602	-0.0716695	17.5595	-21.1718	-0.121503	54.7049	-23.0245
603	-0.0715698	17.2512	-21.1884	-0.121582	53.8772	-23.0303
604	-0.0714734	16.943	-21.2047	-0.121661	53.05	-23.036
605	-0.0713804	16.6349	-21.2208	-0.121742	52.2232	-23.0416
606	-0.0712907	16.3268	-21.2366	-0.121824	51.3969	-23.047
607	-0.0712042	16.0188	-21.2522	-0.121907	50.5709	-23.0523
608	-0.0711211	15.7109	-21.2675	-0.121992	49.7454	-23.0574
609	-0.0710412	15.403	-21.2825	-0.122078	48.9203	-23.0624
610	-0.0709646	15.0951	-21.2973	-0.122166	48.0956	-23.0672
611	-0.0708912	14.7873	-21.3118	-0.122255	47.2712	-23.0719
612	-0.0708211	14.4795	-21.326	-0.122346	46.4471	-23.0765
613	-0.0707542	14.1717	-21.34	-0.122439	45.6234	-23.0808
614	-0.0706906	13.8639	-21.3537	-0.122533	44.8	-23.085
615	-0.0706302	13.5562	-21.3671	-0.12263	43.977	-23.0891
616	-0.070573	13.2484	-21.3803	-0.122728	43.1541	-23.093
617	-0.0705191	12.9407	-21.3932	-0.122829	42.3316	-23.0967
618	-0.0704683	12.6329	-21.4058	-0.122932	41.5093	-23.1003
619	-0.0704208	12.3251	-21.4182	-0.123038	40.6872	-23.1036
620	-0.0703765	12.0173	-21.4303	-0.123145	39.8653	-23.1068
621	-0.0703355	11.7094	-21.4422	-0.123255	39.0436	-23.1099
622	-0.0702976	11.4015	-21.4537	-0.123368	38.222	-23.1127
623	-0.070263	11.0936	-21.4651	-0.123484	37.4006	-23.1154
624	-0.0702316	10.7856	-21.4761	-0.123602	36.5793	-23.1179
625	-0.0702035	10.4775	-21.4869	-0.123723	35.7581	-23.1202
626	-0.0701786	10.1694	-21.4974	-0.123847	34.937	-23.1223
627	-0.0701569	9.86117	-21.5076	-0.123974	34.1159	-23.1242
628	-0.0701386	9.55287	-21.5176	-0.124105	33.2949	-23.126
629	-0.0701235	9.24447	-21.5273	-0.124239	32.4739	-23.1275
630	-0.0701116	8.93596	-21.5367	-0.124376	31.6528	-23.1288
631	-0.0701031	8.62734	-21.5459	-0.124516	30.8317	-23.13
632	-0.0700979	8.3186	-21.5548	-0.124661	30.0105	-23.1309
633	-0.070096	8.00973	-21.5635	-0.124809	29.1892	-23.1316
634	-0.0700975	7.70072	-21.5718	-0.124961	28.3678	-23.1322
635	-0.0701023	7.39156	-21.5799	-0.125117	27.5463	-23.1325
636	-0.0701105	7.08224	-21.5877	-0.125277	26.7245	-23.1326
637	-0.0701221	6.77275	-21.5953	-0.125442	25.9025	-23.1325
638	-0.0701371	6.46308	-21.6026	-0.12561	25.0803	-23.1322
639	-0.0701556	6.15321	-21.6096	-0.125784	24.2578	-23.1316
640	-0.0701776	5.84315	-21.6163	-0.125962	23.435	-23.1309
641	-0.0702031	5.53288	-21.6228	-0.126145	22.6119	-23.1299
642	-0.0702321	5.22238	-21.629	-0.126333	21.7883	-23.1287
643	-0.0702647	4.91165	-21.6349	-0.126526	20.9644	-23.1273
644	-0.0703009	4.60066	-21.6405	-0.126725	20.14	-23.1256
645	-0.0703407	4.28942	-21.6459	-0.126929	19.3151	-23.1237
646	-0.0703842	3.9779	-21.651	-0.127138	18.4897	-23.1216
647	-0.0704315	3.66609	-21.6558	-0.127354	17.6637	-23.1193
648	-0.0704825	3.35398	-21.6603	-0.127576	16.837	-23.1167
649	-0.0705374	3.04155	-21.6646	-0.127803	16.0097	-23.1138
650	-0.0705961	2.72879	-21.6686	-0.128038	15.1817	-23.1108
651	-0.0706587	2.41568	-21.6723	-0.128279	14.353	-23.1074
652	-0.0707254	2.1022	-21.6758	-0.128526	13.5234	-23.1039
653	-0.0707961	1.78834	-21.6789	-0.128781	12.6929	-23.1001
654	-0.0708709	1.47407	-21.6818	-0.129044	11.8615	-23.096
655	-0.0709499	1.15937	-21.6844	-0.129314	11.0292	-23.0917
656	-0.0710332	0.844233	-21.6867	-0.129592	10.1958	-23.0871
657	-0.0711209	0.528622	-21.6887	-0.129878	9.36123	-23.0823
658	-0.071213	0.212518	-21.6905	-0.130172	8.52551	-23.0772
659	-0.0713096	-0.104107	-21.692	-0.130476	7.68853	-23.0718
660	-0.0714109	-0.42128	-21.6932	-0.130788	6.85019	-23.0662
661	-0.071517	-0.739031	-21.6941	-0.13111	6.01043	-23.0603
662	-0.0716279	-1.05739	-21.6947	-0.131443	5.16914	-23.0541
663	-0.0717439	-1.3764	-21.695	-0.131785	4.32622	-23.0477
664	-0.0718651	-1.6961	-21.6951	-0.132139	3.48155	-23.0409
665	-0.0719916	-2.01652	-21.6949	-0.132504	2.63503	-23.034
666	-0.0721237	-2.33772	-21.6943	-0.13288	1.7865	-23.0267
667	-0.0722615	-2.65975	-21.6935	-0.13327	0.935836	-23.0191
668	-0.0724053	-2.98266	-21.6925	-0.133673	0.0828549	-23.0113
669	-0.0725553	-3.30654	-21.6911	-0.13409	-0.772627	-23.0032
670	-0.0727119	-3.63145	-21.6894	-0.134522	-1.63082	-22.9947
671	-0.0728754	-3.95748	-21.6875	-0.13497	-2.49199	-22.986
672	-0.0730462	-4.28475	-21.6852	-0.135435	-3.35641	-22.977
673	-0.0732248	-4.61339	-21.6827	-0.135919	-4.22444	-22.9677
674	-0.0734118	-4.94354	-21.6799	-0.136423	-5.09651	-22.9581
675	-0.073608	-5.27542	-21.6768	-0.13695	-5.97316	-22.9482
676	-0.0738143	-5.60929	-21.6735	-0.137503	-6.8551	-22.938
677	-0.0740322	-5.94551	-21.6699	-0.138084	-7.7433	-22.9275
678	-0.0742635	-6.28463	-21.666	-0.138701	-8.63917	-22.9167
679	-0.0745115	-6.62751	-21.6619	-0.139362	-9.54503	-22.9056
680	-0.0747823	-6.97589	-21.6576	-0.140084	-10.4654	-22.8942
681	-0.0750958	-7.33546	-21.6534	-0.140924	-11.4153	-22.8827
682	-0.0796803	-7.70566	-21.6533	-0.152958	-12.3932	-22.8819
683	-0.0852042	-8.05753	-21.6532	-0.167445	-13.3231	-22.883
684	-0.0907671	-8.40343	-21.6525	-0.182038	-14.2377	-22.8838
685	-0.0963733	-8.74568	-21.6514	-0.196752	-15.143	-22.8842
686	-0.102024	-9.08531	-21.6498	-0.21159	-16.0416	-22.8843
687	-0.10772	-9.42291	-21.6478	-0.226556	-16.9351	-22.8842
688	-0.113461	-9.75886	-21.6455	-0.241651	-17.8245	-22.8838
689	-0.119247	-10.0934	-21.6428	-0.256877	-18.7106	-22.8831
690	-0.125078	-10.4268	-21.6397	-0.272234	-19.5938	-22.8821
691	-0.130954	-10.7591	-21.6363	-0.287725	-20.4746	-22.8809
692	-0.136876	-11.0905	-21.6325	-0.303349	-21.3532	-22.8795
693	-0.142842	-11.4211	-21.6284	-0.319109	-22.23	-22.8777
694	-0.148853	-11.751	-21.624	-0.335006	-23.1052	-22.8758
695	-0.154909	-12.0802	-21.6192	-0.35104	-23.9789	-22.8736
696	-0.16101	-12.4088	-21.6141	-0.367214	-24.8514	-22.8711
697	-0.167156	-12.7368	-21.6087	-0.383529	-25.7228	-22.8684
698	-0.173348	-13.0643	-21.603	-0.399986	-26.5931	-22.8655
699	-0.179584	-13.3913	-21.5969	-0.416587	-27.4626	-22.8623
700	-0.185866	-13.7179	-21.5906	-0.433334	-28.3313	-22.8589
701	-0.192193	-14.0441	-21.5839	-0.450228	-29.1993	-22.8552
702	-0.198565	-14.3699	-21.5769	-0.467271	-30.0667	-22.8514
703	-0.204984	-14.6954	-21.5696	-0.484465	-30.9336	-22.8473
704	-0.211448	-15.0206	-21.562	-0.501812	-31.8001	-22.843
705	-0.217958	-15.3454	-21.554	-0.519314	-32.6661	-22.8384
706	-0.224514	-15.67	-21.5458	-0.536973	-33.5319	-22.8337
707	-0.231117	-15.9943	-21.5373	-0.554791	-34.3973	-22.8287
708	-0.237766	-16.3183	-21.5284	-0.57277	-35.2626	-22.8236
709	-0.244462	-16.6421	-21.5193	-0.590912	-36.1277	-22.8182
710	-0.251205	-16.9658	-21.5099	-0.609219	-36.9927	-22.8127
711	-0.257996	-17.2892	-21.5002	-0.627694	-37.8577	-22.8069
712	-0.264834	-17.6124	-21.4901	-0.646338	-38.7226	-22.8009
713	-0.271719	-17.9355	-21.4798	-0.665155	-39.5876	-22.7948
714	-0.278653	-18.2584	-21.4692	-0.684146	-40.4526	-22.7885
715	-0.285635	-18.5811	-21.4583	-0.703314	-41.3177	-22.782
716	-0.292666	-18.9037	-21.4471	-0.722661	-42.183	-22.7753
717	-0.299746	-19.2262	-21.4356	-0.742189	-43.0484	-22.7684
718	-0.306875	-19.5486	-21.4238	-0.761902	-43.914	-22.7614
719	-0.314054	-19.8708	-21.4118	-0.781801	-44.7798	-22.7542
720	-0.321282	-20.193	-21.3994	-0.801889	-45.646	-22.7468
721	-0.328561	-20.5151	-21.3868	-0.822168	-46.5124	-22.7393
722	-0.335891	-20.8371	-21.3739	-0.842641	-47.3791	-22.7316
723	-0.343271	-21.159	-21.3607	-0.863311	-48.2461	-22.7238
724	-0.350703	-21.4809	-21.3472	-0.88418	-49.1136	-22.7158
725	-0.358187	-21.8027	-21.3334	-0.90525	-49.9814	-22.7077
726	-0.365722	-22.1245	-21.3194	-0.926525	-50.8496	-22.6995
727	-0.373311	-22.4462	-21.3051	-0.948007	-51.7183	-22.6911
728	-0.380951	-22.7679	-21.2905	-0.969698	-52.5874	-22.6826
729	-0.388646	-23.0896	-21.2757	-0.991601	-53.457	-22.674
730	-0.396394	-23.4112	-21.2605	-1.01372	-54.3271	-22.6653
731	-0.404196	-23.7329	-21.2451	-1.03606	-55.1978	-22.6564
732	-0.412052	-24.0545	-21.2294	-1.05861	-56.0689	-22.6475
733	-0.419964	-24.3761	-21.2135	-1.08139	-56.9407	-22.6384
734	-0.427931	-24.6978	-21.1973	-1.10439	-57.8129	-22.6293
735	-0.435954	-25.0194	-21.1808	-1.12762	-58.6858	-22.62
736	-0.444033	-25.3411	-21.1641	-1.15109	-59.5593	-22.6107
737	-0.452169	-25.6628	-21.1471	-1.17478	-60.4333	-22.6013
738	-0.460362	-25.9845	-21.1298	-1.19871	-61.3081	-22.5918
739	-0.468613	-26.3062	-21.1123	-1.22288	-62.1834	-22.5822
740	-0.476922	-26.628	-21.0945	-1.24729	-63.0594	-22.5726
741	-0.48529	-26.9499	-21.0765	-1.27195	-63.9361	-22.5629
742	-0.493717	-27.2717	-21.0582	-1.29685	-64.8134	-22.5531
743	-0.502204	-27.5937	-21.0396	-1.322	-65.6914	-22.5434
744	-0.510751	-27.9157	-21.0208	-1.3474	-66.5702	-22.5335
745	-0.519359	-28.2377	-21.0017	-1.37305	-67.4496	-22.5236
746	-0.528029	-28.5598	-20.9824	-1.39896	-68.3297	-22.5137
747	-0.53676	-28.882	-20.9629	-1.42513	-69.2106	-22.5037
748	-0.545553	-29.2043	-20.943	-1.45156	-70.0922	-22.4938
749	-0.55441	-29.5266	-20.923	-1.47826	-70.9745	-22.4838
750	-0.56333	-29.8491	-20.9027	-1.50522	-71.8576	-22.4737
751	-0.572314	-30.1716	-20.8821	-1.53245	-72.7414	-22.4637
752	-0.581363	-30.4942	-20.8614	-1.55995	-73.6259	-22.4537
753	-0.590477	-30.8169	-20.8403	-1.58772	-74.5113	-22.4437
754	-0.599657	-31.1397	-20.8191	-1.61576	-75.3974	-22.4336
755	-0.608904	-31.4626	-20.7976	-1.64409	-76.2842	-22.4236
756	-0.618218	-31.7857	-20.7758	-1.67269	-77.1719	-22.4136
757	-0.627599	-32.1088	-20.7538	-1.70158	-78.0603	-22.4036
758	-0.637049	-32.432	-20.7316	-1.73075	-78.9494	-22.3937
759	-0.646567	-32.7554	-20.7092	-1.7602	-79.8394	-22.3837
760	-0.656156	-33.0789	-20.6865	-1.78994	-80.7301	-22.3739
761	-0.665814	-33.4025	-20.6636	-1.81997	-81.6216	-22.364
762	-0.675544	-33.7262	-20.6405	-1.85029	-82.5139	-22.3542
763	-0.685345	-34.0501	-20.6172	-1.88091	-83.407	-22.3444
764	-0.695218	-34.3741	-20.5936	-1.91182	-84.3009	-22.3347
765	-0.705164	-34.6983	-20.5698	-1.94302	-85.1955	-22.3251
766	-0.715184	-35.0226	-20.5458	-1.97453	-86.0909	-22.3155
767	-0.725278	-35.347	-20.5216	-2.00633	-86.9871	-22.306
768	-0.735448	-35.6716	-20.4971	-2.03843	-87.8841	-22.2966
769	-0.745693	-35.9963	-20.4725	-2.07084	-88.7819	-22.2872
770	-0.756014	-36.3212	-20.4476	-2.10355	-89.6804	-22.2779
771	-0.766413	-36.6463	-20.4225	-2.13656	-90.5797	-22.2687
772	-0.77689	-36.9715	-20.3972	-2.16988	-91.4797	-22.2596
773	-0.787445	-37.2968	-20.3717	-2.20351	-92.3806	-22.2506
774	-0.79808	-37.6224	-20.346	-2.23744	-93.2821	-22.2417
775	-0.808795	-37.9481	-20.3201	-2.27169	-94.1845	-22.2329
776	-0.819591	-38.274	-20.2939	-2.30624	-95.0876	-22.2242
777	-0.830469	-38.6	-20.2676	-2.3411	-95.9914	-22.2156
778	-0.84143	-38.9262	-20.2411	-2.37628	-96.896	-22.2071
779	-0.852474	-39.2526	-20.2144	-2.41177	-97.8013	-22.1988
780	-0.863602	-39.5792	-20.1875	-2.44757	-98.7073	-22.1905
781	-0.874815	-39.906	-20.1604	-2.48368	-99.6141	-22.1824
782	-0.886114	-40.2329	-20.1331	-2.5201	-100.522	-22.1744
783	-0.8975	-40.56	-20.1056	-2.55684	-101.43	-22.1666
784	-0.908974	-40.8873	-20.0779	-2.59389	-102.339	-22.1589
785	-0.920535	-41.2149	-20.05	-2.63125	-103.248	-22.1513
786	-0.932186	-41.5426	-20.022	-2.66893	-104.159	-22.1439
787	-0.943927	-41.8705	-19.9937	-2.70692	-105.07	-22.1366
788	-0.95576	-42.1985	-19.9653	-2.74523	-105.981	-22.1294
789	-0.967684	-42.5268	-19.9367	-2.78384	-106.894	-22.1224
790	-0.979701	-42.8553	-19.908	-2.82277	-107.807	-22.1156
791	-0.991811	-43.184	-19.879	-2.86201	-108.72	-22.1089
792	-1.00402	-43.5129	-19.8499	-2.90156	-109.635	-22.1024
793	-1.01632	-43.842	-19.8206	-2.94142	-110.55	-22.096
794	-1.02872	-44.1713	-19.7911	-2.98159	-111.465	-22.0898
795	-1.04121	-44.5009	-19.7615	-3.02207	-112.382	-22.0838
796	-1.0538	-44.8306	-19.7317	-3.06286	-113.298	-22.0779
797	-1.0665	-45.1605	-19.7017	-3.10395	-114.216	-22.0722
798	-1.07929	-45.4907	-19.6716	-3.14535	-115.134	-22.0666
799	-1.09219	-45.8211	-19.6413	-3.18705	-116.053	-22.0613
800	-1.10518	-46.1516	-19.6109	-3.22906	-116.972	-22.0561
801	-1.11828	-46.4824	-19.5803	-3.27136	-117.892	-22.0511
802	-1.13149	-46.8134	-19.5495	-3.31397	-118.812	-22.0462
803	-1.1448	-47.1447	-19.5186	-3.35687	-119.733	-22.0415
804	-1.15822	-47.4761	-19.4876	-3.40007	-120.655	-22.037
805	-1.17174	-47.8078	-19.4564	-3.44356	-121.577	-22.0327
806	-1.18538	-48.1397	-19.425	-3.48734	-122.5	-22.0286
807	-1.19912	-48.4718	-19.3935	-3.53142	-123.423	-22.0247
808	-1.21297	-48.8041	-19.3619	-3.57578	-124.347	-22.0209
809	-1.22694	-49.1367	-19.3301	-3.62042	-125.271	-22.0173
810	-1.24102	-49.4695	-19.2982	-3.66535	-126.196	-22.0139
811	-1.25521	-49.8025	-19.2661	-3.71056	-127.122	-22.0107
812	-1.26952	-50.1357	-19.2339	-3.75604	-128.048	-22.0076
813	-1.28395	-50.4692	-19.2016	-3.8018	-128.974	-22.0047
814	-1.29849	-50.8028	-19.1691	-3.84783	-129.901	-22.0021
815	-1.31315	-51.1367	-19.1366	-3.89413	-130.828	-21.9996
816	-1.32793	-51.4708	-19.1039	-3.94069	-131.756	-21.9972
817	-1.34284	-51.8052	-19.071	-3.98752	-132.685	-21.9951
818	-1.35786	-52.1398	-19.0381	-4.03461	-133.614	-21.9931
819	-1.37301	-52.4746	-19.005	-4.08195	-134.543	-21.9914
820	-1.38829	-52.8096	-18.9718	-4.12955	-135.473	-21.9898
821	-1.40369	-53.1448	-18.9385	-4.1774	-136.403	-21.9883
822	-1.41921	-53.4803	-18.9051	-4.22549	-137.334	-21.9871
823	-1.43487	-53.8159	-18.8715	-4.27382	-138.265	-21.986
824	-1.45066	-54.1518	-18.8379	-4.32239	-139.197	-21.9851
825	-1.46657	-54.488	-18.8042	-4.3712	-140.129	-21.9844
826	-1.48262	-54.8243	-18.7703	-4.42024	-141.061	-21.9839
827	-1.49881	-55.1609	-18.7363	-4.4695	-141.994	-21.9835
828	-1.51513	-55.4976	-18.7023	-4.51899	-142.928	-21.9833
829	-1.53158	-55.8346	-18.6681	-4.56869	-143.861	-21.9832
830	-1.54818	-56.1718	-18.6339	-4.61861	-144.796	-21.9833
831	-1.56491	-56.5092	-18.5995	-4.66874	-145.73	-21.9836
832	-1.58178	-56.8469	-18.5651	-4.71907	-146.666	-21.9841
833	-1.5988	-57.1847	-18.5306	-4.76961	-147.601	-21.9847
834	-1.61595	-57.5227	-18.4959	-4.82034	-148.537	-21.9855
835	-1.63326	-57.861	-18.4612	-4.87126	-149.474	-21.9864
836	-1.65071	-58.1994	-18.4265	-4.92238	-150.41	-21.9875
837	-1.6683	-58.538	-18.3916	-4.97367	-151.348	-21.9887
838	-1.68605	-58.8769	-18.3566	-5.02514	-152.285	-21.9901
839	-1.70395	-59.2159	-18.3216	-5.07679	-153.223	-21.9916
840	-1.722	-59.5552	-18.2865	-5.1286	-154.162	-21.9933
841	-1.7402	-59.8946	-18.2514	-5.18058	-155.101	-21.9951
842	-1.75855	-60.2342	-18.2161	-5.23271	-156.04	-21.997
843	-1.77707	-60.574	-18.1808	-5.285	-156.98	-21.9991
844	-1.79574	-60.9139	-18.1454	-5.33743	-157.92	-22.0014
845	-1.81457	-61.2541	-18.11	-5.39001	-158.86	-22.0037
846	-1.83356	-61.5944	-18.0745	-5.44273	-159.801	-22.0062
847	-1.85272	-61.9349	-18.039	-5.49558	-160.743	-22.0088
848	-1.87204	-62.2755	-18.0034	-5.54855	-161.684	-22.0115
849	-1.89152	-62.6164	-17.9677	-5.60165	-162.627	-22.0144
850	-1.91118	-62.9573	-17.932	-5.65486	-163.569	-22.0173
851	-1.931	-63.2984	-17.8962	-5.70818	-164.512	-22.0204
852	-1.95099	-63.6397	-17.8604	-5.76161	-165.456	-22.0236
853	-1.97116	-63.9811	-17.8245	-5.81514	-166.399	-22.0269
854	-1.99149	-64.3227	-17.7886	-5.86877	-167.344	-22.0303
855	-2.01201	-64.6644	-17.7527	-5.92248	-168.288	-22.0338
856	-2.0327	-65.0062	-17.7167	-5.97627	-169.233	-22.0374
857	-2.05357	-65.3481	-17.6807	-6.03015	-170.179	-22.0411
858	-2.07462	-65.6902	-17.6447	-6.08409	-171.125	-22.0449
859	-2.09585	-66.0323	-17.6086	-6.1381	-172.071	-22.0488
860	-2.11727	-66.3746	-17.5725	-6.19217	-173.018	-22.0528
861	-2.13887	-66.717	-17.5364	-6.2463	-173.965	-22.0568
862	-2.16067	-67.0594	-17.5002	-6.30047	-174.913	-22.0609
863	-2.18264	-67.402	-17.4641	-6.35469	-175.861	-22.0651
864	-2.20481	-67.7446	-17.4279	-6.40894	-176.809	-22.0694
865	-2.22718	-68.0873	-17.3917	-6.46323	-177.758	-22.0737
866	-2.24973	-68.43	-17.3554	-6.51755	-178.707	-22.0781
867	-2.27249	-68.7728	-17.3192	-6.57188	-179.657	-22.0826
868	-2.29544	-69.1157	-17.283	-6.62623	179.393	-22.0871
869	-2.31859	-69.4586	-17.2467	-6.68058	178.443	-22.0917
870	-2.34194	-69.8015	-17.2105	-6.73494	177.492	-22.0963
871	-2.3655	-70.1444	-17.1742	-6.7893	176.54	-22.101
872	-2.38926	-70.4874	-17.138	-6.84365	175.588	-22.1057
873	-2.41323	-70.8303	-17.1017	-6.89799	174.636	-22.1105
874	-2.4374	-71.1733	-17.0655	-6.9523	173.684	-22.1153
875	-2.46179	-71.5162	-17.0293	-7.00659	172.731	-22.1202
876	-2.48639	-71.8591	-16.9931	-7.06085	171.777	-22.125
877	-2.5112	-72.202	-16.9569	-7.11507	170.823	-22.1299
878	-2.53623	-72.5448	-16.9207	-7.16925	169.869	-22.1349
879	-2.56148	-72.8876	-16.8845	-7.22338	168.914	-22.1398
880	-2.58694	-73.2303	-16.8484	-7.27745	167.959	-22.1448
881	-2.61263	-73.5729	-16.8123	-7.33147	167.004	-22.1498
882	-2.63854	-73.9154	-16.7762	-7.38542	166.048	-22.1548
883	-2.66467	-74.2578	-16.7401	-7.43931	165.092	-22.1598
884	-2.69103	-74.6001	-16.7041	-7.49311	164.135	-22.1648
885	-2.71763	-74.9422	-16.6681	-7.54684	163.178	-22.1698
886	-2.74445	-75.2842	-16.6322	-7.60048	162.22	-22.1748
887	-2.7715	-75.6261	-16.5962	-7.65402	161.263	-22.1798
888	-2.79879	-75.9677	-16.5604	-7.70748	160.305	-22.1848
889	-2.82631	-76.3092	-16.5246	-7.76082	159.346	-22.1898
890	-2.85407	-76.6505	-16.4888	-7.81407	158.387	-22.1948
891	-2.88207	-76.9916	-16.4531	-7.8672	157.428	-22.1998
892	-2.91031	-77.3324	-16.4174	-7.92021	156.468	-22.2047
893	-2.93879	-77.673	-16.3818	-7.9731	155.508	-22.2097
894	-2.96752	-78.0133	-16.3462	-8.02586	154.548	-22.2146
895	-2.99649	-78.3534	-16.3107	-8.0785	153.588	-22.2194
896	-3.02571	-78.6931	-16.2753	-8.13099	152.627	-22.2243
897	-3.05518	-79.0325	-16.24	-8.18335	151.666	-22.2291
898	-3.08491	-79.3716	-16.2047	-8.23556	150.704	-22.2339
899	-3.11488	-79.7104	-16.1695	-8.28762	149.743	-22.2387
900	-3.14511	-80.0487	-16.1343	-8.33953	148.781	-22.2434
901	-3.1756	-80.3867	-16.0993	-8.39128	147.819	-22.2481
902	-3.20634	-80.7243	-16.0643	-8.44286	146.856	-22.2527
903	-3.23735	-81.0614	-16.0294	-8.49428	145.894	-22.2573
904	-3.26861	-81.3981	-15.9946	-8.54553	144.931	-22.2618
905	-3.30014	-81.7344	-15.9599	-8.59661	143.968	-22.2663
906	-3.33193	-82.0701	-15.9252	-8.64751	143.005	-22.2707
907	-3.36399	-82.4053	-15.8907	-8.69822	142.042	-22.2751
908	-3.39631	-82.74	-15.8563	-8.74876	141.078	-22.2794
909	-3.4289	-83.0742	-15.8219	-8.7991	140.115	-22.2837
910	-3.46177	-83.4077	-15.7877	-8.84925	139.151	-22.2879
911	-3.4949	-83.7407	-15.7536	-8.89921	138.187	-22.292
912	-3.5283	-84.073	-15.7196	-8.94897	137.223	-22.2961
913	-3.56198	-84.4047	-15.6857	-8.99853	136.26	-22.3001
914	-3.59593	-84.7357	-15.6519	-9.04789	135.296	-22.304
915	-3.63016	-85.066	-15.6183	-9.09704	134.332	-22.3078
916	-3.66467	-85.3956	-15.5847	-9.14599	133.368	-22.3116
917	-3.69945	-85.7244	-15.5513	-9.19472	132.404	-22.3153
918	-3.73451	-86.0525	-15.518	-9.24325	131.441	-22.319
919	-3.76986	-86.3797	-15.4848	-9.29155	130.477	-22.3225
920	-3.80548	-86.7062	-15.4518	-9.33965	129.513	-22.326
921	-3.84138	-87.0317	-15.4189	-9.38752	128.55	-22.3294
922	-3.87757	-87.3564	-15.3862	-9.43518	127.587	-22.3327
923	-3.91404	-87.6801	-15.3535	-9.48262	126.624	-22.336
924	-3.9508	-88.0029	-15.3211	-9.52983	125.661	-22.3391
925	-3.98783	-88.3248	-15.2887	-9.57682	124.698	-22.3422
926	-4.02516	-88.6456	-15.2566	-9.62359	123.736	-22.3452
927	-4.06277	-88.9654	-15.2245	-9.67014	122.774	-22.3481
928	-4.10066	-89.2841	-15.1927	-9.71646	121.813	-22.3509
929	-4.13884	-89.6017	-15.161	-9.76256	120.851	-22.3536
930	-4.1773	-89.9182	-15.1294	-9.80843	119.89	-22.3562
931	-4.21606	-90.2335	-15.098	-9.85408	118.93	-22.3588
932	-4.25509	-90.5476	-15.0668	-9.8995	117.97	-22.3612
933	-4.29442	-90.8605	-15.0357	-9.9447	117.01	-22.3636
934	-4.33403	-91.1721	-15.0049	-9.98968	116.051	-22.3658
935	-4.37392	-91.4824	-14.9741	-10.0344	115.093	-22.368
936	-4.4141	-91.7914	-14.9436	-10.079	114.135	-22.3701
937	-4.45457	-92.099	-14.9133	-10.1233	113.178	-22.3721
938	-4.49532	-92.4053	-14.8831	-10.1674	112.221	-22.374
939	-4.53635	-92.71	-14.8531	-10.2113	111.265	-22.3758
940	-4.57767	-93.0133	-14.8233	-10.2549	110.31	-22.3775
941	-4.61926	-93.3151	-14.7937	-10.2984	109.356	-22.3791
942	-4.66114	-93.6154	-14.7643	-10.3416	108.402	-22.3806
943	-4.7033	-93.914	-14.735	-10.3846	107.449	-22.382
944	-4.74573	-94.211	-14.706	-10.4274	106.498	-22.3833
945	-4.78844	-94.5064	-14.6772	-10.4701	105.546	-22.3846
946	-4.83143	-94.8	-14.6486	-10.5125	104.596	-22.3857
947	-4.87469	-95.092	-14.6202	-10.5547	103.647	-22.3868
948	-4.91822	-95.3821	-14.5919	-10.5967	102.699	-22.3877
949	-4.96202	-95.6704	-14.564	-10.6386	101.752	-22.3886
950	-5.00609	-95.9569	-14.5362	-10.6802	100.806	-22.3894
951	-5.05042	-96.2415	-14.5086	-10.7217	99.8616	-22.39
952	-5.09502	-96.5241	-14.4812	-10.763	98.918	-22.3906
953	-5.13988	-96.8047	-14.4541	-10.8041	97.9756	-22.3911
954	-5.18499	-97.0834	-14.4272	-10.845	97.0345	-22.3916
955	-5.23036	-97.36	-14.4005	-10.8858	96.0947	-22.3919
956	-5.27598	-97.6345	-14.374	-10.9264	95.1563	-22.3921
957	-5.32184	-97.9068	-14.3478	-10.9668	94.2192	-22.3923
958	-5.36795	-98.177	-14.3218	-11.0071	93.2836	-22.3924
959	-5.41431	-98.4449	-14.296	-11.0473	92.3495	-22.3923
960	-5.4609	-98.7106	-14.2705	-11.0873	91.4168	-22.3923
961	-5.50772	-98.974	-14.2452	-11.1272	90.4858	-22.3921
962	-5.55477	-99.2351	-14.2201	-11.1669	89.5563	-22.3918
963	-5.60205	-99.4938	-14.1953	-11.2066	88.6285	-22.3915
964	-5.64955	-99.75	-14.1707	-11.2461	87.7024	-22.3911
965	-5.69726	-100.004	-14.1464	-11.2855	86.778	-22.3906
966	-5.74518	-100.255	-14.1223	-11.3248	85.8554	-22.3901
967	-5.79331	-100.504	-14.0985	-11.364	84.9347	-22.3895
968	-5.84164	-100.75	-14.0749	-11.4031	84.0158	-22.3888
969	-5.89016	-100.994	-14.0516	-11.4421	83.0989	-22.3881
970	-5.93887	-101.235	-14.0285	-11.4811	82.1839	-22.3873
971	-5.98777	-101.473	-14.0057	-11.52	81.271	-22.3864
972	-6.03684	-101.708	-13.9831	-11.5588	80.3601	-22.3855
973	-6.08608	-101.941	-13.9608	-11.5976	79.4514	-22.3845
974	-6.13549	-102.171	-13.9387	-11.6363	78.5449	-22.3834
975	-6.18505	-102.398	-13.9169	-11.675	77.6405	-22.3823
976	-6.23477	-102.622	-13.8954	-11.7136	76.7385	-22.3812
977	-6.28462	-102.844	-13.8741	-11.7522	75.8387	-22.38
978	-6.33462	-103.062	-13.8531	-11.7909	74.9414	-22.3788
979	-6.38474	-103.277	-13.8324	-11.8295	74.0465	-22.3775
980	-6.43498	-103.49	-13.8119	-11.8681	73.1541	-22.3762
981	-6.48534	-103.699	-13.7917	-11.9067	72.2642	-22.3749
982	-6.53579	-103.905	-13.7718	-11.9453	71.3769	-22.3735
983	-6.58635	-104.109	-13.7521	-11.984	70.4922	-22.3721
984	-6.63699	-104.309	-13.7327	-12.0227	69.6103	-22.3707
985	-6.68771	-104.506	-13.7136	-12.0614	68.7311	-22.3692
986	-6.7385	-104.699	-13.6947	-12.1002	67.8548	-22.3677
987	-6.78936	-104.89	-13.6762	-12.1391	66.9813	-22.3663
988	-6.84026	-105.077	-13.6579	-12.178	66.1108	-22.3648
989	-6.8912	-105.261	-13.6398	-12.217	65.2433	-22.3633
990	-6.94218	-105.442	-13.6221	-12.2561	64.3788	-22.3618
991	-6.99317	-105.62	-13.6046	-12.2952	63.5175	-22.3603
992	-7.04418	-105.794	-13.5874	-12.3345	62.6593	-22.3588
993	-7.09519	-105.965	-13.5705	-12.3739	61.8045	-22.3573
994	-7.1462	-106.133	-13.5538	-12.4134	60.9529	-22.3558
995	-7.19718	-106.297	-13.5374	-12.4531	60.1047	-22.3543
996	-7.24813	-106.458	-13.5214	-12.4929	59.26	-22.3529
997	-7.29904	-106.615	-13.5055	-12.5328	58.4188	-22.3514
998	-7.3499	-106.77	-13.49	-12.5729	57.5812	-22.35
999	-7.4007	-106.92	-13.4747	-12.6132	56.7473	-22.3487
1000	-7.45142	-107.068	-13.4597	-12.6536	55.9171	-22.3473
