# OVRO Measured IV curve
#   V(mV)      I(uA)
# --------    ------
-9.36176386 -228.5742
-9.35333701 -228.3547
-9.33913039 -228.1233
-9.33493414 -227.8858
-9.32876802 -227.6894
-9.32089132 -227.4404
-9.30748041 -227.1527
-9.29823291 -226.8277
-9.28997461 -226.6267
-9.27708588 -226.4436
-9.27095529 -226.2263
-9.26942738 -225.9486
-9.25237843 -225.7421
-9.24052162 -225.4814
-9.23681402 -225.3094
-9.23142015 -225.0705
-9.21873223 -224.8281
-9.20861983 -224.6001
-9.20493922 -224.3534
-9.18996171 -224.1637
-9.18520205 -223.9635
-9.17825204 -223.6988
-9.16872655 -223.4785
-9.1587065 -223.255
-9.15495122 -222.9934
-9.14048102 -222.7994
-9.13329038 -222.5586
-9.12607917 -222.3299
-9.11081208 -221.9576
-9.10329832 -221.7304
-9.09672162 -221.4814
-9.08256638 -221.2786
-9.07679597 -221.0259
-9.06964787 -220.8189
-9.05874227 -220.5869
-9.04614704 -220.3488
-9.04563549 -220.1203
-9.0382202 -219.894
-9.02461392 -219.6624
-9.02244759 -219.4073
-9.01131139 -219.1933
-9.0023978 -218.966
-8.99239101 -218.7347
-8.98270224 -218.4928
-8.97614105 -218.2935
-8.96420634 -218.0198
-8.95519445 -217.7915
-8.94764359 -217.5273
-8.94501929 -217.3063
-8.92879882 -216.9654
-8.91550665 -216.7255
-8.91059493 -216.4971
-8.8997354 -216.238
-8.88833749 -216.0603
-8.88146419 -215.8093
-8.87597886 -215.6242
-8.86783956 -215.3532
-8.85732835 -215.1245
-8.84780592 -214.9024
-8.84146849 -214.6303
-8.83581342 -214.4274
-8.82327756 -214.2132
-8.81207893 -213.9771
-8.80624664 -213.7608
-8.79721159 -213.4873
-8.78940297 -213.3159
-8.78194531 -213.0557
-8.76551251 -212.8397
-8.76338991 -212.6177
-8.74440756 -212.3132
-8.73694905 -212.0535
-8.73442135 -211.8345
-8.72216747 -211.6309
-8.71442919 -211.3593
-8.70183668 -211.1196
-8.69014383 -210.8801
-8.6828418 -210.646
-8.67472379 -210.4213
-8.66928708 -210.2076
-8.65796618 -209.9846
-8.65117945 -209.7415
-8.64021452 -209.5444
-8.63339838 -209.3186
-8.62475245 -209.0515
-8.61591553 -208.7791
-8.6080594 -208.518
-8.59675754 -208.2838
-8.58935058 -208.0526
-8.58391659 -207.8373
-8.57417631 -207.6257
-8.56354237 -207.2339
-8.55223286 -207.0042
-8.53924383 -206.8801
-8.53086709 -206.5723
-8.52593922 -206.3534
-8.51110328 -206.0216
-8.506829 -205.83
-8.49816998 -205.5706
-8.48883854 -205.3538
-8.48012733 -205.1251
-8.47253027 -204.9469
-8.46220784 -204.7248
-8.45463297 -204.4159
-8.44277314 -204.2158
-8.43673316 -203.9452
-8.42341226 -203.7222
-8.41826786 -203.4542
-8.41015835 -203.2245
-8.39721807 -203.0129
-8.38693457 -202.7679
-8.38008677 -202.5019
-8.36752312 -202.1864
-8.35770792 -201.8424
-8.35246475 -201.6325
-8.34357751 -201.3897
-8.33067667 -201.1549
-8.32188794 -200.9718
-8.31592195 -200.7165
-8.3142121 -200.487
-8.29464917 -200.2299
-8.28559444 -200.0268
-8.28020223 -199.7281
-8.26613135 -199.5345
-8.25846944 -199.2768
-8.25266248 -199.0456
-8.24374039 -198.8233
-8.23169769 -198.5543
-8.22529328 -198.3216
-8.22108666 -198.0902
-8.20843954 -197.8238
-8.19392544 -197.5968
-8.18574232 -197.4104
-8.17918254 -197.0338
-8.17032794 -196.7718
-8.16204308 -196.5276
-8.15102932 -196.3004
-8.13971178 -196.0166
-8.13340397 -195.7859
-8.11733645 -195.5315
-8.10942745 -195.3015
-8.10429427 -195.0269
-8.09742084 -194.8348
-8.08774125 -194.5875
-8.07794109 -194.3523
-8.06630098 -194.1406
-8.05983652 -193.8844
-8.04631558 -193.6026
-8.03961644 -193.3668
-8.02943596 -193.0612
-8.01960146 -192.8462
-8.01014197 -192.6459
-8.00139995 -192.3765
-7.99137293 -192.1571
-7.98446823 -191.7481
-7.97250887 -191.4889
-7.96028746 -191.2662
-7.95325343 -190.9921
-7.94926296 -190.7512
-7.93694278 -190.5866
-7.92912286 -190.3042
-7.91437578 -190.0966
-7.91071353 -189.8391
-7.90322034 -189.5998
-7.89341967 -189.3649
-7.88913851 -189.0597
-7.87700843 -188.8421
-7.86176437 -188.5739
-7.85229957 -188.3179
-7.84883889 -188.1183
-7.84032441 -187.8327
-7.82730844 -187.6068
-7.82463943 -187.4121
-7.81271747 -187.1309
-7.79907443 -186.8621
-7.79106055 -186.4585
-7.78145406 -186.1682
-7.77113231 -185.9457
-7.76037363 -185.6861
-7.75145103 -185.4641
-7.73959439 -185.2033
-7.73157281 -184.9807
-7.72878506 -184.7382
-7.72327453 -184.5091
-7.7157864 -184.208
-7.69581123 -183.9581
-7.68851889 -183.7183
-7.68410887 -183.4889
-7.67316872 -183.2184
-7.66110651 -183.0197
-7.65064175 -182.8225
-7.64483802 -182.5894
-7.63147526 -182.3322
-7.62577765 -182.0955
-7.61372955 -181.8885
-7.60207551 -181.4497
-7.59189405 -181.2035
-7.58009189 -181.0283
-7.57661196 -180.7812
-7.56246093 -180.5171
-7.5526031 -180.257
-7.54746346 -179.9862
-7.54091328 -179.7216
-7.52738864 -179.5008
-7.52328661 -179.2667
-7.50873133 -179.0051
-7.50352624 -178.7728
-7.49806756 -178.5132
-7.48379477 -178.2619
-7.46993647 -178.0609
-7.46188187 -177.7989
-7.45534512 -177.5264
-7.44868746 -177.2662
-7.44017451 -176.9797
-7.43040444 -176.7268
-7.42258371 -176.5037
-7.40679227 -176.0869
-7.39573852 -175.8244
-7.39158583 -175.6201
-7.38065435 -175.3445
-7.37028326 -175.0922
-7.36270129 -174.8463
-7.34972442 -174.5974
-7.34321372 -174.3684
-7.33206949 -174.1003
-7.32417596 -173.8612
-7.3170401 -173.647
-7.31225439 -173.4033
-7.30665644 -173.1668
-7.28810337 -172.9039
-7.28177941 -172.6827
-7.27422515 -172.4205
-7.26093604 -172.1788
-7.25229453 -171.9091
-7.24242378 -171.6566
-7.23589404 -171.4388
-7.22174573 -171.1731
-7.2124038 -170.786
-7.20288035 -170.5645
-7.18810701 -170.2547
-7.18348713 -170.0311
-7.17252165 -169.7755
-7.1665016 -169.552
-7.15897964 -169.2708
-7.14524803 -169.0541
-7.13310907 -168.7829
-7.12497997 -168.5059
-7.11646264 -168.2808
-7.10662797 -168.0659
-7.09730907 -167.7829
-7.09033356 -167.5332
-7.08149821 -167.3187
-7.06636129 -167.0463
-7.06554413 -166.8211
-7.05324329 -166.5863
-7.04573004 -166.3588
-7.03868679 -166.0313
-7.02950945 -165.8415
-7.01251665 -165.4255
-7.00543094 -165.1818
-6.99343775 -164.9425
-6.98441817 -164.6599
-6.97505647 -164.4609
-6.95802924 -164.1828
-6.94773112 -163.9464
-6.95097142 -163.6874
-6.93805358 -163.4626
-6.93288062 -163.2114
-6.92704166 -162.9402
-6.91300899 -162.6653
-6.9086022 -162.434
-6.89726923 -162.2181
-6.88306635 -161.9845
-6.87743538 -161.7086
-6.8662444 -161.468
-6.85439184 -161.2048
-6.84804183 -160.9401
-6.84202229 -160.7163
-6.83143539 -160.4733
-6.8160091 -160.077
-6.80144396 -159.8212
-6.79711146 -159.5462
-6.78697777 -159.2719
-6.78025228 -159.0516
-6.77049683 -158.7901
-6.74833118 -158.5346
-6.74901249 -158.3103
-6.74063898 -158.0006
-6.73748098 -157.7406
-6.72304988 -157.5236
-6.71580633 -157.2551
-6.70351314 -157.0158
-6.69326997 -156.8059
-6.68888473 -156.5031
-6.68143676 -156.2372
-6.6745978 -155.966
-6.66055697 -155.6959
-6.65033403 -155.4741
-6.64154866 -155.2302
-6.63034965 -154.9355
-6.61657763 -154.5661
-6.60557492 -154.3324
-6.6002581 -154.107
-6.5922069 -153.843
-6.58253666 -153.5902
-6.57087131 -153.2757
-6.56456261 -152.9867
-6.55240482 -152.7854
-6.54154767 -152.5249
-6.53895856 -152.2832
-6.52732882 -152.0654
-6.51757082 -151.8054
-6.50594588 -151.6436
-6.49678818 -151.3246
-6.48463324 -151.0628
-6.4814494 -150.818
-6.46565536 -150.5792
-6.46283531 -150.3557
-6.45831046 -150.0762
-6.44515348 -149.8156
-6.42603743 -149.4721
-6.42438878 -149.2066
-6.41425747 -148.9309
-6.40034303 -148.7041
-6.39464096 -148.4112
-6.37985219 -148.1693
-6.37395798 -147.9306
-6.366367 -147.69
-6.35155014 -147.4058
-6.34143366 -147.1802
-6.33759844 -146.9068
-6.3252282 -146.654
-6.31343722 -146.4134
-6.30727735 -146.1545
-6.30226206 -145.9282
-6.28745748 -145.6956
-6.28056004 -145.4588
-6.27578708 -145.2076
-6.25750579 -144.9613
-6.25366547 -144.6909
-6.23956599 -144.4553
-6.22812491 -144.0677
-6.22056572 -143.8084
-6.20730585 -143.5495
-6.20230858 -143.3126
-6.19453375 -143.0625
-6.18379734 -142.7898
-6.17148698 -142.5606
-6.16301351 -142.3097
-6.15295075 -142.0525
-6.13838799 -141.7953
-6.13556688 -141.5136
-6.13521793 -141.3071
-6.11884888 -141.0536
-6.11141468 -140.7796
-6.09895243 -140.5221
-6.09507267 -140.2749
-6.08451539 -140.0733
-6.07756984 -139.8648
-6.06193751 -139.5897
-6.05644891 -139.3477
-6.04761403 -139.0741
-6.03269373 -138.7331
-6.02081907 -138.4829
-6.00805818 -138.2246
-6.00382364 -137.9508
-5.99341821 -137.7187
-5.98517262 -137.4514
-5.97832061 -137.2467
-5.96694238 -136.9986
-5.95310805 -136.7835
-5.94659935 -136.4945
-5.93871755 -136.2485
-5.92398509 -136.0323
-5.92143525 -135.7675
-5.90551635 -135.4845
-5.89890943 -135.3121
-5.89341365 -135.0155
-5.88360941 -134.7827
-5.87185043 -134.5821
-5.8573824 -134.328
-5.85194263 -134.1161
-5.84339075 -133.8525
-5.83190768 -133.4896
-5.8216031 -133.257
-5.81316754 -132.9838
-5.80151515 -132.7205
-5.79156981 -132.5707
-5.78542898 -132.3006
-5.77207353 -132.0391
-5.76312781 -131.8307
-5.75631541 -131.6027
-5.74707636 -131.4492
-5.73563587 -131.1789
-5.72804846 -130.9362
-5.71657958 -130.6826
-5.7132529 -130.463
-5.70082673 -130.2431
-5.69216635 -129.9845
-5.68157826 -129.7422
-5.67450513 -129.4911
-5.65878083 -129.2701
-5.65565921 -128.9887
-5.64738391 -128.7977
-5.63071121 -128.4287
-5.61740901 -128.1947
-5.6101301 -127.947
-5.60097214 -127.7458
-5.58115345 -127.5215
-5.58458087 -127.3289
-5.57469006 -127.0882
-5.56519415 -126.8505
-5.55626424 -126.6328
-5.54224691 -126.4077
-5.53538776 -126.2072
-5.52661803 -125.9541
-5.51605837 -125.7539
-5.50819072 -125.5584
-5.49627615 -125.3905
-5.49381964 -125.0708
-5.47925165 -124.8755
-5.47435047 -124.6409
-5.45033144 -124.4168
-5.44129473 -124.2031
-5.44500749 -123.9603
-5.42770967 -123.6649
-5.4172733 -123.451
-5.40719477 -123.2619
-5.40334735 -123.0545
-5.39374043 -122.8821
-5.38196904 -122.6888
-5.37274083 -122.4701
-5.36630331 -122.3157
-5.35162984 -122.0648
-5.34289504 -121.9088
-5.33567737 -121.6839
-5.32648894 -121.4418
-5.31878351 -121.2097
-5.30608169 -121.0343
-5.30226045 -120.8115
-5.29536798 -120.6306
-5.28313144 -120.4168
-5.26751632 -120.1904
-5.2590077 -120.019
-5.24996024 -119.7528
-5.23398214 -119.4458
-5.22521075 -119.2525
-5.20720383 -119.0801
-5.2101341 -118.827
-5.19582731 -118.5957
-5.19176472 -118.3384
-5.17679227 -118.0869
-5.17014069 -117.7643
-5.16559748 -117.4956
-5.1560847 -117.209
-5.14554336 -116.9392
-5.13301928 -116.5416
-5.12248759 -116.2073
-5.12188816 -115.7952
-5.10399685 -115.3195
-5.09929377 -114.7919
-5.09196864 -114.1008
-5.08092277 -113.4219
-5.07841779 -112.6013
-5.06652191 -111.6577
-5.05706237 -110.6339
-5.04654248 -108.6456
-5.04609125 -107.0875
-5.03319621 -105.3787
-5.02993076 -103.4172
-5.02052073 -101.4231
-5.01387209 -98.9223
-5.01056724 -96.0428
-5.00610846 -93.1362
-5.00213167 -90.0049
-4.99900767 -86.7249
-4.99010638 -83.0786
-4.99024504 -79.4088
-4.98505323 -75.6981
-4.98199058 -71.8526
-4.98002925 -67.9475
-4.98064595 -63.9965
-4.97707744 -60.0368
-4.98010611 -56.4317
-4.97168565 -52.8555
-4.96527496 -49.3912
-4.95928509 -46.0323
-4.96103203 -41.5341
-4.94710189 -38.7283
-4.94335435 -36.3445
-4.93783473 -34.0031
-4.92870932 -31.9004
-4.92572793 -30.0071
-4.9152031 -28.257
-4.90988298 -26.6806
-4.9076943 -25.321
-4.89688781 -24.0307
-4.88639674 -22.9078
-4.88067821 -21.9187
-4.8704632 -21.104
-4.86085333 -20.3451
-4.85825204 -19.6988
-4.84440026 -19.0822
-4.83089378 -18.5566
-4.8284632 -18.104
-4.81950861 -17.6067
-4.80865958 -17.2826
-4.80258981 -16.9707
-4.78377024 -16.4528
-4.77326039 -16.2233
-4.76772814 -16.0658
-4.75504447 -15.8209
-4.75012867 -15.5949
-4.73743505 -15.4735
-4.7287844 -15.268
-4.71926086 -15.1642
-4.7112618 -15.046
-4.69866206 -14.9282
-4.6926477 -14.819
-4.68122212 -14.7164
-4.67296237 -14.6339
-4.66246552 -14.5144
-4.65259438 -14.4386
-4.64500501 -14.3147
-4.63764947 -14.1709
-4.62299006 -14.0882
-4.61536367 -14.0449
-4.60501463 -13.9561
-4.5969865 -13.855
-4.58028153 -13.7991
-4.56793776 -13.7072
-4.56036186 -13.6342
-4.54939038 -13.5586
-4.5425478 -13.466
-4.53304504 -13.4088
-4.52143922 -13.3534
-4.52125618 -13.2846
-4.50480106 -13.2582
-4.49455546 -13.2262
-4.482817 -13.19
-4.47310026 -13.0822
-4.46751314 -13.0158
-4.45315921 -12.9887
-4.44727634 -12.9198
-4.43543278 -12.8866
-4.42778901 -12.7947
-4.41204834 -12.7598
-4.40564813 -12.7011
-4.39609301 -12.6747
-4.38914741 -12.6427
-4.37212421 -12.5387
-4.36367912 -12.5064
-4.35445103 -12.4641
-4.34032668 -12.4196
-4.33728431 -12.3857
-4.32215299 -12.3453
-4.30844547 -12.2909
-4.30637212 -12.2164
-4.29649286 -12.2042
-4.28933162 -12.1814
-4.27833209 -12.1223
-4.26505504 -12.1088
-4.25646809 -12.0423
-4.24432759 -12.0073
-4.23248335 -11.9745
-4.223608 -11.96
-4.2189519 -11.993
-4.2098641 -11.927
-4.19945947 -11.8709
-4.19202921 -11.8887
-4.16925484 -11.8148
-4.16395535 -11.8145
-4.15136551 -11.7497
-4.14563508 -11.7676
-4.13298149 -11.7403
-4.12599271 -11.7337
-4.11486143 -11.7521
-4.11338676 -11.7372
-4.10079539 -11.6733
-4.08530848 -11.6656
-4.08117176 -11.6872
-4.06521303 -11.6041
-4.06130334 -11.6098
-4.04817542 -11.5674
-4.03814516 -11.5852
-4.02998341 -11.5627
-4.02210721 -11.5487
-4.00927147 -11.5109
-4.00837177 -11.4519
-3.99012056 -11.4232
-3.97752821 -11.4187
-3.96686612 -11.3964
-3.95471223 -11.4281
-3.94753769 -11.3543
-3.93795554 -11.3438
-3.93015754 -11.2838
-3.91492248 -11.2456
-3.90807076 -11.2172
-3.89495206 -11.2282
-3.88533791 -11.1777
-3.87787943 -11.2121
-3.87117956 -11.1532
-3.85981968 -11.1296
-3.84707497 -11.1559
-3.8419241 -11.127
-3.83124093 -11.1171
-3.81727748 -11.0956
-3.80430672 -11.0784
-3.7986972 -11.084
-3.79020311 -11.0217
-3.78514068 -10.9996
-3.76781501 -11.0147
-3.75571722 -11.0134
-3.74822606 -11.0082
-3.73474901 -10.9947
-3.72462997 -11.0059
-3.71717196 -10.9812
-3.70564149 -10.9403
-3.69816512 -10.9264
-3.68936172 -10.9284
-3.67946342 -10.9274
-3.6650216 -10.952
-3.65845458 -10.9326
-3.64980337 -10.9039
-3.63976848 -10.8656
-3.63173036 -10.8292
-3.61690452 -10.8444
-3.61074872 -10.8184
-3.59985093 -10.8171
-3.59280295 -10.7865
-3.58344562 -10.7614
-3.57001991 -10.7177
-3.5628565 -10.755
-3.54656636 -10.7492
-3.53827843 -10.7421
-3.52881919 -10.6593
-3.51331103 -10.6641
-3.50818719 -10.6193
-3.49920474 -10.6678
-3.49012905 -10.6535
-3.47707372 -10.5684
-3.47051082 -10.6054
-3.46129922 -10.5534
-3.44879514 -10.5558
-3.44435706 -10.5782
-3.43033879 -10.4713
-3.4188733 -10.451
-3.41027513 -10.3911
-3.40015571 -10.3437
-3.39233446 -10.3562
-3.38332728 -10.3016
-3.37406519 -10.2793
-3.35847063 -10.2761
-3.34981109 -10.2523
-3.34115767 -10.2249
-3.32840051 -10.1997
-3.31790629 -10.1963
-3.31258942 -10.1474
-3.29930132 -10.1404
-3.29154841 -10.1127
-3.27694484 -10.1148
-3.26824123 -10.0581
-3.25808679 -10.0313
-3.2492536 -9.992
-3.24500477 -9.9619
-3.23006193 -9.9871
-3.22279831 -9.9657
-3.21282874 -9.9478
-3.20224778 -9.9366
-3.18948654 -9.9138
-3.18365135 -9.9345
-3.1735372 -9.884
-3.16188471 -9.9737
-3.15596342 -9.9274
-3.13843159 -9.8873
-3.12805709 -9.8723
-3.1215712 -9.864
-3.11329691 -9.9077
-3.10403346 -9.8862
-3.08953176 -9.8872
-3.07799942 -9.8474
-3.0678746 -9.862
-3.06235195 -9.8165
-3.05223971 -9.8237
-3.04372849 -9.8303
-3.034948 -9.76
-3.01938642 -9.7374
-3.0113228 -9.716
-3.00571477 -9.6619
-2.98842667 -9.6549
-2.9781078 -9.666
-2.97126611 -9.6317
-2.96638056 -9.6232
-2.95663662 -9.5314
-2.94455073 -9.5231
-2.9178713 -9.511
-2.91968609 -9.5023
-2.90600734 -9.4898
-2.9045614 -9.458
-2.8923852 -9.444
-2.88311346 -9.4862
-2.87355103 -9.4641
-2.85986956 -9.4532
-2.85170866 -9.4302
-2.84307139 -9.3933
-2.8325141 -9.427
-2.82602379 -9.4213
-2.80961763 -9.3661
-2.8055484 -9.348
-2.79139821 -9.3187
-2.77956829 -9.3363
-2.77247288 -9.3336
-2.76507118 -9.3346
-2.75330569 -9.3143
-2.74564377 -9.2919
-2.73551283 -9.3101
-2.71850395 -9.2565
-2.71564696 -9.2312
-2.6974272 -9.184
-2.69391173 -9.1931
-2.68320493 -9.1971
-2.67070289 -9.1983
-2.66112503 -9.2441
-2.65298181 -9.2107
-2.6427915 -9.205
-2.63329367 -9.1449
-2.62187684 -9.1548
-2.61638806 -9.1482
-2.60116443 -9.1621
-2.60270387 -9.1389
-2.59026218 -9.1046
-2.57292835 -9.1245
-2.56507119 -9.0993
-2.55365228 -9.0516
-2.54415993 -9.0471
-2.53074446 -9.0562
-2.52980345 -9.0215
-2.51060923 -9.0181
-2.50447965 -9.0355
-2.49459767 -9.0249
-2.4809468 -8.996
-2.471342 -8.94
-2.46405955 -8.9885
-2.4506366 -9.002
-2.4423366 -9.002
-2.43813541 -9.0027
-2.4268386 -8.942
-2.41541552 -9.0144
-2.4003638 -8.986
-2.39870511 -8.9617
-2.38788743 -8.9721
-2.37496121 -8.9287
-2.36095713 -8.9311
-2.35559028 -8.9116
-2.34401289 -8.8983
-2.33123516 -8.8852
-2.3246797 -8.859
-2.31585148 -8.8756
-2.30199891 -8.8477
-2.29115148 -8.8756
-2.2835222 -8.834
-2.2717613 -8.811
-2.2597072 -8.784
-2.2571191 -8.777
-2.24055416 -8.8152
-2.2342055 -8.785
-2.22528952 -8.7944
-2.21228323 -8.7981
-2.20586449 -8.7503
-2.19527078 -8.7466
-2.18501294 -8.7218
-2.17328961 -8.6767
-2.16687924 -8.6828
-2.15770096 -8.6112
-2.14590572 -8.6084
-2.1393503 -8.641
-2.12412973 -8.6531
-2.11399964 -8.6708
-2.1120942 -8.674
-2.08951035 -8.6645
-2.08433636 -8.6492
-2.07307563 -8.6261
-2.06138821 -8.6187
-2.05401728 -8.6016
-2.04371269 -8.6043
-2.03814006 -8.5882
-2.01960385 -8.6095
-2.01029786 -8.5542
-2.00677559 -8.5673
-1.99772064 -8.5408
-1.99106552 -8.5144
-1.97499986 -8.4942
-1.96186684 -8.4548
-1.95871733 -8.4251
-1.94424865 -8.4655
-1.93272124 -8.4228
-1.92587347 -8.4509
-1.91605201 -8.4047
-1.90798958 -8.3826
-1.90287186 -8.3342
-1.87971334 -8.3098
-1.87115945 -8.3415
-1.86477832 -8.3304
-1.85211861 -8.3067
-1.83965461 -8.2267
-1.83755869 -8.2243
-1.82417875 -8.2125
-1.81603808 -8.1776
-1.8013677 -8.219
-1.8002102 -8.194
-1.78130965 -8.1355
-1.77489469 -8.1443
-1.76548602 -8.1494
-1.75231951 -8.1297
-1.74379499 -8.0853
-1.73282168 -8.0696
-1.72917489 -8.0383
-1.71899767 -8.0249
-1.71090681 -7.9607
-1.69665768 -7.9896
-1.68306244 -7.9868
-1.6761216 -7.952
-1.66299793 -7.9071
-1.65165135 -7.9345
-1.64291527 -7.8969
-1.6349287 -7.889
-1.62382237 -7.8339
-1.61202254 -7.8338
-1.61298718 -7.8546
-1.59448157 -7.8579
-1.5892491 -7.877
-1.58205076 -7.8172
-1.56743886 -7.8242
-1.55552203 -7.8341
-1.54678527 -7.7969
-1.53873797 -7.7659
-1.5270735 -7.745
-1.52096738 -7.7486
-1.50880444 -7.7268
-1.50142756 -7.7132
-1.48730083 -7.6701
-1.47377584 -7.6848
-1.46143024 -7.6528
-1.45145336 -7.6392
-1.45194414 -7.5858
-1.43728902 -7.5594
-1.42753356 -7.5332
-1.4222101 -7.547
-1.40814172 -7.5284
-1.40239459 -7.4973
-1.38291091 -7.4877
-1.37916361 -7.4567
-1.36919948 -7.4356
-1.35802736 -7.4192
-1.34605728 -7.4016
-1.34269965 -7.4355
-1.32731151 -7.3697
-1.31636476 -7.3972
-1.30841151 -7.3697
-1.29677441 -7.3327
-1.29440484 -7.3148
-1.27772847 -7.3009
-1.26588814 -7.2658
-1.25353982 -7.2354
-1.24351925 -7.2475
-1.23752295 -7.1865
-1.22820782 -7.1954
-1.21828517 -7.1499
-1.20890744 -7.1368
-1.19889176 -7.0872
-1.18785385 -7.1095
-1.17597782 -7.0954
-1.16963872 -7.1184
-1.16020485 -7.0795
-1.14743749 -7.0603
-1.14030209 -7.0223
-1.12521926 -7.0122
-1.11711773 -7.0131
-1.11251548 -6.9556
-1.10424863 -6.9361
-1.09304285 -6.9395
-1.07844744 -6.9368
-1.07288314 -6.9158
-1.05845356 -6.9332
-1.04464472 -6.9384
-1.04467753 -6.9191
-1.02858624 -6.9728
-1.01569614 -7.0258
-1.0034873 -7.031
-1.00091573 -7.0731
-0.98577493 -7.0971
-0.97663991 -7.1177
-0.9646105 -7.135
-0.95902784 -7.1248
-0.94497221 -7.0987
-0.93784845 -7.1715
-0.9295139 -7.133
-0.91527739 -7.2133
-0.90948011 -7.2117
-0.89602843 -7.2421
-0.88829613 -7.2611
-0.87583612 -7.2964
-0.8721076 -7.372
-0.85981253 -7.3691
-0.84808563 -7.3261
-0.83440127 -7.3169
-0.82338563 -7.3261
-0.81531687 -7.2489
-0.80699953 -7.2591
-0.79834067 -7.2349
-0.7860762 -7.214
-0.77947905 -7.1535
-0.76056953 -7.1591
-0.75946116 -7.1052
-0.74594892 -7.1124
-0.7397465 -7.055
-0.72392644 -7.0668
-0.71891586 -7.0142
-0.71154697 -6.9959
-0.70399304 -6.9688
-0.69173299 -6.9453
-0.68181935 -6.8945
-0.66779194 -6.8518
-0.66154154 -6.7638
-0.64927469 -6.7443
-0.6347112 -6.664
-0.6240217 -6.599
-0.6130475 -6.525
-0.60655073 -6.5231
-0.59561431 -6.4857
-0.59107806 -6.4482
-0.57575222 -6.4634
-0.56908363 -6.3861
-0.56269298 -6.3806
-0.54960382 -6.3154
-0.53985907 -6.2829
-0.53306876 -6.2772
-0.5198102 -6.194
-0.51108317 -6.2099
-0.50067055 -6.1585
-0.49375929 -6.1063
-0.47971216 -6.0752
-0.47466057 -5.9879
-0.45721446 -5.9562
-0.44863465 -5.8855
-0.43422522 -5.7734
-0.43282076 -5.7172
-0.42043891 -5.6477
-0.40688001 -5.5647
-0.40153339 -5.5333
-0.39362689 -5.4783
-0.38172719 -5.4193
-0.37061457 -5.3679
-0.3625994 -5.318
-0.350262 -5.34
-0.34473051 -5.2997
-0.33099961 -5.3767
-0.31904143 -5.3521
-0.3168589 -5.283
-0.3023357 -5.179
-0.28879975 -5.0825
-0.28682313 -4.9511
-0.2791848 -4.856
-0.26615884 -4.6948
-0.25811609 -4.6023
-0.24796973 -4.4531
-0.23758665 -4.3255
-0.22383281 -4.1807
-0.21065287 -4.1689
-0.20933715 -4.0605
-0.19446125 -3.9875
-0.18578068 -3.7996
-0.17277673 -3.7431
-0.16471609 -3.6023
-0.15726841 -3.5127
-0.14646153 -3.3991
-0.13895703 -3.2841
-0.1255779 -3.213
-0.12057939 -3.1533
-0.10630604 -3.0788
-0.09320685 -3.0195
-0.0881839 -3.033
-0.0805315 -3.005
-0.06808301 -2.9747
-0.05589916 -2.9652
-0.04521242 -2.9574
-0.03744897 -2.9359
-0.02316049 -2.8703
-0.01565459 -2.6973
-0.00616393 -0.9271
-0.00510847 2.0991
0.00302867 3.0949
0.01268811 3.1717
0.02783717 3.1899
0.03797593 3.1671
0.04625247 3.1809
0.0525673 3.231
0.06656713 3.2311
0.07191409 3.2623
0.08100678 3.2666
0.08623317 3.3099
0.09873491 3.3677
0.11604549 3.4203
0.12501544 3.4968
0.12786431 3.5857
0.14015712 3.7664
0.149366 3.82
0.16006867 3.9949
0.17353424 4.1328
0.18075149 4.2403
0.19490444 4.3268
0.1990018 4.446
0.21570715 4.5605
0.22571641 4.6727
0.22858347 4.7509
0.23747556 4.8732
0.25082732 4.9604
0.26227759 5.1073
0.27222463 5.2561
0.2813817 5.399
0.28741544 5.4968
0.29724459 5.5973
0.31063596 5.6612
0.32207115 5.6405
0.33219448 5.6856
0.33832835 5.7245
0.34621917 5.7299
0.35655096 5.7112
0.36220506 5.7382
0.37853697 5.8959
0.39038478 5.9266
0.39849842 5.9774
0.40976225 6.0575
0.41733012 6.0764
0.42731401 6.1447
0.43583241 6.1927
0.45090695 6.2665
0.45650461 6.3267
0.46382675 6.3725
0.47945977 6.4119
0.4840253 6.491
0.49555577 6.5319
0.50864153 6.5991
0.51388169 6.6343
0.52602746 6.6662
0.53045776 6.7072
0.54756528 6.7616
0.55373434 6.7798
0.5649235 6.845
0.57643744 6.8368
0.58504076 6.7172
0.60323633 6.9551
0.61016816 6.9952
0.61400832 7.0304
0.63113267 7.0749
0.63995702 7.1194
0.64647793 7.1071
0.65560432 7.1504
0.66929259 7.1573
0.67531354 7.2038
0.68656186 7.2342
0.6970857 7.279
0.70411919 7.2593
0.71200117 7.2699
0.71971991 7.3177
0.73250648 7.3256
0.74551519 7.3793
0.74995378 7.3566
0.76445225 7.3575
0.77207014 7.4058
0.78660805 7.3835
0.79598667 7.4549
0.80965522 7.4734
0.81161867 7.4949
0.82551055 7.5585
0.83619627 7.5669
0.8441556 7.532
0.85943737 7.4839
0.86179606 7.5082
0.87873822 7.4834
0.88210137 7.5639
0.89364842 7.4774
0.89991387 7.4389
0.91644362 7.4214
0.92065603 7.4141
0.93186823 7.3481
0.94290903 7.3241
0.95417197 7.3459
0.96174422 7.3034
0.97158285 7.3395
0.97779883 7.3301
0.99911872 7.3184
1.0041347 7.309
1.01742127 7.3169
1.02601358 7.2626
1.03458294 7.2218
1.04332153 7.1991
1.05400126 7.1522
1.06828953 7.1591
1.07486352 7.1744
1.08374346 7.1862
1.09670419 7.2093
1.10007988 7.2236
1.11424469 7.2443
1.12381392 7.2624
1.13067397 7.2859
1.14625816 7.2952
1.15561838 7.3186
1.16076228 7.3516
1.17603644 7.3668
1.18328404 7.3388
1.19089309 7.3923
1.20769598 7.3906
1.21365824 7.4128
1.2251528 7.416
1.23394519 7.4793
1.24964927 7.4769
1.25404948 7.5356
1.26208828 7.5716
1.27587519 7.5793
1.28397162 7.5814
1.29251025 7.6175
1.30602674 7.6078
1.31133558 7.6026
1.32583987 7.6589
1.33476873 7.5831
1.34360192 7.6224
1.34918968 7.6296
1.36500383 7.6801
1.37174548 7.6556
1.38442062 7.6114
1.38617833 7.6951
1.40639877 7.7419
1.41163158 7.7226
1.4283547 7.709
1.43477922 7.7534
1.4458646 7.762
1.44867467 7.8149
1.46688738 7.7486
1.4755289 7.783
1.48412856 7.7832
1.49608725 7.8075
1.50839592 7.8024
1.51259987 7.8589
1.52516447 7.8209
1.53285788 7.8836
1.54523425 7.8975
1.54809583 7.9201
1.5650623 7.881
1.57361249 7.9103
1.58527356 7.9332
1.58921559 7.9673
1.59729502 7.9794
1.60562035 7.9645
1.61959859 7.9773
1.6364416 7.952
1.6466821 7.987
1.6582362 8.014
1.67292532 8.0204
1.67486905 8.0535
1.68218235 8.1045
1.69089238 8.0986
1.70289871 8.1537
1.71059752 8.1544
1.71717049 8.1703
1.73582255 8.1985
1.74005961 8.1767
1.75440742 8.2074
1.76213734 8.1898
1.77545128 8.1816
1.78280674 8.2078
1.79327835 8.2245
1.80369144 8.2168
1.8088857 8.279
1.82294877 8.2419
1.83230185 8.2695
1.84656581 8.2907
1.85361158 8.3226
1.86110733 8.3251
1.8701154 8.438
1.88508497 8.4559
1.8932358 8.426
1.90427528 8.4616
1.91683996 8.5412
1.91972551 8.5497
1.93212317 8.6099
1.94096792 8.6424
1.94968955 8.6885
1.96040026 8.6822
1.9730479 8.713
1.98139418 8.7446
1.98666205 8.7635
2.00191479 8.7913
2.01003421 8.8387
2.02324743 8.7721
2.03130476 8.7972
2.04195967 8.7649
2.0560898 8.806
2.06719337 8.8039
2.07263489 8.8383
2.08779014 8.8058
2.09623149 8.8403
2.10352465 8.7855
2.11119065 8.8055
2.11944254 8.8338
2.13126294 8.8218
2.13986043 8.8821
2.15025703 8.8841
2.15485822 8.8834
2.17219239 8.8633
2.17862847 8.9009
2.18649864 8.8008
2.19613969 8.8943
2.20433829 8.8363
2.21662639 8.8433
2.22928283 8.8101
2.24403884 8.8948
2.25171725 8.9075
2.26282371 8.9037
2.27330042 8.9174
2.2822246 8.962
2.28961746 8.9662
2.29791151 8.9697
2.31134432 8.9504
2.32207139 8.9933
2.32858006 8.9882
2.34130866 9.0302
2.34952634 9.0198
2.35483008 9.0176
2.37160186 9.0342
2.38336021 9.0587
2.39094967 9.0649
2.40220445 9.0915
2.40791312 9.0864
2.41764151 9.0697
2.42964423 9.0681
2.43632727 9.1369
2.45054393 9.1271
2.46377963 9.1061
2.47271571 9.1437
2.48043645 9.1315
2.49115141 9.1227
2.49945141 9.1227
2.50773798 9.1306
2.52228545 9.1615
2.53312918 9.1946
2.53810946 9.2062
2.55370674 9.2078
2.55740283 9.2101
2.57183394 9.1918
2.57918957 9.2179
2.58678396 9.2212
2.59718685 9.2195
2.61364452 9.2444
2.62117907 9.2829
2.62831154 9.2638
2.64076853 9.2891
2.64626785 9.2895
2.65995561 9.2967
2.67179743 9.2721
2.68434354 9.3038
2.68976853 9.2891
2.7009891 9.277
2.71084388 9.3036
2.72031991 9.3177
2.72972399 9.3153
2.73826364 9.3508
2.74966415 9.3505
2.75985858 9.4126
2.77129938 9.3886
2.77355276 9.3572
2.78831094 9.3818
2.80088986 9.3942
2.80790805 9.3835
2.81744413 9.4211
2.83115637 9.4139
2.83657371 9.4037
2.84291387 9.4389
2.85831914 9.4358
2.87242798 9.4306
2.88432628 9.4316
2.89400044 9.4468
2.90163278 9.4866
2.91508314 9.5158
2.92523027 9.5469
2.92944731 9.5957
2.93792245 9.5515
2.95175271 9.5337
2.95849219 9.5693
2.97532929 9.6063
2.98056771 9.5837
2.98668101 9.6347
2.99623762 9.6014
3.00999584 9.6848
3.0130479 9.713
3.02450136 9.7992
3.04207467 9.8149
3.04605444 9.8268
3.05185941 9.8827
3.06435856 9.8832
3.08269787 9.9189
3.09281708 9.9076
3.10193446 9.9562
3.10814245 9.9515
3.12314364 9.9508
3.1267532 10.004
3.13717411 9.9917
3.14914878 10.0066
3.1581127 9.969
3.16895745 10.0015
3.17509727 10.0369
3.18616803 10.0541
3.19456633 10.0551
3.20747483 10.0501
3.21490819 10.0893
3.22621295 10.0865
3.23854767 10.1249
3.24806488 10.1736
3.25446148 10.1756
3.2701421 10.187
3.2792911 10.217
3.28797342 10.2274
3.29803738 10.2486
3.30793568 10.2496
3.31955778 10.2366
3.33563725 10.3075
3.33915629 10.2963
3.34866347 10.3509
3.36272692 10.3724
3.36582526 10.4322
3.37788586 10.5142
3.38395046 10.4762
3.39367549 10.5203
3.40283979 10.5413
3.41516771 10.5837
3.42159053 10.6291
3.4393482 10.654
3.44428356 10.6332
3.44934327 10.6569
3.46283753 10.7191
3.4759139 10.733
3.49120251 10.7397
3.50045151 10.7697
3.51210017 10.7999
3.51734305 10.8335
3.52995886 10.8242
3.53691109 10.8523
3.54791313 10.8511
3.55713969 10.8943
3.56771776 10.9072
3.57586094 10.8818
3.58736417 10.8799
3.59398291 10.9277
3.60063816 10.8952
3.61725945 10.9415
3.62951542 10.9674
3.63936119 10.9993
3.64475796 11.0012
3.65501648 11.0256
3.66411733 11.0251
3.67242838 11.0186
3.68074831 11.0657
3.6961189 11.083
3.70861006 11.0882
3.71490411 11.0917
3.7226628 11.116
3.73909548 11.1556
3.74465396 11.1212
3.75510126 11.1522
3.76414767 11.1249
3.77658647 11.1609
3.78468766 11.1602
3.79074686 11.1842
3.8047489 11.183
3.81366951 11.2297
3.81637329 11.2863
3.83487053 11.2291
3.84446067 11.2349
3.85832089 11.2583
3.86044082 11.3054
3.87624375 11.3625
3.88076738 11.3486
3.89170856 11.3832
3.90911727 11.4369
3.91878837 11.4539
3.92964332 11.4804
3.93820609 11.5023
3.94593486 11.5442
3.95363367 11.5449
3.96362092 11.5524
3.97383554 11.5438
3.98290532 11.6204
3.9984213 11.611
4.00003167 11.6049
4.02595921 11.5887
4.02543116 11.6052
4.03158479 11.6913
4.03937527 11.6969
4.05127221 11.6987
4.0611241 11.727
4.07112074 11.7878
4.0815711 11.817
4.09011041 11.8527
4.10155788 11.8836
4.11925397 11.8859
4.12949804 11.9188
4.13535618 11.8846
4.14345435 11.9445
4.15352613 11.9611
4.16708975 11.9825
4.17413858 12.0126
4.18627993 12.0471
4.19462927 12.0769
4.20198324 12.1628
4.21718239 12.1633
4.22584044 12.2468
4.23335204 12.2988
4.23919118 12.3346
4.24961821 12.3187
4.26566364 12.3508
4.27075548 12.3556
4.28219411 12.3917
4.29128055 12.4585
4.3041406 12.482
4.30984404 12.5388
4.32301076 12.6172
4.33591467 12.6149
4.34647251 12.6397
4.35679805 12.6835
4.36223039 12.7233
4.36820489 12.7383
4.38274356 12.8332
4.39444016 12.8352
4.40520467 12.9149
4.41209634 12.9198
4.42197292 12.9924
4.43333131 13.0757
4.44019952 13.0944
4.44798031 13.1057
4.46181966 13.2002
4.46984078 13.2466
4.47789505 13.2735
4.48630954 13.3238
4.49572216 13.3752
4.50619109 13.4523
4.5209386 13.542
4.53565853 13.5891
4.5429652 13.644
4.55112019 13.7293
4.55877909 13.8123
4.57224836 13.8892
4.58260688 13.9136
4.58586935 13.9945
4.5957934 14.098
4.60707559 14.1673
4.62118587 14.2789
4.63198064 14.3408
4.63487065 14.4055
4.65217736 14.5192
4.65485789 14.6483
4.66488891 14.7477
4.67267539 14.8733
4.68779906 14.9182
4.6853478 15.066
4.70459348 15.2156
4.71266755 15.3485
4.72511229 15.6163
4.73646919 15.7593
4.75059702 15.9194
4.75925978 16.1766
4.76627078 16.3466
4.77354497 16.6559
4.78006047 16.9409
4.79645404 17.2388
4.80652143 17.5521
4.8118722 17.934
4.81695072 18.3584
4.82959205 18.8635
4.84077936 19.4592
4.84907504 20.1088
4.85666243 20.8221
4.86486286 21.7042
4.87237476 22.6972
4.88242975 23.7825
4.88293769 24.9543
4.8933704 26.288
4.90019414 27.6858
4.91308158 30.2226
4.92256884 31.9948
4.92558915 34.1005
4.93517099 36.4053
4.93841262 38.8514
4.94191918 41.4946
4.94545938 44.5886
4.95186379 47.8213
4.95314711 51.3017
4.95767658 54.8726
4.97325844 58.7068
4.96598089 62.4583
4.97087469 66.3443
4.97442795 70.1365
4.97465095 73.9465
4.98353557 77.8379
4.9838865 81.455
4.98742507 84.9029
4.99245621 88.1787
4.99337511 91.4617
4.99800265 94.4455
5.00001055 98.5585
5.01155376 100.8272
5.01761006 103.0882
5.0253362 105.014
5.03164373 106.8331
5.04311468 108.3796
5.05052924 109.7828
5.05611835 111.0245
5.06470577 112.0319
5.06783391 112.8977
5.07558666 113.6902
5.0833044 114.268
5.09354084 114.8348
5.10267996 115.3412
5.11036022 115.8234
5.12517376 116.2272
5.13292062 116.6114
5.13732983 116.9001
5.14973003 117.1941
5.15841816 117.4952
5.17200561 117.7967
5.17870521 118.2087
5.18899496 118.3912
5.19735007 118.6529
5.21320773 118.9131
5.21628511 119.1617
5.22602008 119.3176
5.24155258 119.5926
5.24581564 119.7908
5.25946391 119.9977
5.26920793 120.2071
5.27608089 120.4583
5.28662576 120.6672
5.29452524 120.9028
5.30143356 121.1332
5.31081158 121.3226
5.32177876 121.5772
5.33740153 121.7991
5.34244619 121.9493
5.35215978 122.1766
5.35893117 122.3699
5.36991395 122.5565
5.38523336 122.8392
5.39218112 123.0464
5.40276033 123.2351
5.40807243 123.5221
5.41814161 123.7167
5.42668614 123.9258
5.43436586 124.1142
5.44178931 124.3357
5.45826002 124.5294
5.46384369 124.7743
5.47946506 124.9382
5.48369514 125.1558
5.49348323 125.3981
5.50248373 125.6331
5.51472061 125.8467
5.52194028 126.0116
5.52914418 126.2446
5.54165063 126.4761
5.55057153 126.6991
5.55836047 126.9409
5.57206241 127.2927
5.58378399 127.5153
5.59162886 127.7242
5.60321627 127.9669
5.617271 128.17
5.6227137 128.439
5.63305041 128.6527
5.64329137 128.8639
5.64679663 129.0961
5.66288676 129.3372
5.66514489 129.5383
5.66835202 129.7694
5.68568737 129.9839
5.69425557 130.2379
5.70609436 130.5092
5.71312648 130.7256
5.72106748 130.9956
5.73166611 131.2317
5.74288909 131.5123
5.75478003 131.6941
5.76360709 131.9723
5.77310155 132.3285
5.78698743 132.5721
5.79731309 132.7923
5.80460989 133.0883
5.81089696 133.3312
5.82700052 133.5644
5.83062707 133.8429
5.84214882 134.0654
5.84805901 134.2947
5.8642607 134.529
5.8645289 134.783
5.87279587 134.9789
5.88416747 135.2309
5.89293775 135.5425
5.90845602 135.6494
5.91314415 135.9505
5.92453496 136.1912
5.93912479 136.4913
5.94671594 136.7318
5.94944993 136.9471
5.9648996 137.212
5.97664102 137.5994
5.985915 137.85
5.99291516 138.0852
6.00338948 138.3356
6.01556822 138.5834
6.02337964 138.8708
6.0341713 139.111
6.04208472 139.3384
6.05268505 139.5735
6.05885291 139.8277
6.06916055 140.0585
6.07365867 140.2949
6.08592143 140.5521
6.09679388 140.8036
6.10521206 141.0282
6.11635748 141.2956
6.12260817 141.5599
6.13601972 141.7884
6.13873199 142.0753
6.14371328 142.3216
6.16100188 142.5636
6.18064704 142.9488
6.1844169 143.143
6.19335484 143.4148
6.20425062 143.7114
6.21399022 143.9234
6.22507185 144.1695
6.22694141 144.4227
6.24096758 144.6426
6.25053153 144.8991
6.26207933 145.1651
6.26808442 145.3974
6.27603426 145.6622
6.28338291 145.9277
6.29749497 146.1559
6.30371183 146.4401
6.31588581 146.6907
6.323579 146.93
6.33163649 147.1903
6.34066712 147.4664
6.35068751 147.6897
6.35876064 147.9408
6.37653759 148.3073
6.38758454 148.5738
6.39194271 148.8337
6.4046815 149.105
6.41169955 149.3885
6.41985534 149.6498
6.43402762 149.9014
6.43936913 150.1711
6.44713308 150.4276
6.45937472 150.6384
6.46546404 150.9388
6.47945366 151.1802
6.48472288 151.4336
6.49521488 151.6736
6.5026589 151.883
6.51631231 152.1457
6.52037184 152.4048
6.53019142 152.6874
6.54115686 152.8842
6.54725736 153.1192
6.55789598 153.3906
6.56845555 153.7085
6.58427628 153.9316
6.59308528 154.1616
6.60423389 154.3683
6.60915921 154.5887
6.62344785 154.8895
6.62689238 155.0986
6.63482556 155.3732
6.64919933 155.5651
6.64679392 155.8624
6.66560534 156.1498
6.67396555 156.4085
6.68711501 156.6147
6.68814152 156.8344
6.70545239 157.0633
6.7103531 157.357
6.72278063 157.5761
6.73331483 157.8501
6.7391699 158.053
6.75040512 158.3264
6.75889189 158.6283
6.77423748 158.8956
6.78061796 159.2012
6.78926627 159.4669
6.79742937 159.7239
6.80866578 159.9966
6.81562582 160.2554
6.82832105 160.4935
6.83866069 160.7643
6.84279621 160.9787
6.85605064 161.2408
6.86119419 161.5093
6.87087739 161.8133
6.87868078 162.0466
6.88869522 162.2734
6.90357226 162.5222
6.90952924 162.7828
6.91648197 163.0459
6.92676326 163.2922
6.93512976 163.5472
6.94496498 163.8206
6.95704193 164.1871
6.96561132 164.4404
6.98042117 164.6699
6.99142626 164.9022
6.9950849 165.103
7.00094685 165.4195
7.01664633 165.6551
7.02339277 165.9219
7.03288018 166.1646
7.04274957 166.4179
7.05388356 166.6332
7.06453884 166.8948
7.07324869 167.1243
7.0824902 167.394
7.08890464 167.6208
7.10028474 167.8678
7.10670398 168.1506
7.11555025 168.4175
7.12163596 168.6612
7.13489413 168.9211
7.1544016 169.152
7.16034812 169.5364
7.16319065 169.8055
7.17357211 170.0517
7.18813759 170.3073
7.19775836 170.5892
7.20552465 170.7855
7.21137241 170.9927
7.21702871 171.2537
7.24194234 171.5398
7.24134046 171.7762
7.25056905 172.0535
7.25849862 172.2714
7.26840881 172.5007
7.27724131 172.7757
7.28496905 173.0535
7.28985238 173.2986
7.30495985 173.5295
7.3164272 173.784
7.3215974 173.978
7.33516611 174.2317
7.33914281 174.4807
7.36489188 174.8636
7.35775379 175.1213
7.37476096 175.4112
7.38287833 175.6951
7.39052103 175.9641
7.39845927 176.1769
7.4073831 176.457
7.4166819 176.693
7.4320535 176.945
7.43265251 177.2397
7.43983699 177.4253
7.44862614 177.7258
7.46711202 177.9694
7.47668039 178.2233
7.47949041 178.4527
7.49690502 178.6794
7.50062596 178.9612
7.50796254 179.2338
7.52374723 179.4781
7.52454981 179.7707
7.53428516 179.9852
7.55329632 180.3904
7.56158509 180.6323
7.56937233 180.8751
7.57943985 181.1295
7.58756007 181.3529
7.59743337 181.6039
7.6083504 181.888
7.61508745 182.1015
7.62081332 182.3804
7.63244646 182.5962
7.64162945 182.8415
7.65533352 183.0744
7.65507486 183.3442
7.66897506 183.6382
7.68098015 183.8705
7.68556518 184.1146
7.69701022 184.3234
7.70504714 184.5958
7.71280276 184.8572
7.72496369 185.1743
7.73399483 185.4501
7.74876919 185.7593
7.75871835 186.0245
7.76510865 186.2655
7.77774876 186.4772
7.78169567 186.6849
7.79513871 186.9537
7.80024754 187.1838
7.80775926 187.4122
7.81828772 187.7484
7.8270059 187.973
7.83798107 188.2229
7.85010503 188.4441
7.85889618 188.6846
7.86407441 188.9327
7.87431473 189.2031
7.88572152 189.4344
7.89068938 189.6886
7.90628763 189.8661
7.9073101 190.147
7.92101638 190.3786
7.93599159 190.6873
7.9425076 190.972
7.95201864 191.2008
7.95982292 191.4924
7.96909061 191.7467
7.98107394 191.9918
7.99192646 192.1962
7.99916219 192.4693
8.00491441 192.7327
8.01556867 192.9949
8.02500827 193.2069
8.03625348 193.4156
8.04567187 193.6989
8.04932256 193.9632
8.06155213 194.1811
8.06989551 194.4497
8.07961573 194.6731
8.0908657 194.879
8.09963458 195.1326
8.10498149 195.3403
8.11508964 195.5708
8.13119689 195.9783
8.13926815 196.2305
8.14473363 196.4861
8.15653311 196.7217
8.16872545 196.9615
8.1753741 197.227
8.18505552 197.4144
8.19470961 197.6767
8.20457964 197.8708
8.20323258 198.1926
8.21960703 198.3841
8.22892538 198.6086
8.23377556 198.8732
8.24971486 199.1442
8.25773066 199.3702
8.2622927 199.569
8.27276583 199.8201
8.28494763 200.0661
8.28851923 200.3181
8.30122245 200.5515
8.31061292 200.7924
8.32237712 201.1664
8.33094728 201.3016
8.34245717 201.5899
8.35126587 201.8789
8.3612849 202.103
8.36456177 202.3519
8.3788944 202.568
8.38350561 202.7967
8.39838078 203.0466
8.40694116 203.3052
8.41183605 203.5435
8.42189252 203.8044
8.42935354 204.0038
8.43610219 204.2693
8.44887923 204.5181
8.45354828 204.7716
8.46537564 204.9908
8.47097206 205.2282
8.4834576 205.472
8.49496796 205.7012
8.50260301 205.9747
8.51573912 206.3064
8.52345594 206.5318
8.53451377 206.7919
8.54421767 207.0249
8.54845931 207.2357
8.55913431 207.4857
8.56775606 207.7082
8.58180467 207.9149
8.58544516 208.1852
8.59943189 208.4283
8.60477132 208.6404
8.61635822 208.8834
8.61971159 209.0873
8.63379802 209.3894
8.64227676 209.6372
8.64563561 209.8967
8.65595821 210.1187
8.66763929 210.3063
8.67423915 210.6005
8.68212197 210.8459
8.69296004 211.0588
8.70752118 211.4346
8.71622287 211.6689
8.72521793 211.9071
8.7318353 212.191
8.741529 212.43
8.75394582 212.6554
8.75952932 212.9004
8.76914699 213.1253
8.77362794 213.3718
8.78978305 213.6335
8.79453098 213.8406
8.80315736 214.1192
8.81533542 214.3674
8.82113116 214.6052
8.83356651 214.8197
8.84220237 215.0339
8.84526377 215.2919
8.85814387 215.5389
8.86559146 215.7462
8.87229162 215.9814
8.88241881 216.2007
8.89993269 216.6043
8.91104033 216.8351
8.91630445 217.0915
8.92005055 217.3585
8.93408964 217.5708
8.94199133 217.8051
8.94903501 218.0147
8.95734099 218.3053
8.9704607 218.529
8.97514671 218.7137
8.98097084 218.9348
8.99230925 219.1475
9.00391948 219.4356
9.0132162 219.614
9.01942541 219.9027
9.02771367 220.1449
9.04157949 220.4003
9.04266414 220.5858
9.05352482 220.7854
9.06555235 221.0045
9.07415008 221.4176
9.08550481 221.6207
9.09571126 221.8522
9.10483522 222.0734
9.11379199 222.2753
9.11804319 222.5393
9.12754947 222.7709
9.13981338 222.9686
9.14650062 223.2114
9.15539058 223.4526
9.16579682 223.6254
9.17059447 223.9209
9.17826943 224.1121
9.19133576 224.3672
9.19676737 224.5839
9.20631411 224.7917
9.21464912 225.0064
9.22239403 225.2741
9.23441782 225.4954
9.24035215 225.7105
9.24965503 225.9441
9.26423776 226.3072
9.27475887 226.5889
9.28315117 226.7699
9.28962753 227.0191
9.29616611 227.2317
9.30577256 227.4632
9.31599414 227.6858
9.32580926 227.9122
9.33185617 228.1199
9.33784579 228.3613
9.35005955 228.5885
9.35763094 228.7818
9.36340458 229.0326
9.37390117 229.2699
9.38671714 229.4958
9.39309201 229.8047
9.40109536 229.9792
9.40998719 230.2193
9.42012084 230.4348
9.42442117 230.6699
9.43294462 230.8914
9.4510741 231.227
9.45885199 231.4753
9.46873613 231.6611
9.47372252 231.9044
9.48304954 232.1238
9.49014511 232.3617
9.50126193 232.5871
9.50872601 232.7847
9.51726918 232.9946
9.53074928 233.2416
9.53154018 233.3646
9.53001502 233.3794
9.52855246 233.4162
9.53079394 233.3918
9.52739411 233.3917
