# QTMix Mixer Data
# 
# IV data file: /data/simulations/SuperMix-basics/Ideal_30.idc
# KK data file: /data/simulations/SuperMix-basics/Ideal_30_SM.ikk
# 
# Impedances:
# 	IF:		1 + 0i
# 	Fundamental:	 1 + 0i
# 	Harmonic 1 :	 1 + 0i
# 	Harmonic 2 : 	 1 + 0i
# 
# Actual Impedances:
# 	IF:		1 + -0i
# 	EmbImp.Z = 1 + 0i
# 	LO:		1 + -0i
# Operating Point:
# Bias       : 0.504065
# LO Freq    : 1
# LO Voltage : 2.19203
# IF Freq    : 0.01
# 
# Harmonics : 1
# 
# Scan variable : IF Frequency
# 
# X Axis | Unpump DC | Unpump KK | Pump DC | LSB Gain | USB Gain | IF Output | Noise Temp | LO Fundamental Current 
0	0	0	0.396527	0.552865	0.552865	7.6484	25.0226	0.717542
0.0099	-1.02333e-55	6.24079e-05	0.396527	0.392598	0.389291	5.99793	39.5779	0.717542
0.0198	7.0248e-55	0.0002497	0.396527	0.394282	0.387667	5.99738	39.9064	0.717542
0.0297	-3.84386e-54	0.000561981	0.396527	0.395986	0.386062	5.99644	40.2327	0.717542
0.0396	1.87813e-53	0.000999352	0.396527	0.397712	0.384476	5.99514	40.5566	0.717542
0.0495	-8.60472e-53	0.00156194	0.396527	0.399461	0.382907	5.99345	40.8781	0.717542
0.0594	3.78404e-52	0.00224998	0.396527	0.401231	0.381355	5.99138	41.1971	0.717542
0.0693	-1.61759e-51	0.00306381	0.396527	0.403025	0.379821	5.98892	41.5136	0.717542
0.0792	6.77248e-51	0.00400372	0.396527	0.404842	0.378303	5.98605	41.8275	0.717542
0.0891	-2.79069e-50	0.00507005	0.396527	0.406683	0.3768	5.98278	42.1387	0.717542
0.099	1.13553e-49	0.00626323	0.396527	0.408548	0.375313	5.9791	42.4472	0.717542
0.1089	-4.57345e-49	0.00758379	0.396527	0.410439	0.373841	5.97499	42.7528	0.717542
0.1188	1.82642e-48	0.00903226	0.396527	0.412355	0.372382	5.97044	43.0554	0.717542
0.1287	-7.24182e-48	0.0106092	0.396527	0.414297	0.370938	5.96543	43.3551	0.717542
0.1386	2.85388e-47	0.0123152	0.396527	0.416265	0.369506	5.95995	43.6515	0.717542
0.1485	-1.11856e-46	0.014151	0.396527	0.418261	0.368087	5.95397	43.9447	0.717542
0.1584	4.37012e-46	0.0161175	0.396527	0.420284	0.366679	5.94749	44.2345	0.717542
0.1683	-1.67694e-45	0.0182153	0.396527	0.422334	0.365283	5.94047	44.5208	0.717542
0.1782	7.11906e-45	0.0204454	0.396527	0.424413	0.363896	5.93288	44.8033	0.717542
0.1881	-1.17781e-44	0.0228087	0.396527	0.426519	0.36252	5.9247	45.082	0.717542
0.198	3.81698e-43	0.0253062	0.396527	0.428655	0.361152	5.9159	45.3565	0.717542
0.2079	4.80155e-42	0.0279391	0.396527	0.430819	0.359793	5.90643	45.6268	0.717542
0.2178	8.42787e-41	0.0307084	0.396527	0.433012	0.35844	5.89625	45.8926	0.717542
0.2277	1.17315e-39	0.0336153	0.396527	0.435234	0.357093	5.88532	46.1537	0.717542
0.2376	1.50644e-38	0.0366612	0.396527	0.437485	0.355752	5.87357	46.4096	0.717542
0.2475	1.73644e-37	0.0398474	0.396527	0.439764	0.354414	5.86094	46.6602	0.717542
0.2574	1.82896e-36	0.0431754	0.396527	0.442071	0.353078	5.84737	46.9051	0.717542
0.2673	1.7662e-35	0.0466466	0.396527	0.444404	0.351742	5.83274	47.1437	0.717542
0.2772	1.57494e-34	0.0502628	0.396527	0.446762	0.350405	5.81698	47.3757	0.717542
0.2871	1.3032e-33	0.0540257	0.396527	0.449145	0.349066	5.80001	47.6007	0.717542
0.297	1.00571e-32	0.0579369	0.396527	0.45155	0.34772	5.78163	47.8179	0.717542
0.3069	7.26972e-32	0.0619984	0.396527	0.453971	0.346365	5.76168	48.0265	0.717542
0.3168	4.94202e-31	0.0662122	0.396527	0.456407	0.344997	5.73999	48.226	0.717542
0.3267	3.17108e-30	0.0705805	0.396527	0.45885	0.343611	5.71631	48.4153	0.717542
0.3366	1.92698e-29	0.0751055	0.396527	0.461292	0.3422	5.69031	48.5934	0.717542
0.3465	1.11235e-28	0.0797893	0.396527	0.463721	0.340754	5.66159	48.7593	0.717542
0.3564	6.11669e-28	0.0846347	0.396527	0.466117	0.339259	5.62961	48.9119	0.717542
0.3663	3.21242e-27	0.0896442	0.396527	0.468455	0.337695	5.59365	49.0507	0.717542
0.3762	1.61518e-26	0.0948205	0.396527	0.47069	0.336028	5.5527	49.1759	0.717542
0.3861	7.79191e-26	0.100166	0.396527	0.472756	0.334207	5.5054	49.2899	0.717542
0.396	3.61402e-25	0.105685	0.396527	0.474549	0.332146	5.4498	49.3996	0.717542
0.4059	1.61466e-24	0.11138	0.396527	0.475903	0.329708	5.38324	49.5206	0.717542
0.4158	6.96132e-24	0.117254	0.396527	0.476556	0.326669	5.30193	49.6843	0.717542
0.4257	2.90088e-23	0.123311	0.396527	0.47612	0.322683	5.20129	49.9526	0.717542
0.4356	1.17021e-22	0.129554	0.396527	0.474047	0.317234	5.07605	50.439	0.717542
0.4455	4.57635e-22	0.135988	0.396527	0.469656	0.309615	4.92184	51.3434	0.717542
0.4554	1.73732e-21	0.142618	0.396527	0.462298	0.299	4.73796	52.9969	0.717542
0.4653	6.41039e-21	0.149446	0.396527	0.451732	0.284696	4.53121	55.9052	0.717542
0.4752	2.30173e-20	0.156478	0.396527	0.438793	0.266631	4.3228	60.8059	0.717542
0.4851	8.05133e-20	0.16372	0.396527	0.425308	0.245576	4.13725	68.6026	0.717542
0.495	2.74648e-19	0.171175	0.396527	0.413487	0.223197	3.99342	80.1621	0.717542
0.5049	9.14545e-19	0.178851	0.396527	0.404603	0.201423	3.9018	96.1714	0.717542
0.5148	2.97551e-18	0.186752	0.396527	0.398124	0.181781	3.85695	116.72	0.717542
0.5247	9.46721e-18	0.194886	0.396527	0.39271	0.165246	3.84605	140.848	0.717542
0.5346	2.94812e-17	0.203259	0.396527	0.386961	0.151966	3.85701	167.017	0.717542
0.5445	8.99233e-17	0.211877	0.396527	0.380458	0.141658	3.88055	193.379	0.717542
0.5544	2.68857e-16	0.220749	0.396527	0.37385	0.133871	3.91247	218.311	0.717542
0.5643	7.88494e-16	0.229882	0.396527	0.367618	0.127969	3.9504	241.229	0.717542
0.5742	2.26982e-15	0.239287	0.396527	0.362061	0.123416	3.99256	262.124	0.717542
0.5841	6.41764e-15	0.248972	0.396527	0.357302	0.119807	4.03766	281.299	0.717542
0.594	1.78325e-14	0.258946	0.396527	0.353315	0.116854	4.08471	299.141	0.717542
0.6039	4.87243e-14	0.26922	0.396527	0.350018	0.114363	4.13301	316.008	0.717542
0.6138	1.30982e-13	0.279807	0.396527	0.347298	0.112199	4.18208	332.213	0.717542
0.6237	3.46608e-13	0.290717	0.396527	0.345058	0.110273	4.23159	347.989	0.717542
0.6336	9.03315e-13	0.301966	0.396527	0.343217	0.108525	4.28135	363.513	0.717542
0.6435	2.31961e-12	0.313567	0.396527	0.341711	0.106914	4.33124	378.915	0.717542
0.6534	5.87172e-12	0.325536	0.396527	0.340485	0.10541	4.38116	394.298	0.717542
0.6633	1.46579e-11	0.33789	0.396527	0.339499	0.103992	4.43107	409.74	0.717542
0.6732	3.61006e-11	0.350647	0.396527	0.338718	0.102644	4.48092	425.303	0.717542
0.6831	8.77535e-11	0.363828	0.396527	0.338118	0.101355	4.5307	441.04	0.717542
0.693	2.10612e-10	0.377456	0.396527	0.337674	0.100114	4.58038	456.994	0.717542
0.7029	4.9926e-10	0.391554	0.396527	0.33737	0.0989151	4.62995	473.207	0.717542
0.7128	1.16935e-09	0.406149	0.396527	0.337196	0.0977528	4.6794	489.702	0.717542
0.7227	2.70697e-09	0.421272	0.396527	0.337135	0.0966223	4.72872	506.511	0.717542
0.7326	6.19549e-09	0.436954	0.396527	0.337175	0.0955189	4.77789	523.67	0.717542
0.7425	1.40235e-08	0.453234	0.396527	0.337311	0.0944392	4.82692	541.21	0.717542
0.7524	3.14018e-08	0.470152	0.396527	0.337536	0.0933815	4.87579	559.144	0.717542
0.7623	6.95806e-08	0.487755	0.396527	0.337843	0.0923432	4.92451	577.502	0.717542
0.7722	1.52608e-07	0.506096	0.396527	0.338225	0.091322	4.97306	596.312	0.717542
0.7821	3.31384e-07	0.525234	0.396527	0.338677	0.0903162	5.02144	615.598	0.717542
0.792	7.12628e-07	0.54524	0.396527	0.339197	0.0893243	5.06965	635.388	0.717542
0.8019	1.51801e-06	0.56619	0.396527	0.339779	0.0883449	5.11768	655.707	0.717542
0.8118	3.20379e-06	0.588182	0.396527	0.340421	0.087377	5.16552	676.582	0.717542
0.8217	6.70089e-06	0.611322	0.396527	0.34112	0.0864193	5.21318	698.041	0.717542
0.8316	1.38922e-05	0.635747	0.396527	0.341873	0.0854711	5.26064	720.112	0.717542
0.8415	2.8554e-05	0.661609	0.396527	0.342677	0.0845314	5.30791	742.826	0.717542
0.8514	5.81973e-05	0.689112	0.396527	0.343532	0.0835996	5.35498	766.213	0.717542
0.8613	0.00011764	0.718491	0.396527	0.344436	0.082675	5.40184	790.304	0.717542
0.8712	0.00023588	0.750071	0.396527	0.345386	0.0817569	5.4485	815.132	0.717542
0.8811	0.000469203	0.784239	0.396527	0.346382	0.0808448	5.49494	840.733	0.717542
0.891	0.000925934	0.821537	0.396527	0.347422	0.0799382	5.54116	867.144	0.717542
0.9009	0.00181267	0.862637	0.396527	0.348506	0.0790367	5.58716	894.403	0.717542
0.9108	0.00351925	0.908483	0.396527	0.349632	0.0781398	5.63293	922.549	0.717542
0.9207	0.00677138	0.96029	0.396527	0.3508	0.0772471	5.67846	951.626	0.717542
0.9306	0.0128944	1.0195	0.396527	0.35201	0.0763583	5.72376	981.679	0.717542
0.9405	0.0242379	1.08783	0.396527	0.35326	0.075473	5.76882	1012.75	0.717542
0.9504	0.0447675	1.16654	0.396527	0.354552	0.074591	5.81363	1044.9	0.717542
0.9603	0.080622	1.25615	0.396527	0.355886	0.0737119	5.85818	1078.17	0.717542
0.9702	0.139906	1.35318	0.396527	0.35726	0.0728355	5.90248	1112.62	0.717542
0.9801	0.230257	1.44543	0.396527	0.358674	0.0719616	5.94651	1148.31	0.717542
0.99	0.353253	1.51889	0.396527	0.360128	0.0710899	5.99027	1185.31	0.717542
