# QTMix Mixer Data
# 
# IV data file: /data/simulations/SuperMix-basics/Ideal_30.idc
# KK data file: /data/simulations/SuperMix-basics/Ideal_30_SM.ikk
# 
# Impedances:
# 	IF:		1 + 0i
# 	Fundamental:	 1 + 0i
# 	Harmonic 1 :	 1 + 0i
# 	Harmonic 2 : 	 1 + 0i
# 
# Actual Impedances:
# 	IF:		1 + -0i
# 	EmbImp.Z = 1 + 0i
# 	LO:		1 + -0i
# Operating Point:
# Bias       : 0.5
# LO Freq    : 1
# LO Voltage : 1.55
# IF Freq    : 0.01
# 
# Harmonics : 5
# 
# Scan variable : Bias
# 
# X Axis | Unpump DC | Unpump KK | Pump DC | LSB Gain | USB Gain | IF Output | Noise Temp | LO Fundamental Current | LO 1st Harmonic | LO 2nd Harmonic | LO 3rd Harmonic | LO 4th Harmonic
0	0	0	4.60128e-18	1.679e-18	8.43844e-19	0.137299	1.92816e+35	0.726602	9.60378e-18	0.0223478	9.94276e-19	0.000772084
0.02	9.38138e-96	0.000254772	0.0785144	0.047863	0.0436182	0.197123	103.61	0.705335	0.0254276	0.0222262	0.00177627	0.000761086
0.04	6.39877e-82	0.00101965	0.131649	0.112065	0.106897	0.460397	40.2903	0.662774	0.0421721	0.0214292	0.00290799	0.000742139
0.06	7.89093e-73	0.00229572	0.158823	0.193811	0.189772	1.07598	29.8772	0.625274	0.0502197	0.0200754	0.0033801	0.000720474
0.08	4.85907e-66	0.00408519	0.172205	0.26345	0.260392	1.83908	27.1235	0.598472	0.0537357	0.018703	0.00352252	0.000695582
0.1	1.30544e-60	0.00639083	0.179953	0.305457	0.30272	2.39918	26.1807	0.579458	0.0554458	0.0175057	0.00354434	0.000671811
0.12	4.41859e-56	0.00921655	0.185449	0.328484	0.325755	2.72572	25.6862	0.565388	0.0564642	0.0164845	0.00352485	0.000651187
0.14	3.41052e-52	0.0125669	0.189935	0.342724	0.33992	2.92186	25.2876	0.554513	0.0571919	0.0156036	0.00349021	0.00063395
0.16	8.65367e-49	0.0164476	0.193877	0.353193	0.350304	3.05544	24.8991	0.545831	0.0577746	0.0148338	0.0034493	0.000619721
0.18	9.20354e-46	0.0208651	0.197471	0.361939	0.358968	3.15767	24.5051	0.538742	0.0582694	0.0141539	0.00340536	0.000607963
0.2	4.86705e-43	0.0258272	0.200812	0.369774	0.366724	3.24196	24.1062	0.532862	0.0587022	0.0135495	0.00335989	0.000598218
0.22	1.45037e-40	0.0313424	0.203956	0.377105	0.373975	3.31557	23.7068	0.527933	0.0590863	0.013011	0.00331373	0.000590112
0.24	2.67705e-38	0.0374207	0.206938	0.38403	0.380824	3.38054	23.3098	0.523772	0.05943	0.0125305	0.00326742	0.000583329
0.26	3.29301e-36	0.0440731	0.209781	0.39073	0.387444	3.44035	22.9185	0.520245	0.0597384	0.0121025	0.00322137	0.000577624
0.28	2.86017e-34	0.0513121	0.212503	0.397218	0.393853	3.49556	22.5345	0.517251	0.0600153	0.0117222	0.00317586	0.000572789
0.3	1.8374e-32	0.0591517	0.215119	0.40355	0.400108	3.54738	22.1592	0.514713	0.0602636	0.0113861	0.00313114	0.00056866
0.32	9.06659e-31	0.0676072	0.217638	0.409757	0.406236	3.59655	21.7936	0.512571	0.0604853	0.0110908	0.00308741	0.000565106
0.34	3.54531e-29	0.076696	0.220068	0.41586	0.412261	3.6436	21.4381	0.510774	0.060682	0.0108338	0.00304483	0.000562018
0.36	1.12752e-27	0.0864372	0.222415	0.421877	0.418199	3.68902	21.0933	0.509286	0.0608551	0.0106125	0.00300354	0.000559312
0.38	2.98106e-26	0.0968522	0.224685	0.427819	0.424064	3.73312	20.7591	0.508075	0.0610058	0.010425	0.0029637	0.00055692
0.4	6.67541e-25	0.107965	0.226881	0.433699	0.429867	3.77625	20.4358	0.507116	0.061135	0.0102693	0.00292542	0.000554791
0.42	1.2864e-23	0.119801	0.229008	0.439527	0.435619	3.81866	20.1232	0.506389	0.0612436	0.0101437	0.00288883	0.000552907
0.44	2.16295e-22	0.13239	0.231066	0.445311	0.441327	3.86059	19.8213	0.505878	0.0613323	0.0100464	0.00285404	0.000551395
0.46	3.21137e-21	0.145765	0.233058	0.45106	0.447001	3.90226	19.5299	0.505569	0.0614019	0.00997605	0.00282115	0.000549841
0.48	4.25452e-20	0.159963	0.234984	0.456782	0.452649	3.94389	19.2487	0.505455	0.0614529	0.00993111	0.00279029	0.000548451
0.5	5.07604e-19	0.175024	0.236847	0.462486	0.458279	3.98569	18.9777	0.505527	0.061486	0.00991028	0.00276157	0.000547222
0.52	5.49855e-18	0.190995	0.238645	0.46818	0.4639	4.02787	18.7165	0.505782	0.0615017	0.0099123	0.00273511	0.000546156
0.54	5.44701e-17	0.207929	0.240378	0.473876	0.469524	4.07067	18.4651	0.506218	0.0615005	0.00993607	0.00271102	0.000545261
0.56	4.96655e-16	0.225883	0.242046	0.479583	0.47516	4.11434	18.223	0.506836	0.0614829	0.00998055	0.00268943	0.000544551
0.58	4.19224e-15	0.244926	0.243646	0.485316	0.480822	4.15917	17.9903	0.507638	0.0614494	0.0100449	0.00267047	0.000544047
0.6	3.29298e-14	0.265136	0.245176	0.491089	0.486525	4.2055	17.7667	0.50863	0.0614004	0.0101283	0.00265429	0.000543773
0.62	2.41833e-13	0.286601	0.246634	0.496922	0.492288	4.25371	17.5521	0.509821	0.0613364	0.0102303	0.00264105	0.000543762
0.64	1.66753e-12	0.309424	0.248016	0.502837	0.498135	4.30428	17.3463	0.511221	0.0612577	0.0103504	0.0026309	0.000544049
0.66	1.08377e-11	0.333728	0.249316	0.508862	0.504092	4.3578	17.1493	0.512847	0.0611648	0.0104884	0.00262404	0.000544683
0.68	6.66236e-11	0.359654	0.250529	0.515035	0.510197	4.41501	16.9611	0.514718	0.061058	0.0106444	0.00262069	0.000545715
0.7	3.88637e-10	0.387374	0.251645	0.521401	0.516497	4.47686	16.7818	0.516859	0.0609377	0.0108188	0.00262109	0.000547211
0.72	2.15755e-09	0.417093	0.252657	0.528023	0.523052	4.54461	16.6114	0.519301	0.0608043	0.0110121	0.00262552	0.000549247
0.74	1.14301e-08	0.449064	0.25355	0.534984	0.529945	4.61994	16.4503	0.522085	0.060658	0.0112255	0.00263432	0.000551917
0.76	5.79287e-08	0.483602	0.254308	0.542395	0.537289	4.70513	16.2988	0.525262	0.0604994	0.0114604	0.00264793	0.000555338
0.78	2.81505e-07	0.521105	0.25491	0.550423	0.545249	4.80357	16.1575	0.5289	0.0603286	0.0117191	0.00266683	0.00055965
0.8	1.31446e-06	0.562092	0.255328	0.559272	0.554026	4.91953	16.0274	0.533089	0.0601461	0.0120046	0.00269169	0.000565043
0.82	5.90917e-06	0.607262	0.255523	0.569225	0.563905	5.05917	15.9099	0.53795	0.0599521	0.0123214	0.00272338	0.00057176
0.84	2.56219e-05	0.65759	0.255449	0.58044	0.575043	5.22728	15.8079	0.543655	0.0597467	0.0126757	0.00276307	0.000580136
0.86	0.000107327	0.714516	0.255056	0.592177	0.586706	5.41394	15.7279	0.550457	0.0595285	0.0130768	0.00281241	0.000590644
0.88	0.00043492	0.7803	0.254349	0.599312	0.593814	5.53198	15.6884	0.558756	0.0592901	0.0135382	0.00287358	0.000603925
0.9	0.00170603	0.858722	0.253621	0.580662	0.575356	5.21346	15.749	0.569227	0.0590024	0.0140794	0.00294903	0.000620754
0.92	0.00646761	0.956404	0.254378	0.484052	0.479571	3.70628	16.1151	0.583088	0.058563	0.0147234	0.00303927	0.000641586
0.94	0.0234867	1.08413	0.262557	0.293004	0.290101	1.47435	17.5187	0.602484	0.0576421	0.0154699	0.00313126	0.000663873
0.96	0.0792345	1.25328	0.297718	0.126009	0.1245	0.352289	22.7279	0.630109	0.0554168	0.016215	0.00316948	0.000675724
0.98	0.229175	1.44457	0.404984	0.0490512	0.0482446	0.101796	43.7355	0.663281	0.0509867	0.0166767	0.00304366	0.000654046
1	0.500187	1.55787	0.613401	0.0234993	0.0230055	0.0762447	144.061	0.683135	0.0464575	0.0167673	0.00277672	0.000602622
1.02	0.777742	1.50654	0.83378	0.0158087	0.0155315	0.170705	707.655	0.673219	0.0458165	0.016588	0.00259368	0.000550051
1.04	0.946959	1.371	0.96877	0.0128789	0.0129445	0.656557	3918.34	0.649424	0.0466658	0.015931	0.00249668	0.000494399
1.06	1.02769	1.24645	1.03355	0.00994177	0.0104931	2.16475	19660.7	0.629624	0.0463301	0.014993	0.00239026	0.000439975
1.08	1.06905	1.15491	1.06753	0.0062446	0.00705455	4.4063	88539.1	0.616871	0.0451943	0.0140837	0.00227186	0.000393887
1.1	1.09627	1.08887	1.09059	0.0038967	0.00399783	6.08513	380733	0.609002	0.0438677	0.0132953	0.00215639	0.000356211
1.12	1.11871	1.03952	1.10999	0.00521533	0.00389738	6.94135	456980	0.604094	0.0425868	0.0126218	0.00204943	0.000324971
1.14	1.13955	1.00099	1.12819	0.00809614	0.00636837	7.35894	181451	0.600996	0.0414101	0.0120402	0.00195182	0.000298462
1.16	1.15984	0.969778	1.14599	0.0111902	0.00934762	7.59753	86950.1	0.599064	0.0403392	0.01153	0.00186259	0.000275497
1.18	1.17994	0.943787	1.16368	0.014292	0.012392	7.77035	50601	0.597924	0.0393636	0.0110769	0.00178074	0.00025532
1.2	1.19998	0.921668	1.18135	0.0173675	0.0154265	7.91686	33267.3	0.597346	0.0384715	0.0106703	0.00170534	0.000237325
1.22	1.21999	0.902536	1.19902	0.0204172	0.0184404	8.0627	23710.4	0.597181	0.0376521	0.0103026	0.00163563	0.00022115
1.24	1.24	0.88577	1.21673	0.0234181	0.0214099	8.19524	17878.6	0.597328	0.0368972	0.00996805	0.00157093	0.000206496
1.26	1.26	0.870924	1.23447	0.0263893	0.0243507	8.33421	14055.4	0.597717	0.0361996	0.00966208	0.00151071	0.000193133
1.28	1.28	0.85767	1.25223	0.0293146	0.0272474	8.46983	11408.4	0.598295	0.0355536	0.00938107	0.00145449	0.000180875
1.3	1.3	0.845748	1.27003	0.0321982	0.0301036	8.6055	9495.99	0.599023	0.0349547	0.00912208	0.00140188	0.000169573
1.32	1.32	0.834959	1.28786	0.0350393	0.0329183	8.74126	8066.75	0.599873	0.0343991	0.0088827	0.00135254	0.000159106
1.34	1.34	0.825141	1.30573	0.0378379	0.0356914	8.87715	6968.61	0.600821	0.0338837	0.00866093	0.00130617	0.00014937
1.36	1.36	0.816165	1.32363	0.0405938	0.0384228	9.01317	6105.2	0.601848	0.0334058	0.00845506	0.00126251	0.000140279
1.38	1.38	0.807927	1.34156	0.0433073	0.0411126	9.14934	5413.02	0.602941	0.0329632	0.00826369	0.00122134	0.00013176
1.4	1.4	0.800333	1.35952	0.0459788	0.0437612	9.28566	4848.8	0.604088	0.0325544	0.00808561	0.00118245	0.000123749
1.42	1.42	0.793313	1.37751	0.0486087	0.0463689	9.42212	4382.23	0.605278	0.0321777	0.00791977	0.00114567	0.00011619
1.44	1.44	0.786801	1.39553	0.0511974	0.0489362	9.55873	3991.53	0.606505	0.0318321	0.00776531	0.00111085	0.000109035
1.46	1.46	0.780746	1.41359	0.0537454	0.0514635	9.69547	3660.74	0.607763	0.0315167	0.00762147	0.00107785	0.00010224
1.48	1.48	0.775099	1.43167	0.0562532	0.0539514	9.83233	3377.93	0.609045	0.0312308	0.00748762	0.00104654	9.57649e-05
1.5	1.5	0.769822	1.44978	0.0587213	0.0564002	9.96929	3134.03	0.610348	0.0309741	0.00736322	0.00101681	8.95757e-05
1.52	1.52	0.764878	1.46792	0.0611502	0.0588105	10.1064	2922.03	0.611668	0.0307464	0.00724782	0.000988562	8.36394e-05
1.54	1.54	0.760239	1.48609	0.0635404	0.0611828	10.2435	2736.46	0.613003	0.0305477	0.00714106	0.000961721	7.81448e-05
1.56	1.56	0.755876	1.50429	0.0658924	0.0635174	10.3807	2573	0.614351	0.0303783	0.00704267	0.000936185	7.25924e-05
1.58	1.58	0.751766	1.52252	0.0682065	0.0658149	10.5179	2428.18	0.615709	0.0302388	0.00695243	0.000911899	6.72094e-05
1.6	1.6	0.747889	1.54077	0.0704831	0.0680756	10.6551	2299.19	0.617078	0.03013	0.00687022	0.000888803	6.19689e-05
1.62	1.62	0.744224	1.55906	0.0727225	0.0702998	10.7923	2183.76	0.618455	0.030053	0.00679598	0.000866849	5.68445e-05
1.64	1.64	0.740757	1.57737	0.0749251	0.0724879	10.9294	2080.01	0.619841	0.0300092	0.00672976	0.000845994	5.18099e-05
1.66	1.66	0.737471	1.5957	0.0770909	0.0746399	11.0664	1986.39	0.621237	0.0300006	0.00667169	0.000826212	4.68385e-05
1.68	1.68	0.734353	1.61407	0.0792199	0.0767561	11.2032	1901.59	0.622644	0.0300296	0.006622	0.000807484	4.19026e-05
1.7	1.7	0.731392	1.63246	0.0813122	0.0788363	11.3397	1824.53	0.624062	0.0300991	0.00658107	0.000789804	3.69734e-05
1.72	1.72	0.728575	1.65087	0.0833673	0.0808803	11.4759	1754.29	0.625494	0.030213	0.00654942	0.000773188	3.2022e-05
1.74	1.74	0.725892	1.66932	0.0853847	0.0828877	11.6116	1690.1	0.626943	0.0303761	0.00652778	0.00075767	2.70212e-05
1.76	1.76	0.723336	1.68779	0.0873634	0.0848576	11.7466	1631.29	0.628414	0.0305945	0.00651715	0.000743319	2.19539e-05
1.78	1.78	0.720897	1.70629	0.0893018	0.0867888	11.8807	1577.3	0.629913	0.0308763	0.00651884	0.000730234	1.68434e-05
1.8	1.8	0.718568	1.72482	0.0911973	0.0886791	12.0134	1527.65	0.631448	0.0312319	0.00653473	0.000718592	1.1872e-05
1.82	1.82	0.716342	1.74339	0.0930452	0.0905245	12.1441	1481.95	0.633031	0.0316757	0.00656737	0.000708653	7.98943e-06
1.84	1.84	0.714212	1.76198	0.0948356	0.0923168	12.2712	1439.87	0.634679	0.0322278	0.00662049	0.000700836	8.34014e-06
1.86	1.86	0.712173	1.78062	0.0965417	0.094034	12.3903	1401.24	0.636413	0.0329175	0.00669965	0.000695815	1.34771e-05
1.88	1.88	0.710219	1.79932	0.0980824	0.0956098	12.488	1366.12	0.638263	0.0337898	0.00681368	0.000694795	2.14601e-05
1.9	1.9	0.708346	1.81814	0.0991904	0.0968256	12.5199	1335.43	0.640244	0.0349162	0.00697758	0.000700034	3.17331e-05
1.92	1.92	0.706548	1.83725	0.0989949	0.0969685	12.3433	1312.71	0.642296	0.0364149	0.00721933	0.000716487	4.52263e-05
1.94	1.94	0.704822	1.85722	0.0949608	0.0939526	11.5668	1310.38	0.644001	0.0384725	0.00759473	0.000756317	6.42909e-05
1.96	1.96	0.703163	1.87978	0.0819589	0.0835056	9.55868	1370.78	0.643747	0.0413302	0.0082211	0.000851879	9.41735e-05
1.98	1.98	0.701568	1.90888	0.0578226	0.0635325	6.63867	1644.71	0.637102	0.04496	0.00928995	0.00107479	0.000145098
2	2	0.700033	1.94838	0.0328597	0.0416799	4.77807	2750.41	0.61835	0.0480698	0.0108118	0.00149257	0.000226173
