# QTMix Mixer Data
# 
# IV data file: /data/simulations/SuperMix-basics/Ideal_30.idc
# KK data file: /data/simulations/SuperMix-basics/Ideal_30_SM.ikk
# 
# Impedances:
# 	IF:		1 + 0i
# 	Fundamental:	 1 + 0i
# 	Harmonic 1 :	 1 + 0i
# 	Harmonic 2 : 	 1 + 0i
# 
# Actual Impedances:
# 	IF:		1 + -0i
# 	EmbImp.Z = 1 + 0i
# 	LO:		1 + -0i
# Operating Point:
# Bias       : 0.5
# LO Freq    : 1
# LO Voltage : 1.55
# IF Freq    : 0.01
# 
# Harmonics : 2
# 
# Scan variable : Bias
# 
# X Axis | Unpump DC | Unpump KK | Pump DC | LSB Gain | USB Gain | IF Output | Noise Temp | LO Fundamental Current | LO 1st Harmonic 
0	0	0	5.34615e-18	2.14447e-18	3.73329e-18	0.137357	9.85522e+33	0.726277	9.38324e-18
0.02	9.38138e-96	0.000254772	0.0786477	0.0480489	0.0437875	0.197694	103.108	0.704936	0.0255797
0.04	6.39877e-82	0.00101965	0.131793	0.112443	0.107263	0.46349	40.2844	0.662293	0.0424133
0.06	7.89093e-73	0.00229572	0.158902	0.194303	0.190265	1.08467	29.9626	0.624802	0.0504815
0.08	4.85907e-66	0.00408519	0.172218	0.263808	0.260759	1.85236	27.2425	0.598052	0.0539909
0.1	1.30544e-60	0.00639083	0.179919	0.30553	0.302805	2.41281	26.3147	0.579093	0.0556895
0.12	4.41859e-56	0.00921655	0.185382	0.328287	0.325571	2.73743	25.8256	0.565073	0.0566981
0.14	3.41052e-52	0.0125669	0.189845	0.342321	0.339531	2.9312	25.4265	0.554241	0.0574192
0.16	8.65367e-49	0.0164476	0.193771	0.352642	0.349767	3.06257	25.0338	0.545596	0.0579981
0.18	9.20354e-46	0.0208651	0.197353	0.361283	0.358326	3.16284	24.6332	0.538539	0.0584918
0.2	4.86705e-43	0.0258272	0.200687	0.369044	0.366008	3.24541	24.2264	0.532686	0.0589258
0.22	1.45037e-40	0.0313424	0.203826	0.376325	0.373208	3.31752	23.8184	0.52778	0.0593129
0.24	2.67705e-38	0.0374207	0.206806	0.383218	0.380024	3.38118	23.4124	0.523639	0.0596615
0.26	3.29301e-36	0.0440731	0.209648	0.389898	0.386625	3.43982	23.0121	0.520129	0.0599761
0.28	2.86017e-34	0.0513121	0.212372	0.396379	0.393026	3.49399	22.6193	0.51715	0.0602605
0.3	1.8374e-32	0.0591517	0.21499	0.402713	0.399281	3.5449	22.2354	0.514624	0.0605174
0.32	9.06659e-31	0.0676072	0.217511	0.408929	0.405418	3.59324	21.8616	0.512492	0.0607485
0.34	3.54531e-29	0.076696	0.219945	0.415045	0.411455	3.63957	21.4983	0.510704	0.0609556
0.36	1.12752e-27	0.0864372	0.222297	0.421081	0.417412	3.68434	21.1461	0.509223	0.0611397
0.38	2.98106e-26	0.0968522	0.224572	0.427045	0.423298	3.72788	20.8051	0.508018	0.0613021
0.4	6.67541e-25	0.107965	0.226773	0.432951	0.429126	3.77051	20.4753	0.507064	0.0614435
0.42	1.2864e-23	0.119801	0.228905	0.438806	0.434904	3.81248	20.1568	0.50634	0.0615648
0.44	2.16295e-22	0.13239	0.23097	0.44462	0.440641	3.85404	19.8493	0.505831	0.0616667
0.46	3.21137e-21	0.145765	0.232968	0.450401	0.446346	3.8954	19.5528	0.505524	0.0617497
0.48	4.25452e-20	0.159963	0.234901	0.456155	0.452025	3.93676	19.267	0.50541	0.0618146
0.5	5.07604e-19	0.175024	0.23677	0.461893	0.457689	3.97835	18.9916	0.505483	0.0618618
0.52	5.49855e-18	0.190995	0.238575	0.467623	0.463344	4.02036	18.7266	0.505737	0.0618918
0.54	5.44701e-17	0.207929	0.240316	0.473354	0.469002	4.06305	18.4715	0.506171	0.0619053
0.56	4.96655e-16	0.225883	0.241991	0.479098	0.474674	4.10665	18.2263	0.506787	0.0619025
0.58	4.19224e-15	0.244926	0.243599	0.484867	0.480372	4.15145	17.9906	0.507586	0.061884
0.6	3.29298e-14	0.265136	0.245137	0.490679	0.486112	4.1978	17.7643	0.508574	0.0618503
0.62	2.41833e-13	0.286601	0.246603	0.49655	0.491912	4.24606	17.5473	0.50976	0.0618016
0.64	1.66753e-12	0.309424	0.247993	0.502503	0.497796	4.29673	17.3394	0.511156	0.0617385
0.66	1.08377e-11	0.333728	0.249302	0.508568	0.503792	4.35039	17.1406	0.512776	0.0616613
0.68	6.66236e-11	0.359654	0.250524	0.514781	0.509936	4.40777	16.9507	0.51464	0.0615705
0.7	3.88637e-10	0.387374	0.25165	0.521188	0.516274	4.46983	16.7699	0.516773	0.0614663
0.72	2.15755e-09	0.417093	0.252672	0.527851	0.522869	4.53783	16.5982	0.519207	0.0613492
0.74	1.14301e-08	0.449064	0.253576	0.534854	0.529803	4.61344	16.436	0.521981	0.0612196
0.76	5.79287e-08	0.483602	0.254346	0.542308	0.537187	4.69892	16.2835	0.525148	0.0610779
0.78	2.81505e-07	0.521105	0.25496	0.55038	0.545188	4.79768	16.1413	0.528775	0.0609243
0.8	1.31446e-06	0.562092	0.255391	0.559273	0.554006	4.91396	16.0104	0.53295	0.0607595
0.82	5.90917e-06	0.607262	0.255602	0.569269	0.563925	5.0539	15.8922	0.537797	0.0605836
0.84	2.56219e-05	0.65759	0.255545	0.580527	0.5751	5.22224	15.7896	0.543485	0.060397
0.86	0.000107327	0.714516	0.255171	0.592303	0.586795	5.40903	15.7089	0.550268	0.0601982
0.88	0.00043492	0.7803	0.254486	0.599476	0.593932	5.52717	15.6686	0.558545	0.0599798
0.9	0.00170603	0.858722	0.253786	0.580897	0.575531	5.20964	15.7279	0.568991	0.0597121
0.92	0.00646761	0.956404	0.254576	0.484468	0.479918	3.70606	16.0908	0.582825	0.0592895
0.94	0.0234867	1.08413	0.262793	0.293586	0.290623	1.4767	17.4837	0.602195	0.0583705
0.96	0.0792345	1.25328	0.297984	0.126454	0.124909	0.353373	22.6488	0.629819	0.0560983
0.98	0.229175	1.44457	0.40522	0.0492683	0.048452	0.102056	43.4724	0.663058	0.0515151
1	0.500187	1.55787	0.613515	0.0235791	0.0230916	0.0763539	143.194	0.683046	0.0467153
1.02	0.777742	1.50654	0.833755	0.0157983	0.0155354	0.170951	708.312	0.673234	0.0457792
1.04	0.946959	1.371	0.968659	0.0127496	0.0128302	0.657624	3994.92	0.649482	0.0464497
1.06	1.02769	1.24645	1.0334	0.00966934	0.0102248	2.16774	20734.6	0.629692	0.0460614
1.08	1.06905	1.15491	1.06738	0.00595368	0.00671567	4.41075	97798.7	0.61694	0.04493
1.1	1.09627	1.08887	1.09044	0.00400264	0.00388136	6.08974	404233	0.609068	0.0436245
1.12	1.11871	1.03952	1.10984	0.0057051	0.00430109	6.9457	375456	0.604157	0.0423672
1.14	1.13955	1.00099	1.12804	0.00865106	0.00690724	7.36303	154329	0.601057	0.0412129
1.16	1.15984	0.969778	1.14585	0.0117445	0.00989582	7.60139	77622.9	0.599122	0.0401624
1.18	1.17994	0.943787	1.16354	0.0148318	0.0129278	7.77403	46515.7	0.597979	0.039205
1.2	1.19998	0.921668	1.18121	0.017889	0.0159446	7.92039	31154.2	0.597398	0.0383292
1.22	1.21999	0.902536	1.19889	0.0209196	0.0189398	8.0661	22486	0.597229	0.0375245
1.24	1.24	0.88577	1.21661	0.0239011	0.0218901	8.19852	17109.7	0.597373	0.0367829
1.26	1.26	0.870924	1.23435	0.0268534	0.0248121	8.33738	13542.6	0.597758	0.0360971
1.28	1.28	0.85767	1.25212	0.0297602	0.0276905	8.4729	11050.2	0.598332	0.0354618
1.3	1.3	0.845748	1.26992	0.0326259	0.0305289	8.60848	9236.44	0.599057	0.0348725
1.32	1.32	0.834959	1.28776	0.0354497	0.0333265	8.74415	7872.98	0.599903	0.0343255
1.34	1.34	0.825141	1.30563	0.0382316	0.036083	8.87996	6820.34	0.600847	0.0338177
1.36	1.36	0.816165	1.32353	0.0409714	0.0387984	9.01591	5989.36	0.601871	0.0333467
1.38	1.38	0.807927	1.34146	0.0436696	0.041473	9.15201	5320.9	0.60296	0.0329103
1.4	1.4	0.800333	1.35943	0.0463264	0.044107	9.28826	4774.41	0.604103	0.0325068
1.42	1.42	0.793313	1.37742	0.0489422	0.0467007	9.42466	4321.35	0.60529	0.0321349
1.44	1.44	0.786801	1.39545	0.0515174	0.0492546	9.56121	3941.12	0.606513	0.0317935
1.46	1.46	0.780746	1.41351	0.0540525	0.0517691	9.69789	3618.56	0.607767	0.0314817
1.48	1.48	0.775099	1.43159	0.0565481	0.0542448	9.8347	3342.3	0.609046	0.031199
1.5	1.5	0.769822	1.44971	0.0590045	0.056682	9.97162	3103.67	0.610346	0.0309449
1.52	1.52	0.764878	1.46785	0.0614223	0.0590812	10.1086	2895.96	0.611663	0.0307194
1.54	1.54	0.760239	1.48603	0.063802	0.061443	10.2457	2713.93	0.612995	0.0305225
1.56	1.56	0.755876	1.50423	0.0661439	0.0637677	10.3829	2553.39	0.614339	0.0303545
1.58	1.58	0.751766	1.52246	0.0684485	0.0660557	10.5201	2411	0.615694	0.0302159
1.6	1.6	0.747889	1.54071	0.0707161	0.0683075	10.6573	2284.07	0.617059	0.0301077
1.62	1.62	0.744224	1.559	0.0729471	0.0705232	10.7944	2170.38	0.618434	0.0300309
1.64	1.64	0.740757	1.57731	0.0751417	0.0727033	10.9315	2068.1	0.619817	0.0299871
1.66	1.66	0.737471	1.59565	0.0773	0.0748479	11.0685	1975.74	0.62121	0.0299781
1.68	1.68	0.734353	1.61401	0.0794221	0.0769571	11.2053	1892.02	0.622613	0.0300063
1.7	1.7	0.731392	1.63241	0.0815079	0.0790308	11.3418	1815.9	0.624028	0.0300748
1.72	1.72	0.728575	1.65083	0.0835571	0.0810689	11.478	1746.46	0.625457	0.0301872
1.74	1.74	0.725892	1.66927	0.085569	0.0830708	11.6137	1682.97	0.626903	0.0303486
1.76	1.76	0.723336	1.68775	0.0875428	0.0850358	11.7488	1624.76	0.628371	0.0305649
1.78	1.78	0.720897	1.70625	0.089477	0.0869627	11.8829	1571.29	0.629866	0.0308442
1.8	1.8	0.718568	1.72478	0.0913688	0.0888492	12.0157	1522.1	0.631397	0.0311969
1.82	1.82	0.716342	1.74334	0.0932139	0.0906917	12.1465	1476.78	0.632976	0.0316374
1.84	1.84	0.714212	1.76194	0.0950021	0.0924817	12.2737	1435.04	0.634618	0.0321857
1.86	1.86	0.712173	1.78058	0.0967072	0.0941977	12.3931	1396.68	0.636347	0.0328711
1.88	1.88	0.710219	1.79928	0.0982479	0.0957732	12.491	1361.79	0.63819	0.0337384
1.9	1.9	0.708346	1.81809	0.099357	0.0969899	12.5232	1331.26	0.640163	0.0348592
1.92	1.92	0.706548	1.8372	0.0991622	0.0971336	12.3468	1308.63	0.642203	0.0363522
1.94	1.94	0.704822	1.85718	0.0951232	0.0941139	11.5701	1306.26	0.643892	0.038406
1.96	1.96	0.703163	1.87974	0.0820972	0.0836468	9.56036	1366.39	0.64361	0.0412705
1.98	1.98	0.701568	1.90884	0.0579082	0.0636277	6.6375	1639.5	0.636916	0.0449432
2	2	0.700033	1.94836	0.0328875	0.0417199	4.77521	2743.5	0.618091	0.0481705
