# QTMix Mixer Data
# 
# IV data file: /data/simulations/SuperMix-basics/Ideal_30.idc
# KK data file: /data/simulations/SuperMix-basics/Ideal_30_SM.ikk
# 
# Impedances:
# 	IF:		1 + 0i
# 	Fundamental:	 1 + 0i
# 	Harmonic 1 :	 1 + 0i
# 	Harmonic 2 : 	 1 + 0i
# 
# Actual Impedances:
# 	IF:		1 + -0i
# 	EmbImp.Z = 1 + 0i
# 	LO:		1 + -0i
# Operating Point:
# Bias       : 0.5
# LO Freq    : 1
# LO Voltage : 1.55
# IF Freq    : 0.01
# 
# Harmonics : 4
# 
# Scan variable : Bias
# 
# X Axis | Unpump DC | Unpump KK | Pump DC | LSB Gain | USB Gain | IF Output | Noise Temp | LO Fundamental Current | LO 1st Harmonic | LO 2nd Harmonic | LO 3rd Harmonic 
0	0	0	1.51018e-18	3.10927e-18	3.3794e-18	0.1373	1.20224e+34	0.726603	3.04308e-18	0.0223605	9.33062e-19
0.02	9.38138e-96	0.000254772	0.0785144	0.0478631	0.0436183	0.197124	103.61	0.705336	0.0254274	0.022238	0.00177818
0.04	6.39877e-82	0.00101965	0.131649	0.112065	0.106897	0.4604	40.2904	0.662774	0.0421721	0.0214389	0.00291284
0.06	7.89093e-73	0.00229572	0.158823	0.193811	0.189772	1.07598	29.8773	0.625274	0.0502199	0.0200831	0.00338708
0.08	4.85907e-66	0.00408519	0.172205	0.26345	0.260392	1.83908	27.1235	0.598472	0.0537361	0.0187093	0.0035306
0.1	1.30544e-60	0.00639083	0.179953	0.305458	0.30272	2.39919	26.1807	0.579458	0.0554463	0.017511	0.003553
0.12	4.41859e-56	0.00921655	0.185449	0.328485	0.325755	2.72572	25.6862	0.565388	0.0564647	0.0164891	0.0035339
0.14	3.41052e-52	0.0125669	0.189935	0.342724	0.33992	2.92186	25.2876	0.554513	0.0571925	0.0156078	0.00349957
0.16	8.65367e-49	0.0164476	0.193877	0.353193	0.350304	3.05544	24.8991	0.545831	0.0577753	0.0148375	0.00345895
0.18	9.20354e-46	0.0208651	0.197471	0.361939	0.358968	3.15766	24.5051	0.538742	0.0582701	0.0141572	0.0034153
0.2	4.86705e-43	0.0258272	0.200812	0.369774	0.366724	3.24195	24.1062	0.532862	0.0587029	0.0135527	0.00337009
0.22	1.45037e-40	0.0313424	0.203956	0.377105	0.373974	3.31556	23.7068	0.527933	0.059087	0.0130139	0.00332421
0.24	2.67705e-38	0.0374207	0.206938	0.38403	0.380823	3.38053	23.3098	0.523772	0.0594308	0.0125332	0.00327816
0.26	3.29301e-36	0.0440731	0.209781	0.390729	0.387443	3.44034	22.9185	0.520245	0.0597392	0.0121051	0.00323237
0.28	2.86017e-34	0.0513121	0.212503	0.397217	0.393853	3.49555	22.5345	0.517251	0.0600161	0.0117248	0.00318713
0.3	1.8374e-32	0.0591517	0.215119	0.40355	0.400107	3.54737	22.1592	0.514713	0.0602644	0.0113885	0.00314266
0.32	9.06659e-31	0.0676072	0.217638	0.409757	0.406236	3.59653	21.7935	0.51257	0.0604861	0.0110932	0.00309917
0.34	3.54531e-29	0.076696	0.220068	0.41586	0.41226	3.64359	21.4381	0.510774	0.0606828	0.0108361	0.00305683
0.36	1.12752e-27	0.0864372	0.222415	0.421876	0.418199	3.689	21.0932	0.509286	0.0608559	0.0106148	0.00301578
0.38	2.98106e-26	0.0968522	0.224685	0.427818	0.424064	3.73311	20.7591	0.508075	0.0610066	0.0104272	0.00297617
0.4	6.67541e-25	0.107965	0.226881	0.433699	0.429867	3.77624	20.4358	0.507116	0.0611358	0.0102715	0.00293811
0.42	1.2864e-23	0.119801	0.229008	0.439526	0.435618	3.81865	20.1232	0.506389	0.0612444	0.0101458	0.00290173
0.44	2.16295e-22	0.13239	0.231066	0.445311	0.441327	3.86058	19.8213	0.505878	0.0613332	0.0100485	0.00286715
0.46	3.21137e-21	0.145765	0.233058	0.45106	0.447001	3.90226	19.5299	0.505569	0.0614027	0.0099781	0.00283447
0.48	4.25452e-20	0.159963	0.234984	0.456782	0.452649	3.94388	19.2487	0.505455	0.0614538	0.00993313	0.00280381
0.5	5.07604e-19	0.175024	0.236847	0.462486	0.458279	3.98568	18.9777	0.505527	0.0614868	0.00991226	0.00277528
0.52	5.49855e-18	0.190995	0.238645	0.46818	0.4639	4.02786	18.7165	0.505782	0.0615025	0.00991425	0.00274901
0.54	5.44701e-17	0.207929	0.240378	0.473876	0.469524	4.07067	18.465	0.506218	0.0615013	0.00993798	0.00272511
0.56	4.96655e-16	0.225883	0.242046	0.479583	0.47516	4.11434	18.223	0.506836	0.0614838	0.00998242	0.00270371
0.58	4.19224e-15	0.244926	0.243646	0.485316	0.480822	4.15917	17.9903	0.507638	0.0614503	0.0100467	0.00268494
0.6	3.29298e-14	0.265136	0.245176	0.491089	0.486525	4.2055	17.7667	0.50863	0.0614013	0.0101301	0.00266896
0.62	2.41833e-13	0.286601	0.246634	0.496922	0.492289	4.25371	17.552	0.509821	0.0613373	0.010232	0.0026559
0.64	1.66753e-12	0.309424	0.248016	0.502837	0.498135	4.30428	17.3463	0.511221	0.0612586	0.0103521	0.00264595
0.66	1.08377e-11	0.333728	0.249316	0.508863	0.504093	4.3578	17.1493	0.512847	0.0611657	0.0104901	0.0026393
0.68	6.66236e-11	0.359654	0.250529	0.515035	0.510198	4.41501	16.9611	0.514718	0.0610589	0.0106461	0.00263616
0.7	3.88637e-10	0.387374	0.251646	0.521402	0.516497	4.47687	16.7818	0.516859	0.0609386	0.0108205	0.00263677
0.72	2.15755e-09	0.417093	0.252657	0.528024	0.523052	4.54462	16.6114	0.519301	0.0608051	0.0110138	0.00264144
0.74	1.14301e-08	0.449064	0.25355	0.534984	0.529946	4.61995	16.4503	0.522084	0.0606589	0.0112272	0.00265049
0.76	5.79287e-08	0.483602	0.254308	0.542396	0.53729	4.70514	16.2988	0.525262	0.0605002	0.0114621	0.00266436
0.78	2.81505e-07	0.521105	0.25491	0.550424	0.54525	4.80358	16.1575	0.5289	0.0603294	0.0117208	0.00268356
0.8	1.31446e-06	0.562092	0.255328	0.559273	0.554027	4.91954	16.0274	0.533089	0.0601469	0.0120064	0.00270874
0.82	5.90917e-06	0.607262	0.255523	0.569226	0.563906	5.05918	15.9099	0.53795	0.0599529	0.0123233	0.00274078
0.84	2.56219e-05	0.65759	0.255449	0.580441	0.575044	5.22729	15.8079	0.543655	0.0597476	0.0126777	0.00278088
0.86	0.000107327	0.714516	0.255056	0.592179	0.586707	5.41396	15.7279	0.550457	0.0595294	0.013079	0.00283066
0.88	0.00043492	0.7803	0.254349	0.599313	0.593815	5.53199	15.6884	0.558756	0.0592909	0.0135406	0.00289235
0.9	0.00170603	0.858722	0.253621	0.580664	0.575357	5.21348	15.749	0.569227	0.0590032	0.0140821	0.00296839
0.92	0.00646761	0.956404	0.254378	0.484053	0.479572	3.70629	16.1151	0.583088	0.0585638	0.0147266	0.00305922
0.94	0.0234867	1.08413	0.262557	0.293005	0.290102	1.47435	17.5186	0.602484	0.0576429	0.0154738	0.00315151
0.96	0.0792345	1.25328	0.297718	0.12601	0.1245	0.352289	22.7279	0.630109	0.0554175	0.0162198	0.00318884
0.98	0.229175	1.44457	0.404984	0.0490512	0.0482447	0.101796	43.7354	0.663281	0.0509874	0.0166824	0.00305955
1	0.500187	1.55787	0.613401	0.0234993	0.0230054	0.0762448	144.062	0.683136	0.0464582	0.0167733	0.0027875
1.02	0.777742	1.50654	0.83378	0.0158086	0.0155314	0.170705	707.663	0.673219	0.0458173	0.0165936	0.00260062
1.04	0.946959	1.371	0.96877	0.0128788	0.0129444	0.656558	3918.41	0.649424	0.0466665	0.0159358	0.00250161
1.06	1.02769	1.24645	1.03355	0.00994163	0.010493	2.16475	19661.3	0.629624	0.0463308	0.0149968	0.00239423
1.08	1.06905	1.15491	1.06753	0.00624448	0.00705441	4.4063	88542.7	0.616872	0.0451948	0.0140867	0.00227528
1.1	1.09627	1.08887	1.09059	0.00389671	0.00399778	6.08513	380744	0.609002	0.0438682	0.0132978	0.00215942
1.12	1.11871	1.03952	1.10999	0.00521545	0.00389748	6.94135	456957	0.604094	0.0425873	0.012624	0.00205216
1.14	1.13955	1.00099	1.12819	0.00809626	0.00636849	7.35894	181444	0.600996	0.0414105	0.012042	0.00195428
1.16	1.15984	0.969778	1.14599	0.0111902	0.00934772	7.59753	86948.3	0.599064	0.0403396	0.0115316	0.00186482
1.18	1.17994	0.943787	1.16368	0.0142921	0.0123921	7.77035	50600.3	0.597924	0.0393639	0.0110782	0.00178277
1.2	1.19998	0.921668	1.18135	0.0173676	0.0154266	7.91686	33267	0.597346	0.0384718	0.0106714	0.00170719
1.22	1.21999	0.902536	1.19902	0.0204172	0.0184405	8.0627	23710.3	0.597181	0.0376523	0.0103036	0.00163731
1.24	1.24	0.88577	1.21673	0.0234181	0.0214099	8.19524	17878.5	0.597328	0.0368975	0.00996896	0.00157247
1.26	1.26	0.870924	1.23447	0.0263893	0.0243507	8.33421	14055.4	0.597717	0.0361998	0.00966289	0.00151211
1.28	1.28	0.85767	1.25223	0.0293146	0.0272474	8.46983	11408.4	0.598295	0.0355538	0.00938179	0.00145577
1.3	1.3	0.845748	1.27003	0.0321982	0.0301036	8.6055	9495.99	0.599023	0.0349549	0.00912272	0.00140305
1.32	1.32	0.834959	1.28786	0.0350393	0.0329183	8.74126	8066.75	0.599873	0.0343993	0.00888327	0.0013536
1.34	1.34	0.825141	1.30573	0.0378378	0.0356914	8.87715	6968.61	0.600821	0.0338838	0.00866143	0.00130713
1.36	1.36	0.816165	1.32363	0.0405937	0.0384227	9.01317	6105.21	0.601848	0.0334059	0.00845552	0.00126338
1.38	1.38	0.807927	1.34156	0.0433073	0.0411126	9.14934	5413.03	0.602941	0.0329634	0.0082641	0.00122213
1.4	1.4	0.800333	1.35952	0.0459788	0.0437612	9.28566	4848.81	0.604088	0.0325545	0.00808597	0.00118317
1.42	1.42	0.793313	1.37751	0.0486086	0.0463689	9.42212	4382.23	0.605278	0.0321778	0.00792009	0.00114632
1.44	1.44	0.786801	1.39553	0.0511973	0.0489362	9.55873	3991.53	0.606505	0.0318322	0.00776559	0.00111147
1.46	1.46	0.780746	1.41359	0.0537453	0.0514635	9.69547	3660.75	0.607763	0.0315168	0.00762172	0.0010784
1.48	1.48	0.775099	1.43167	0.0562532	0.0539513	9.83233	3377.94	0.609045	0.0312309	0.00748784	0.00104703
1.5	1.5	0.769822	1.44978	0.0587213	0.0564002	9.96929	3134.03	0.610348	0.0309742	0.00736341	0.00101725
1.52	1.52	0.764878	1.46792	0.0611502	0.0588105	10.1064	2922.03	0.611668	0.0307465	0.00724799	0.000988952
1.54	1.54	0.760239	1.48609	0.0635404	0.0611827	10.2435	2736.47	0.613003	0.0305478	0.00714122	0.000962055
1.56	1.56	0.755876	1.50429	0.0658924	0.0635174	10.3807	2573	0.614351	0.0303784	0.00704281	0.000936479
1.58	1.58	0.751766	1.52252	0.0682065	0.0658149	10.5179	2428.18	0.615709	0.0302389	0.00695255	0.000912157
1.6	1.6	0.747889	1.54077	0.0704831	0.0680756	10.6551	2299.19	0.617078	0.0301301	0.00687032	0.000889027
1.62	1.62	0.744224	1.55906	0.0727225	0.0702998	10.7923	2183.76	0.618455	0.030053	0.00679607	0.000867043
1.64	1.64	0.740757	1.57737	0.0749251	0.0724879	10.9294	2080.01	0.619841	0.0300093	0.00672984	0.000846161
1.66	1.66	0.737471	1.5957	0.0770909	0.0746399	11.0664	1986.39	0.621237	0.0300007	0.00667175	0.000826354
1.68	1.68	0.734353	1.61407	0.0792199	0.0767561	11.2032	1901.59	0.622644	0.0300296	0.00662206	0.000807605
1.7	1.7	0.731392	1.63246	0.0813122	0.0788362	11.3397	1824.53	0.624062	0.0300992	0.00658112	0.000789907
1.72	1.72	0.728575	1.65087	0.0833673	0.0808803	11.4759	1754.29	0.625494	0.0302131	0.00654946	0.000773276
1.74	1.74	0.725892	1.66932	0.0853847	0.0828877	11.6116	1690.1	0.626943	0.0303761	0.00652782	0.000757747
1.76	1.76	0.723336	1.68779	0.0873634	0.0848576	11.7466	1631.29	0.628414	0.0305946	0.00651718	0.000743387
1.78	1.78	0.720897	1.70629	0.0893018	0.0867888	11.8807	1577.3	0.629913	0.0308763	0.00651887	0.000730299
1.8	1.8	0.718568	1.72482	0.0911973	0.0886791	12.0134	1527.65	0.631448	0.0312319	0.00653476	0.000718657
1.82	1.82	0.716342	1.74339	0.0930452	0.0905245	12.1441	1481.95	0.633031	0.0316757	0.0065674	0.000708724
1.84	1.84	0.714212	1.76198	0.0948356	0.0923168	12.2712	1439.87	0.634679	0.0322278	0.00662053	0.000700919
1.86	1.86	0.712173	1.78062	0.0965417	0.094034	12.3903	1401.24	0.636413	0.0329175	0.0066997	0.000695919
1.88	1.88	0.710219	1.79932	0.0980824	0.0956098	12.488	1366.12	0.638263	0.0337898	0.00681375	0.000694931
1.9	1.9	0.708346	1.81814	0.0991904	0.0968257	12.5199	1335.43	0.640244	0.0349162	0.00697769	0.000700218
1.92	1.92	0.706548	1.83725	0.0989949	0.0969685	12.3433	1312.71	0.642296	0.0364149	0.00721949	0.000716743
1.94	1.94	0.704822	1.85722	0.0949609	0.0939526	11.5668	1310.37	0.644001	0.0384725	0.00759497	0.000756685
1.96	1.96	0.703163	1.87978	0.0819589	0.0835056	9.55868	1370.78	0.643747	0.0413302	0.00822151	0.000852422
1.98	1.98	0.701568	1.90888	0.0578226	0.0635325	6.63867	1644.71	0.637102	0.0449601	0.00929065	0.00107562
2	2	0.700033	1.94838	0.0328597	0.0416799	4.77806	2750.42	0.61835	0.04807	0.0108128	0.00149382
