# QTMix Mixer Data
# 
# IV data file: /data/simulations/SuperMix-basics/Ideal_30.idc
# KK data file: /data/simulations/SuperMix-basics/Ideal_30_SM.ikk
# 
# Impedances:
# 	IF:		1 + 0i
# 	Fundamental:	 1 + 0i
# 	Harmonic 1 :	 1 + 0i
# 	Harmonic 2 : 	 1 + 0i
# 
# Actual Impedances:
# 	IF:		1 + -0i
# 	EmbImp.Z = 1 + 0i
# 	LO:		1 + -0i
# Operating Point:
# Bias       : 0.5
# LO Freq    : 1
# LO Voltage : 1.55
# IF Freq    : 0.01
# 
# Harmonics : 1
# 
# Scan variable : Bias
# 
# X Axis | Unpump DC | Unpump KK | Pump DC | LSB Gain | USB Gain | IF Output | Noise Temp | LO Fundamental Current 
0	0	0	2.09567e-18	3.38414e-18	1.12567e-18	0.145398	1.14746e+35	0.726277
0.02	9.38138e-96	0.000254772	0.0760757	0.046005	0.0422872	0.211749	118.414	0.70514
0.04	6.39877e-82	0.00101965	0.12733	0.107347	0.102935	0.503924	47.5597	0.662897
0.06	7.89093e-73	0.00229572	0.153524	0.184137	0.180767	1.17797	36.0489	0.625684
0.08	4.85907e-66	0.00408519	0.166533	0.248315	0.24574	1.99443	33.0269	0.599047
0.1	1.30544e-60	0.00639083	0.174196	0.286666	0.284282	2.58146	31.9423	0.580101
0.12	4.41859e-56	0.00921655	0.17974	0.307872	0.305424	2.91932	31.2951	0.566033
0.14	3.41052e-52	0.0125669	0.184346	0.321327	0.318761	3.12088	30.7148	0.555113
0.16	8.65367e-49	0.0164476	0.188453	0.331545	0.32886	3.25769	30.1223	0.546347
0.18	9.20354e-46	0.0208651	0.192242	0.340336	0.337541	3.36227	29.5106	0.539141
0.2	4.86705e-43	0.0258272	0.195805	0.348405	0.345506	3.44846	28.8877	0.533118
0.22	1.45037e-40	0.0313424	0.199187	0.356102	0.353099	3.52381	28.263	0.528022
0.24	2.67705e-38	0.0374207	0.202422	0.363493	0.360391	3.59028	27.6427	0.523675
0.26	3.29301e-36	0.0440731	0.205529	0.370734	0.367531	3.65153	27.0325	0.519945
0.28	2.86017e-34	0.0513121	0.208526	0.377826	0.374524	3.70804	26.4353	0.516735
0.3	1.8374e-32	0.0591517	0.211422	0.384815	0.381413	3.76108	25.8536	0.51397
0.32	9.06659e-31	0.0676072	0.214227	0.391719	0.388219	3.81138	25.2888	0.511589
0.34	3.54531e-29	0.076696	0.216948	0.398556	0.394958	3.8595	24.7417	0.509548
0.36	1.12752e-27	0.0864372	0.219589	0.405337	0.401641	3.90591	24.2129	0.507809
0.38	2.98106e-26	0.0968522	0.222155	0.41207	0.408278	3.95097	23.7024	0.506342
0.4	6.67541e-25	0.107965	0.22465	0.418765	0.414876	3.995	23.2103	0.505125
0.42	1.2864e-23	0.119801	0.227074	0.425427	0.421443	4.03828	22.7362	0.504137
0.44	2.16295e-22	0.13239	0.229431	0.432065	0.427986	4.08105	22.2799	0.503365
0.46	3.21137e-21	0.145765	0.231721	0.438683	0.434511	4.12355	21.8409	0.502797
0.48	4.25452e-20	0.159963	0.233945	0.445289	0.441023	4.16599	21.4188	0.502424
0.5	5.07604e-19	0.175024	0.236103	0.451891	0.447533	4.20861	21.013	0.502242
0.52	5.49855e-18	0.190995	0.238195	0.458495	0.454045	4.25162	20.6232	0.502245
0.54	5.44701e-17	0.207929	0.24022	0.465112	0.460571	4.29528	20.2488	0.502435
0.56	4.96655e-16	0.225883	0.242176	0.471751	0.46712	4.33985	19.8892	0.502812
0.58	4.19224e-15	0.244926	0.244062	0.478426	0.473705	4.38565	19.5442	0.503381
0.6	3.29298e-14	0.265136	0.245875	0.485152	0.480342	4.43302	19.2131	0.504147
0.62	2.41833e-13	0.286601	0.247612	0.491947	0.487049	4.48237	18.8957	0.505121
0.64	1.66753e-12	0.309424	0.249267	0.498835	0.493848	4.53421	18.5915	0.506316
0.66	1.08377e-11	0.333728	0.250838	0.505845	0.50077	4.58917	18.3003	0.507747
0.68	6.66236e-11	0.359654	0.252315	0.513015	0.507851	4.64802	18.0217	0.509435
0.7	3.88637e-10	0.387374	0.253692	0.520392	0.51514	4.71178	17.7555	0.511408
0.72	2.15755e-09	0.417093	0.254957	0.528042	0.522701	4.78176	17.5018	0.513697
0.74	1.14301e-08	0.449064	0.256099	0.536052	0.530619	4.85975	17.2603	0.516346
0.76	5.79287e-08	0.483602	0.257099	0.544537	0.539009	4.94813	17.0313	0.519408
0.78	2.81505e-07	0.521105	0.257936	0.553677	0.54805	5.05054	16.815	0.522954
0.8	1.31446e-06	0.562092	0.258581	0.563678	0.557946	5.17139	16.6121	0.527076
0.82	5.90917e-06	0.607262	0.258996	0.574851	0.569003	5.31732	16.4234	0.5319
0.84	2.56219e-05	0.65759	0.259132	0.58738	0.581404	5.49344	16.2513	0.537603
0.86	0.000107327	0.714516	0.258939	0.600583	0.594465	5.69001	16.1013	0.544448
0.88	0.00043492	0.7803	0.258417	0.609442	0.603207	5.81786	15.9894	0.552847
0.9	0.00170603	0.858722	0.257855	0.59285	0.586699	5.49688	15.9693	0.563501
0.92	0.00646761	0.956404	0.258731	0.497669	0.492292	3.93279	16.2276	0.577687
0.94	0.0234867	1.08413	0.266893	0.304058	0.300427	1.57341	17.4326	0.597681
0.96	0.0792345	1.25328	0.301656	0.13155	0.129653	0.371964	22.1276	0.626432
0.98	0.229175	1.44457	0.407787	0.0510417	0.0501421	0.104412	41.5283	0.661394
1	0.500187	1.55787	0.614564	0.0241089	0.0236811	0.0767514	136.862	0.683093
1.02	0.777742	1.50654	0.833597	0.0158018	0.0156538	0.171552	700.095	0.674253
1.04	0.946959	1.371	0.96782	0.0122006	0.012398	0.660698	4298.31	0.650745
1.06	1.02769	1.24645	1.03226	0.00847674	0.00908542	2.17563	26356.9	0.630872
1.08	1.06905	1.15491	1.06611	0.00496863	0.00540734	4.41856	151117	0.61799
1.1	1.09627	1.08887	1.08911	0.0053875	0.00438195	6.09349	317346	0.610019
1.12	1.11871	1.03952	1.10848	0.00842032	0.0067621	6.94678	151922	0.605042
1.14	1.13955	1.00099	1.12666	0.0117188	0.00988105	7.36316	75415	0.601897
1.16	1.15984	0.969778	1.14444	0.014959	0.0130428	7.60141	44683.7	0.599934
1.18	1.17994	0.943787	1.16211	0.0181381	0.0161721	7.77428	29725.2	0.598771
1.2	1.19998	0.921668	1.17977	0.0212668	0.0192617	7.92104	21349.7	0.598176
1.22	1.21999	0.902536	1.19743	0.0243614	0.0223209	8.06722	16192	0.597997
1.24	1.24	0.88577	1.21513	0.0273994	0.0253273	8.20018	12783.3	0.598133
1.26	1.26	0.870924	1.23285	0.030406	0.0283032	8.3396	10410.6	0.598511
1.28	1.28	0.85767	1.25061	0.0333636	0.0312318	8.47571	8689.25	0.599079
1.3	1.3	0.845748	1.2684	0.0362775	0.0341178	8.6119	7398.38	0.599797
1.32	1.32	0.834959	1.28622	0.0391474	0.0369608	8.74821	6403.78	0.600637
1.34	1.34	0.825141	1.30408	0.0419732	0.0397608	8.88467	5619.94	0.601573
1.36	1.36	0.816165	1.32196	0.0447554	0.0425179	9.02128	4990.28	0.602589
1.38	1.38	0.807927	1.33988	0.0474942	0.0452325	9.15806	4476.13	0.603669
1.4	1.4	0.800333	1.35784	0.0501902	0.047905	9.29501	4050.3	0.604802
1.42	1.42	0.793313	1.37582	0.0528439	0.0505361	9.43213	3693.23	0.605978
1.44	1.44	0.786801	1.39384	0.055456	0.0531263	9.56941	3390.52	0.607189
1.46	1.46	0.780746	1.41188	0.0580271	0.0556761	9.70685	3131.42	0.608429
1.48	1.48	0.775099	1.42996	0.0605578	0.0581862	9.84444	2907.71	0.609693
1.5	1.5	0.769822	1.44806	0.0630488	0.0606572	9.98217	2713.06	0.610977
1.52	1.52	0.764878	1.46619	0.0655006	0.0630898	10.12	2542.51	0.612277
1.54	1.54	0.760239	1.48436	0.067914	0.0654846	10.258	2392.13	0.613589
1.56	1.56	0.755876	1.50255	0.0702895	0.0678421	10.396	2258.76	0.614913
1.58	1.58	0.751766	1.52077	0.0726278	0.070163	10.5342	2139.86	0.616246
1.6	1.6	0.747889	1.53901	0.0749294	0.0724478	10.6724	2033.35	0.617587
1.62	1.62	0.744224	1.55728	0.0771949	0.0746971	10.8106	1937.51	0.618935
1.64	1.64	0.740757	1.57558	0.0794247	0.0769114	10.9489	1850.93	0.62029
1.66	1.66	0.737471	1.59391	0.0816193	0.0790911	11.0871	1772.41	0.621652
1.68	1.68	0.734353	1.61226	0.0837791	0.0812367	11.2253	1700.95	0.623021
1.7	1.7	0.731392	1.63064	0.0859044	0.0833485	11.3633	1635.72	0.624399
1.72	1.72	0.728575	1.64904	0.0879954	0.0854268	11.5012	1575.99	0.625788
1.74	1.74	0.725892	1.66747	0.0900522	0.0874717	11.6387	1521.15	0.62719
1.76	1.76	0.723336	1.68593	0.0920745	0.0894832	11.7759	1470.66	0.628609
1.78	1.78	0.720897	1.70441	0.0940619	0.0914608	11.9125	1424.08	0.63005
1.8	1.8	0.718568	1.72292	0.0960132	0.0934038	12.0482	1381	0.63152
1.82	1.82	0.716342	1.74146	0.0979256	0.0953099	12.1825	1341.1	0.633028
1.84	1.84	0.714212	1.76003	0.0997915	0.0971732	12.314	1304.09	0.63459
1.86	1.86	0.712173	1.77864	0.101588	0.0989746	12.4388	1269.79	0.636224
1.88	1.88	0.710219	1.7973	0.103235	0.100649	12.5435	1238.22	0.637952
1.9	1.9	0.708346	1.81607	0.104458	0.101972	12.5833	1210.14	0.63978
1.92	1.92	0.706548	1.83512	0.104337	0.102183	12.4113	1188.66	0.641624
1.94	1.94	0.704822	1.85504	0.10015	0.0990288	11.6207	1184.97	0.643025
1.96	1.96	0.703163	1.87761	0.0863543	0.087858	9.55439	1237.77	0.642273
1.98	1.98	0.701568	1.90692	0.0606328	0.0664263	6.55664	1485.94	0.634783
2	2	0.700033	1.94706	0.0341912	0.0431689	4.66959	2505.75	0.614886
