# QTMix Mixer Data
# 
# IV data file: /data/simulations/SuperMix-basics/Ideal_30.idc
# KK data file: /data/simulations/SuperMix-basics/Ideal_30_SM.ikk
# 
# Impedances:
# 	IF:		1 + 0i
# 	Fundamental:	 1 + 0i
# 	Harmonic 1 :	 1 + 0i
# 	Harmonic 2 : 	 1 + 0i
# 
# Actual Impedances:
# 	IF:		1 + -0i
# 	EmbImp.Z = 1 + 0i
# 	LO:		1 + -0i
# Operating Point:
# Bias       : 0.85
# LO Freq    : 1.7
# LO Voltage : 0.85
# IF Freq    : 0.01
# 
# Harmonics : 1
# 
# Scan variable : Bias
# 
# X Axis | Unpump DC | Unpump KK | Pump DC | LSB Gain | USB Gain | IF Output | Noise Temp | LO Fundamental Current 
0	0	0	1.44372e-18	4.367e-18	5.55176e-18	1.10558	3.58697e+34	0.319019
0.02	9.38138e-96	0.000254772	0.000591894	0.00269518	0.00266543	1.1056	155619	0.319011
0.04	6.39877e-82	0.00101965	0.00118386	0.00539065	0.00533114	1.10565	38902.4	0.318985
0.06	7.89093e-73	0.00229572	0.00177598	0.0080867	0.00799743	1.10573	17288.2	0.318942
0.08	4.85907e-66	0.00408519	0.00236832	0.0107836	0.0106646	1.10586	9723.23	0.318881
0.1	1.30544e-60	0.00639083	0.00296095	0.0134817	0.0133329	1.10601	6221.73	0.318804
0.12	4.41859e-56	0.00921655	0.00355396	0.0161812	0.0160026	1.1062	4319.69	0.31871
0.14	3.41052e-52	0.0125669	0.0041474	0.0188825	0.018674	1.10642	3172.82	0.318599
0.16	8.65367e-49	0.0164476	0.00474135	0.0215857	0.0213475	1.10668	2428.46	0.318472
0.18	9.20354e-46	0.0208651	0.00533587	0.0242912	0.0240231	1.10697	1918.13	0.318328
0.2	4.86705e-43	0.0258272	0.00593104	0.0269992	0.0267012	1.10729	1553.1	0.318169
0.22	1.45037e-40	0.0313424	0.0065269	0.0297099	0.0293821	1.10764	1283.02	0.317994
0.24	2.67705e-38	0.0374207	0.00712353	0.0324236	0.032066	1.10802	1077.61	0.317804
0.26	3.29301e-36	0.0440731	0.00772097	0.0351405	0.034753	1.10843	917.75	0.317599
0.28	2.86017e-34	0.0513121	0.00831928	0.0378608	0.0374435	1.10887	790.913	0.31738
0.3	1.8374e-32	0.0591517	0.00891849	0.0405847	0.0401375	1.10934	688.592	0.317148
0.32	9.06659e-31	0.0676072	0.00951865	0.0433122	0.0428353	1.10983	604.854	0.316904
0.34	3.54531e-29	0.076696	0.0101198	0.0460436	0.045537	1.11034	535.459	0.316648
0.36	1.12752e-27	0.0864372	0.0107219	0.0487788	0.0482426	1.11087	477.311	0.316383
0.38	2.98106e-26	0.0968522	0.011325	0.0515179	0.0509522	1.11142	428.106	0.316109
0.4	6.67541e-25	0.107965	0.011929	0.0542608	0.0536659	1.11198	386.102	0.315828
0.42	1.2864e-23	0.119801	0.012534	0.0570073	0.0563834	1.11256	349.961	0.315544
0.44	2.16295e-22	0.13239	0.0131398	0.0597573	0.0591047	1.11314	318.644	0.315258
0.46	3.21137e-21	0.145765	0.0137462	0.06251	0.061829	1.1137	291.33	0.314976
0.48	4.25452e-20	0.159963	0.0143534	0.0652661	0.0645582	1.1143	267.363	0.314703
0.5	5.07604e-19	0.175024	0.0149608	0.0680225	0.067287	1.11481	246.229	0.314445
0.52	5.49855e-18	0.190995	0.0155685	0.0707811	0.0700195	1.11529	227.484	0.314212
0.54	5.44701e-17	0.207929	0.0161764	0.0735392	0.0727505	1.11558	210.78	0.31402
0.56	4.96655e-16	0.225883	0.016786	0.0762985	0.0754769	1.11537	195.79	0.313887
0.58	4.19224e-15	0.244926	0.0174025	0.079065	0.0781887	1.11375	182.18	0.31384
0.6	3.29298e-14	0.265136	0.0180438	0.0818595	0.0808563	1.10804	169.483	0.313908
0.62	2.41833e-13	0.286601	0.0187687	0.0847425	0.0833808	1.09016	156.804	0.314098
0.64	1.66753e-12	0.309424	0.0197607	0.087894	0.0854981	1.03872	142.097	0.314273
0.66	1.08377e-11	0.333728	0.0215513	0.0918772	0.0868536	0.914715	121.258	0.313759
0.68	6.66236e-11	0.359654	0.025355	0.0986473	0.0889597	0.717266	90.6344	0.310411
0.7	3.88637e-10	0.387374	0.0323732	0.113692	0.100085	0.577107	57.6126	0.300733
0.72	2.15755e-09	0.417093	0.0406696	0.143581	0.13078	0.617096	36.0804	0.285452
0.74	1.14301e-08	0.449064	0.0462869	0.181637	0.173456	0.801391	26.6359	0.272086
0.76	5.79287e-08	0.483602	0.0488534	0.209298	0.205046	0.978199	23.2662	0.264222
0.78	2.81505e-07	0.521105	0.04991	0.222522	0.220075	1.07197	22.1332	0.260256
0.8	1.31446e-06	0.562092	0.0504004	0.228142	0.226346	1.11272	21.7189	0.258393
0.82	5.90917e-06	0.607262	0.0506746	0.230769	0.229209	1.13143	21.536	0.257779
0.84	2.56219e-05	0.65759	0.0508509	0.231955	0.2305	1.13944	21.4462	0.258098
0.86	0.000107327	0.714516	0.0510015	0.23137	0.229987	1.13374	21.4341	0.259278
0.88	0.00043492	0.7803	0.0512999	0.226026	0.224727	1.09019	21.5868	0.2614
0.9	0.00170603	0.858722	0.0523938	0.206767	0.205626	0.941567	22.2687	0.264702
0.92	0.00646761	0.956404	0.0566811	0.158859	0.158025	0.620045	24.8298	0.269697
0.94	0.0234867	1.08413	0.0724991	0.0898686	0.0894291	0.273465	34.1934	0.277391
0.96	0.0792345	1.25328	0.125217	0.0384855	0.03832	0.100357	68.3431	0.289246
0.98	0.229175	1.44457	0.268518	0.0160037	0.0159511	0.0493676	194.027	0.304591
1	0.500187	1.55787	0.529428	0.00880717	0.00879266	0.0500889	647.888	0.315094
1.02	0.777742	1.50654	0.797784	0.0077974	0.0078036	0.121688	1998.28	0.312771
1.04	0.946959	1.371	0.961727	0.0103088	0.0103463	0.479654	4480.83	0.304295
1.06	1.02769	1.24645	1.04012	0.0153559	0.0154456	1.67303	7012.88	0.297302
1.08	1.06905	1.15491	1.08042	0.0201897	0.0203342	3.65053	8828.75	0.293048
1.1	1.09627	1.08887	1.10704	0.0226092	0.02279	5.27293	10152.3	0.290656
1.12	1.11871	1.03952	1.12902	0.0230787	0.0232785	6.1346	11320.8	0.289368
1.14	1.13955	1.00099	1.14945	0.0226668	0.0228774	6.55105	12516.9	0.288737
1.16	1.15984	0.969778	1.16934	0.021924	0.0221423	6.77915	13827.1	0.288517
1.18	1.17994	0.943787	1.18904	0.0210678	0.0212926	6.93707	15301	0.288569
1.2	1.19998	0.921668	1.20869	0.0201704	0.0204014	7.06669	16978.4	0.288808
1.22	1.21999	0.902536	1.22831	0.0192761	0.0195132	7.19559	18897.8	0.28918
1.24	1.24	0.88577	1.24793	0.0183674	0.0186103	7.31002	21106.4	0.28965
1.26	1.26	0.870924	1.26755	0.0174739	0.0177227	7.43129	23659.5	0.290193
1.28	1.28	0.85767	1.28717	0.016583	0.0168376	7.5488	26626.6	0.290792
1.3	1.3	0.845748	1.30679	0.0156997	0.0159601	7.66622	30096	0.291434
1.32	1.32	0.834959	1.32641	0.0148245	0.0150906	7.78359	34179.7	0.292109
1.34	1.34	0.825141	1.34604	0.0139575	0.0142293	7.90093	39022.2	0.292809
1.36	1.36	0.816165	1.36567	0.0130991	0.0133765	8.01826	44812.3	0.293529
1.38	1.38	0.807927	1.38531	0.0122494	0.0125322	8.1356	51800.2	0.294264
1.4	1.4	0.800333	1.40495	0.0114084	0.0116967	8.25295	60323.2	0.29501
1.42	1.42	0.793313	1.4246	0.0105762	0.0108698	8.37032	70843.4	0.295764
1.44	1.44	0.786801	1.44424	0.00975277	0.0100516	8.48771	84007.9	0.296524
1.46	1.46	0.780746	1.4639	0.00893807	0.00924207	8.60512	100744	0.297288
1.48	1.48	0.775099	1.48355	0.00813207	0.00844117	8.72257	122416	0.298054
1.5	1.5	0.769822	1.50321	0.00733473	0.00764884	8.84004	151100	0.29882
1.52	1.52	0.764878	1.52287	0.00654597	0.00686502	8.95754	190067	0.299587
1.54	1.54	0.760239	1.54254	0.00576573	0.00608962	9.07508	244720	0.300352
1.56	1.56	0.755876	1.56221	0.00499392	0.00532259	9.19264	324485	0.301115
1.58	1.58	0.751766	1.58188	0.00423046	0.00456382	9.31024	446996	0.301875
1.6	1.6	0.747889	1.60156	0.00347527	0.00381324	9.42787	648374	0.302632
1.62	1.62	0.744224	1.62124	0.00272827	0.00307076	9.54553	1.0123e+06	0.303386
1.64	1.64	0.740757	1.64093	0.0019894	0.00233631	9.66321	1.77035e+06	0.304135
1.66	1.66	0.737471	1.66061	0.00125868	0.00160986	9.78093	3.77403e+06	0.304879
1.68	1.68	0.734353	1.68031	0.000536779	0.000891543	9.89868	1.24535e+07	0.305619
1.7	1.7	0.731392	1.7	0.000187549	0.000185289	10.0165	2.91751e+08	0.306354
1.72	1.72	0.728575	1.7197	0.00089008	0.000526648	10.1343	3.65385e+07	0.307084
1.74	1.74	0.725892	1.7394	0.00158968	0.00122151	10.2521	6.87096e+06	0.307808
1.76	1.76	0.723336	1.7591	0.00228218	0.00190986	10.37	2.84297e+06	0.308527
1.78	1.78	0.720897	1.77881	0.00296742	0.00259109	10.4879	1.56215e+06	0.309241
1.8	1.8	0.718568	1.79852	0.00364543	0.00326517	10.6058	994789	0.309949
1.82	1.82	0.716342	1.81824	0.00431628	0.00393217	10.7237	693556	0.310651
1.84	1.84	0.714212	1.83795	0.00498007	0.00459216	10.8417	514117	0.311348
1.86	1.86	0.712173	1.85767	0.00563687	0.00524524	10.9597	398352	0.312039
1.88	1.88	0.710219	1.8774	0.00628679	0.0058915	11.0777	319153	0.312724
1.9	1.9	0.708346	1.89712	0.0069299	0.00653101	11.1958	262478	0.313403
1.92	1.92	0.706548	1.91685	0.00756631	0.00716387	11.3138	220452	0.314078
1.94	1.94	0.704822	1.93658	0.00819609	0.00779017	11.4319	188376	0.314746
1.96	1.96	0.703163	1.95632	0.00881933	0.00841	11.55	163302	0.315409
1.98	1.98	0.701568	1.97605	0.00943613	0.00902343	11.6682	143304	0.316067
2	2	0.700033	1.99579	0.0100466	0.00963055	11.7863	127080	0.316719
