# QTMix Mixer Data
# 
# IV data file: /data/simulations/SuperMix-basics/Ideal_30.idc
# KK data file: /data/simulations/SuperMix-basics/Ideal_30_SM.ikk
# 
# Impedances:
# 	IF:		1 + 0i
# 	Fundamental:	 1 + 0i
# 	Harmonic 1 :	 1 + 0i
# 	Harmonic 2 : 	 1 + 0i
# 
# Actual Impedances:
# 	IF:		1 + -0i
# 	EmbImp.Z = 1 + 0i
# 	LO:		1 + -0i
# Operating Point:
# Bias       : 0.85
# LO Freq    : 1.7
# LO Voltage : 2.6
# IF Freq    : 0.01
# 
# Harmonics : 3
# 
# Scan variable : Bias
# 
# X Axis | Unpump DC | Unpump KK | Pump DC | LSB Gain | USB Gain | IF Output | Noise Temp | LO Fundamental Current | LO 1st Harmonic | LO 2nd Harmonic
0	0	0	1.5993e-18	4.50212e-18	4.15591e-18	6.62967	3.83848e+35	0.957787	1.25526e-17	0.00462618
0.02	9.38138e-96	0.000254772	0.0051065	0.00569886	0.0056347	6.62951	208804	0.957769	0.000859509	0.0046265
0.04	6.39877e-82	0.00101965	0.0102134	0.0113976	0.0112693	6.62902	52198.4	0.957713	0.00171934	0.00462745
0.06	7.89093e-73	0.00229572	0.015321	0.017096	0.0169036	6.6282	23197.4	0.95762	0.00257983	0.00462907
0.08	4.85907e-66	0.00408519	0.0204297	0.0227941	0.0225375	6.62707	13047	0.957491	0.00344132	0.00463141
0.1	1.30544e-60	0.00639083	0.0255398	0.0284916	0.0281708	6.6256	8348.83	0.957325	0.00430415	0.00463453
0.12	4.41859e-56	0.00921655	0.0306518	0.0341884	0.0338036	6.62382	5796.73	0.957122	0.00516871	0.0046381
0.14	3.41052e-52	0.0125669	0.0357659	0.0398845	0.0394355	6.62171	4257.9	0.956884	0.00603538	0.00464291
0.16	8.65367e-49	0.0164476	0.0408826	0.0455796	0.0450666	6.61928	3259.13	0.956611	0.00690462	0.00464881
0.18	9.20354e-46	0.0208651	0.046002	0.0512737	0.0506966	6.61653	2574.38	0.956302	0.00777688	0.00465596
0.2	4.86705e-43	0.0258272	0.0511246	0.0569667	0.0563256	6.61347	2084.58	0.95596	0.00865271	0.00466457
0.22	1.45037e-40	0.0313424	0.0562506	0.0626585	0.0619534	6.6101	1722.18	0.955584	0.00953268	0.00467486
0.24	2.67705e-38	0.0374207	0.0613803	0.0683489	0.0675799	6.60643	1446.54	0.955176	0.0104175	0.00468711
0.26	3.29301e-36	0.0440731	0.066514	0.0740381	0.0732052	6.60245	1232.03	0.954738	0.0113079	0.00470166
0.28	2.86017e-34	0.0513121	0.0716518	0.0797258	0.0788292	6.59818	1061.82	0.954269	0.0122048	0.00471889
0.3	1.8374e-32	0.0591517	0.076794	0.0854122	0.084452	6.59364	924.497	0.953773	0.0131093	0.00473928
0.32	9.06659e-31	0.0676072	0.0819407	0.0910973	0.0900735	6.58882	812.108	0.95325	0.0140226	0.00476338
0.34	3.54531e-29	0.076696	0.087092	0.0967811	0.095694	6.58376	718.96	0.952703	0.0149463	0.00479184
0.36	1.12752e-27	0.0864372	0.0922479	0.102464	0.101314	6.57848	640.899	0.952136	0.0158821	0.00482551
0.38	2.98106e-26	0.0968522	0.0974084	0.108146	0.106933	6.573	574.833	0.951551	0.0168324	0.00486535
0.4	6.67541e-25	0.107965	0.102573	0.113827	0.112552	6.56737	518.425	0.950952	0.0178	0.00491258
0.42	1.2864e-23	0.119801	0.107742	0.119509	0.118172	6.56165	469.879	0.950346	0.0187884	0.00496871
0.44	2.16295e-22	0.13239	0.112914	0.125192	0.123793	6.55592	427.798	0.949737	0.0198025	0.00503566
0.46	3.21137e-21	0.145765	0.118089	0.130871	0.129411	6.54952	391.083	0.949135	0.0208482	0.00511591
0.48	4.25452e-20	0.159963	0.123267	0.13657	0.135051	6.54497	358.85	0.948549	0.0219344	0.00521269
0.5	5.07604e-19	0.175024	0.128446	0.142247	0.140666	6.5378	330.408	0.947996	0.0230719	0.00533032
0.52	5.49855e-18	0.190995	0.133625	0.147939	0.1463	6.53154	305.16	0.947495	0.0242786	0.005475
0.54	5.44701e-17	0.207929	0.138808	0.153589	0.151889	6.52045	282.636	0.947073	0.0255801	0.00565557
0.56	4.96655e-16	0.225883	0.144008	0.159104	0.157328	6.49494	262.399	0.946766	0.0270205	0.00588583
0.58	4.19224e-15	0.244926	0.149271	0.164147	0.16225	6.42356	244.009	0.946617	0.0286776	0.00618812
0.6	3.29298e-14	0.265136	0.154749	0.167683	0.165527	6.21624	226.877	0.946655	0.0307033	0.00660144
0.62	2.41833e-13	0.286601	0.160923	0.166668	0.163847	5.6354	209.918	0.946791	0.0334182	0.00719859
0.64	1.66753e-12	0.309424	0.169279	0.154679	0.150249	4.30545	190.719	0.946455	0.0375022	0.00811712
0.66	1.08377e-11	0.333728	0.184051	0.127526	0.120251	2.37722	164.397	0.943456	0.0442694	0.00960825
0.68	6.66236e-11	0.359654	0.214615	0.0993296	0.0892089	1.00321	126.06	0.931732	0.0553284	0.0119969
0.7	3.88637e-10	0.387374	0.268987	0.092892	0.0814204	0.55135	83.1689	0.903446	0.0699258	0.0151826
0.72	2.15755e-09	0.417093	0.32997	0.123406	0.112216	0.67252	53.4064	0.865077	0.0820881	0.0177237
0.74	1.14301e-08	0.449064	0.369024	0.204654	0.195548	1.52074	39.7693	0.836364	0.0875335	0.0184052
0.76	5.79287e-08	0.483602	0.386194	0.315978	0.309902	3.34361	34.8149	0.82192	0.0885547	0.0179107
0.78	2.81505e-07	0.521105	0.393252	0.39809	0.394118	5.14043	33.0938	0.815815	0.0881363	0.0171488
0.8	1.31446e-06	0.562092	0.396752	0.438351	0.435273	6.13574	32.3849	0.813666	0.0874878	0.0164578
0.82	5.90917e-06	0.607262	0.399008	0.457226	0.454453	6.60361	31.9745	0.81365	0.0869114	0.0159017
0.84	2.56219e-05	0.65759	0.400725	0.468465	0.465792	6.86813	31.6559	0.815142	0.0864343	0.0154727
0.86	0.000107327	0.714516	0.402118	0.476484	0.473851	7.04503	31.3762	0.818013	0.0860213	0.0151547
0.88	0.00043492	0.7803	0.403317	0.479069	0.476481	7.06956	31.1387	0.822415	0.0856212	0.014936
0.9	0.00170603	0.858722	0.404713	0.4624	0.459955	6.56044	31.01	0.828791	0.0851543	0.0148096
0.92	0.00646761	0.956404	0.407858	0.392065	0.390046	4.75323	31.2434	0.838099	0.0844385	0.0147676
0.94	0.0234867	1.08413	0.418424	0.251608	0.250366	2.0518	32.7329	0.852273	0.0829632	0.014778
0.96	0.0792345	1.25328	0.454334	0.118196	0.117661	0.5341	38.5799	0.874421	0.0793702	0.0147206
0.98	0.229175	1.44457	0.555317	0.0510813	0.0508942	0.154786	59.758	0.904294	0.0712444	0.014316
1	0.500187	1.55787	0.745081	0.028129	0.0280741	0.107371	136.232	0.925738	0.0583739	0.0134088
1.02	0.777742	1.50654	0.944537	0.024056	0.0240801	0.219746	378.969	0.920953	0.0466352	0.0123383
1.04	0.946959	1.371	1.06812	0.0298532	0.0299936	0.780892	868.03	0.903969	0.0402829	0.0114493
1.06	1.02769	1.24645	1.12855	0.0411897	0.0415064	2.41964	1404.5	0.890674	0.037741	0.010811
1.08	1.06905	1.15491	1.16081	0.050803	0.0512863	4.73982	1802.02	0.883116	0.0367568	0.0103593
1.1	1.09627	1.08887	1.18292	0.0549064	0.0554913	6.43277	2089.04	0.879277	0.0362922	0.0100185
1.12	1.11871	1.03952	1.20158	0.0552286	0.0558652	7.28728	2334.97	0.877583	0.0359919	0.00974296
1.14	1.13955	1.00099	1.21907	0.0539625	0.054628	7.69977	2580.17	0.877145	0.0357442	0.00950717
1.16	1.15984	0.969778	1.23616	0.0521214	0.0528068	7.93064	2844	0.877486	0.0355163	0.00929811
1.18	1.17994	0.943787	1.25312	0.0500894	0.0507913	8.0936	3137.35	0.878336	0.0352986	0.00910852
1.2	1.19998	0.921668	1.27004	0.0479905	0.0487076	8.22874	3468.49	0.879536	0.0350881	0.00893397
1.22	1.21999	0.902536	1.28696	0.0459032	0.0466351	8.36217	3844.98	0.880985	0.0348848	0.00877171
1.24	1.24	0.88577	1.3039	0.0437913	0.0445373	8.48172	4275.99	0.882615	0.0346878	0.00861977
1.26	1.26	0.870924	1.32085	0.0417097	0.0424699	8.60722	4772.01	0.884381	0.0344975	0.00847681
1.28	1.28	0.85767	1.33783	0.0396337	0.0404077	8.72913	5346.17	0.886251	0.0343134	0.00834178
1.3	1.3	0.845748	1.35482	0.0375718	0.0383595	8.85093	6015.11	0.888199	0.0341354	0.00821387
1.32	1.32	0.834959	1.37185	0.0355245	0.0363257	8.97275	6799.82	0.890208	0.033963	0.00809242
1.34	1.34	0.825141	1.38889	0.0334921	0.0343066	9.09467	7727.36	0.892263	0.0337962	0.00797691
1.36	1.36	0.816165	1.40597	0.0314748	0.0323024	9.21675	8832.99	0.894354	0.0336345	0.00786688
1.38	1.38	0.807927	1.42306	0.0294726	0.0303133	9.33905	10163.4	0.896473	0.0334779	0.00776198
1.4	1.4	0.800333	1.44018	0.0274857	0.0283391	9.46157	11781.2	0.898612	0.0333261	0.00766185
1.42	1.42	0.793313	1.45733	0.025514	0.0263801	9.58435	13772.4	0.900766	0.0331788	0.00756622
1.44	1.44	0.786801	1.47451	0.0235576	0.0244361	9.70741	16257	0.90293	0.033036	0.00747485
1.46	1.46	0.780746	1.4917	0.0216164	0.0225072	9.83074	19406.4	0.9051	0.0328975	0.00738751
1.48	1.48	0.775099	1.50893	0.0196903	0.0205932	9.95437	23472.8	0.907274	0.0327632	0.007304
1.5	1.5	0.769822	1.52618	0.0177794	0.0186943	10.0783	28838.3	0.909448	0.0326329	0.00722416
1.52	1.52	0.764878	1.54345	0.0158836	0.0168102	10.2025	36104.4	0.911621	0.0325066	0.00714782
1.54	1.54	0.760239	1.56075	0.0140028	0.014941	10.327	46261.3	0.91379	0.0323842	0.00707484
1.56	1.56	0.755876	1.57807	0.0121368	0.0130865	10.4519	61030.4	0.915955	0.0322657	0.00700509
1.58	1.58	0.751766	1.59542	0.0102858	0.0112467	10.577	83620.3	0.918113	0.0321511	0.00693846
1.6	1.6	0.747889	1.61279	0.00844947	0.0094215	10.7024	120570	0.920264	0.0320403	0.00687484
1.62	1.62	0.744224	1.63018	0.0066279	0.00761085	10.8281	186933	0.922407	0.0319333	0.00681413
1.64	1.64	0.740757	1.6476	0.00482105	0.00581469	10.9541	323984	0.924541	0.0318302	0.00675625
1.66	1.66	0.737471	1.66505	0.00302912	0.00403306	11.0804	681218	0.926665	0.0317311	0.00670112
1.68	1.68	0.734353	1.68251	0.00125395	0.00226638	11.207	2.18184e+06	0.928778	0.031636	0.00664868
1.7	1.7	0.731392	1.7	0.000529011	0.000522061	11.3338	4.15846e+07	0.930881	0.0315449	0.00659885
1.72	1.72	0.728575	1.71751	0.00226879	0.0012351	11.4609	7.51306e+06	0.932972	0.0314579	0.0065516
1.74	1.74	0.725892	1.73505	0.00400339	0.00295796	11.5883	1.32446e+06	0.935052	0.0313752	0.00650688
1.76	1.76	0.723336	1.7526	0.00572483	0.0046692	11.716	537396	0.93712	0.0312969	0.00646466
1.78	1.78	0.720897	1.77018	0.00743266	0.00636715	11.844	292150	0.939176	0.0312232	0.00642489
1.8	1.8	0.718568	1.78778	0.00912682	0.00805163	11.9722	184673	0.941219	0.0311541	0.00638758
1.82	1.82	0.716342	1.80541	0.0108074	0.00972267	12.1006	128008	0.94325	0.0310899	0.0063527
1.84	1.84	0.714212	1.82305	0.0124744	0.0113803	12.2293	94426.2	0.945269	0.0310308	0.00632027
1.86	1.86	0.712173	1.84071	0.014128	0.0130247	12.3582	72848.9	0.947275	0.0309771	0.00629029
1.88	1.88	0.710219	1.8584	0.0157683	0.0146558	12.4874	58136.9	0.949268	0.0309289	0.00626278
1.9	1.9	0.708346	1.87611	0.0173953	0.0162739	12.6169	47639.7	0.951248	0.0308867	0.0062378
1.92	1.92	0.706548	1.89384	0.0190092	0.0178789	12.7465	39875.8	0.953216	0.0308507	0.00621539
1.94	1.94	0.704822	1.91159	0.02061	0.019471	12.8764	33963.8	0.955172	0.0308213	0.00619562
1.96	1.96	0.703163	1.92935	0.0221978	0.0210503	13.0065	29352.3	0.957115	0.0307989	0.00617859
1.98	1.98	0.701568	1.94714	0.0237729	0.0226169	13.1368	25681.7	0.959045	0.0307841	0.00616443
2	2	0.700033	1.96495	0.0253351	0.0241708	13.2673	22709.1	0.960964	0.0307774	0.00615327
