# QTMix Mixer Data
# 
# IV data file: /data/simulations/SuperMix-basics/Ideal_30.idc
# KK data file: /data/simulations/SuperMix-basics/Ideal_30.ikk
# 
# Impedances:
# 	IF:		1 + 0i
# 	Fundamental:	 1 + 0i
# 	Harmonic 1 :	 1 + 0i
# 	Harmonic 2 : 	 1 + 0i
# 
# Actual Impedances:
# 	IF:		1 + -0i
# 	EmbImp.Z = 1 + 0i
# 	LO:		1 + -0i
# Operating Point:
# Bias       : 0.8
# LO Freq    : 0.8
# LO Voltage : 1.75
# IF Freq    : 0.01
# 
# Harmonics : 1
# 
# Scan variable : Bias
# 
# X Axis | Unpump DC | Unpump KK | Pump DC | LSB Gain | USB Gain | IF Output | Noise Temp | LO Fundamental Current 
0	0	0	3.6763e-18	1.98529e-17	1.90274e-17	3.46404	9.56808e+33	0.452747
0.02	9.38138e-96	0.000254772	0.00223347	0.00570164	0.00556827	3.46291	111686	0.452943
0.04	6.39877e-82	0.00101965	0.00446903	0.011404	0.0111453	3.45821	27839.9	0.453551
0.06	7.89093e-73	0.00229572	0.00671843	0.0170888	0.0167373	3.4433	12291.5	0.454635
0.08	4.85907e-66	0.00408519	0.00903367	0.0226509	0.0223273	3.39372	6807.77	0.456341
0.1	1.30544e-60	0.00639083	0.0116187	0.0276401	0.0277672	3.22805	4186.75	0.458992
0.12	4.41859e-56	0.00921655	0.0152234	0.0305541	0.0324114	2.73978	2608.08	0.463375
0.14	3.41052e-52	0.0125669	0.0224129	0.0286421	0.0347791	1.74975	1446.57	0.471513
0.16	8.65367e-49	0.0164476	0.0407329	0.023149	0.0349159	0.754963	619.269	0.488379
0.18	9.20354e-46	0.0208651	0.084535	0.023304	0.03831	0.321795	219.257	0.522024
0.2	4.86705e-43	0.0258272	0.154972	0.039183	0.0551033	0.273127	89.9517	0.569077
0.22	1.45037e-40	0.0313424	0.217636	0.0861272	0.0999709	0.539339	53.9653	0.601472
0.24	2.67705e-38	0.0374207	0.252719	0.167704	0.176317	1.35852	43.6994	0.610112
0.26	3.29301e-36	0.0440731	0.269859	0.251325	0.254467	2.60041	40.1585	0.608251
0.28	2.86017e-34	0.0513121	0.279433	0.305824	0.305569	3.57747	38.314	0.604415
0.3	1.8374e-32	0.0591517	0.286171	0.335185	0.333298	4.09716	36.8823	0.601037
0.32	9.06659e-31	0.0676072	0.291814	0.352341	0.34968	4.34699	35.5506	0.598493
0.34	3.54531e-29	0.076696	0.296978	0.364776	0.361681	4.48133	34.2574	0.596675
0.36	1.12752e-27	0.0864372	0.301884	0.375457	0.372062	4.56818	32.9999	0.595424
0.38	2.98106e-26	0.0968522	0.306619	0.385528	0.381891	4.63555	31.785	0.594612
0.4	6.67541e-25	0.107965	0.311219	0.395349	0.391496	4.6929	30.6188	0.594151
0.42	1.2864e-23	0.119801	0.3157	0.405185	0.401127	4.7474	29.5047	0.593975
0.44	2.16295e-22	0.13239	0.320074	0.414919	0.410669	4.79688	28.4429	0.594046
0.46	3.21137e-21	0.145765	0.324348	0.424645	0.420195	4.8436	27.4325	0.594334
0.48	4.25452e-20	0.159963	0.328538	0.434058	0.429378	4.87978	26.4679	0.594824
0.5	5.07604e-19	0.175024	0.332684	0.442444	0.43742	4.88613	25.5368	0.595495
0.52	5.49855e-18	0.190995	0.336912	0.447446	0.441708	4.80105	24.6073	0.596295
0.54	5.44701e-17	0.207929	0.34161	0.442749	0.43526	4.4698	23.5934	0.597035
0.56	4.96655e-16	0.225883	0.347865	0.417565	0.406147	3.67524	22.2802	0.597101
0.58	4.19224e-15	0.244926	0.357991	0.375648	0.358368	2.60484	20.2826	0.594972
0.6	3.29298e-14	0.265136	0.373592	0.363068	0.341927	2.04238	17.4691	0.589091
0.62	2.41833e-13	0.286601	0.38997	0.4254	0.405522	2.4233	14.7359	0.581743
0.64	1.66753e-12	0.309424	0.400667	0.541281	0.526285	3.62075	13.0724	0.577474
0.66	1.08377e-11	0.333728	0.406173	0.636884	0.625922	4.83467	12.3403	0.576775
0.68	6.66236e-11	0.359654	0.409282	0.687314	0.678084	5.53072	12.0286	0.578086
0.7	3.88637e-10	0.387374	0.411464	0.713146	0.704407	5.88452	11.8594	0.580421
0.72	2.15755e-09	0.417093	0.413222	0.7305	0.721813	6.11481	11.7364	0.583406
0.74	1.14301e-08	0.449064	0.414694	0.745848	0.73707	6.3187	11.6308	0.586933
0.76	5.79287e-08	0.483602	0.415906	0.761525	0.752605	6.53353	11.5349	0.590997
0.78	2.81505e-07	0.521105	0.416839	0.778637	0.769545	6.77869	11.4466	0.595646
0.8	1.31446e-06	0.562092	0.417456	0.798112	0.788819	7.0722	11.3658	0.600964
0.82	5.90917e-06	0.607262	0.417698	0.821116	0.811585	7.43835	11.293	0.607084
0.84	2.56219e-05	0.65759	0.41748	0.849275	0.839455	7.91325	11.2295	0.614201
0.86	0.000107327	0.714516	0.416688	0.884431	0.874257	8.5439	11.1784	0.622616
0.88	0.00043492	0.7803	0.415193	0.925872	0.915296	9.33898	11.1475	0.632816
0.9	0.00170603	0.858722	0.412971	0.955346	0.944548	9.95713	11.1606	0.645644
0.92	0.00646761	0.956404	0.410668	0.890042	0.880163	8.75048	11.2955	0.662676
0.94	0.0234867	1.08413	0.411817	0.607157	0.600657	4.26584	11.8236	0.686807
0.96	0.0792345	1.25328	0.430076	0.267645	0.26501	0.969099	13.7989	0.722043
0.98	0.229175	1.44457	0.50224	0.0952982	0.0945432	0.200249	22.4032	0.765858
1	0.500187	1.55787	0.661025	0.0394072	0.0392737	0.113693	73.7104	0.793852
1.02	0.777742	1.50654	0.837428	0.0205779	0.0208166	0.242538	559.704	0.784001
1.04	0.946959	1.371	0.94591	0.00854522	0.00910647	0.930844	11224.8	0.756385
1.06	1.02769	1.24645	0.998204	0.0153006	0.0136439	2.87853	15463	0.73345
1.08	1.06905	1.15491	1.02649	0.0311627	0.0284335	5.39091	6668.08	0.718915
1.1	1.09627	1.08887	1.04647	0.0421404	0.0388763	7.06239	4672.85	0.710138
1.12	1.11871	1.03952	1.06376	0.0492694	0.0457556	7.86629	3757.35	0.704818
1.14	1.13955	1.00099	1.08023	0.0546654	0.0510225	8.25809	3172.17	0.701592
1.16	1.15984	0.969778	1.09646	0.059372	0.0556474	8.49149	2742.17	0.699701
1.18	1.17994	0.943787	1.11267	0.0638036	0.0600162	8.66968	2406.94	0.69871
1.2	1.19998	0.921668	1.12892	0.0680998	0.0642585	8.82716	2137.76	0.69835
1.22	1.21999	0.902536	1.14522	0.0723412	0.0684493	8.98612	1917.94	0.69845
1.24	1.24	0.88577	1.16159	0.076482	0.0725443	9.13456	1735.73	0.698895
1.26	1.26	0.870924	1.17803	0.0805881	0.0766056	9.28992	1583.04	0.699603
1.28	1.28	0.85767	1.19452	0.0846203	0.0805957	9.44306	1453.75	0.700515
1.3	1.3	0.845748	1.21109	0.0885895	0.084525	9.59681	1343.25	0.701587
1.32	1.32	0.834959	1.22771	0.0924917	0.0883901	9.75083	1248.06	0.702781
1.34	1.34	0.825141	1.2444	0.0963166	0.0921832	9.90433	1165.53	0.704066
1.36	1.36	0.816165	1.26115	0.10004	0.0958856	10.0556	1093.71	0.705407
1.38	1.38	0.807927	1.27797	0.103633	0.0994704	10.2035	1031.24	0.706767
1.4	1.4	0.800333	1.29485	0.107132	0.102954	10.3537	976.808	0.708144
1.42	1.42	0.793313	1.31179	0.110647	0.106422	10.5136	928.303	0.709606
1.44	1.44	0.786801	1.32878	0.114186	0.109906	10.6772	883.918	0.711189
1.46	1.46	0.780746	1.3458	0.117692	0.11337	10.8382	843.256	0.712849
1.48	1.48	0.775099	1.36287	0.12114	0.116786	10.9969	806.284	0.714547
1.5	1.5	0.769822	1.38	0.124528	0.120146	11.1546	772.75	0.71627
1.52	1.52	0.764878	1.39717	0.127855	0.123448	11.312	742.289	0.718011
1.54	1.54	0.760239	1.4144	0.131123	0.126692	11.4691	714.541	0.719772
1.56	1.56	0.755876	1.43168	0.134332	0.12988	11.6257	689.185	0.721553
1.58	1.58	0.751766	1.44902	0.137482	0.13301	11.7816	665.941	0.723359
1.6	1.6	0.747889	1.4664	0.140572	0.136083	11.9365	644.565	0.725193
1.62	1.62	0.744224	1.48384	0.1436	0.139097	12.0895	624.847	0.727064
1.64	1.64	0.740757	1.50133	0.146553	0.14204	12.2386	606.606	0.728985
1.66	1.66	0.737471	1.5189	0.149385	0.144875	12.3771	589.7	0.730969
1.68	1.68	0.734353	1.53655	0.15193	0.14746	12.483	574.081	0.733031
1.7	1.7	0.731392	1.55439	0.153604	0.149287	12.4806	560	0.735159
1.72	1.72	0.728575	1.5727	0.152451	0.148665	12.1277	548.735	0.737201
1.74	1.74	0.725892	1.59245	0.143001	0.140827	10.81	545.072	0.738487
1.76	1.76	0.723336	1.61662	0.116166	0.117795	7.85133	565.837	0.736667
1.78	1.78	0.720897	1.65218	0.0740397	0.0810782	4.41541	671.682	0.725668
1.8	1.8	0.718568	1.70641	0.0386959	0.0492095	2.68684	1109.54	0.698669
1.82	1.82	0.716342	1.76864	0.0206523	0.0307083	2.90962	3085.49	0.664339
1.84	1.84	0.714212	1.8168	0.0134985	0.0202124	4.91382	12027.8	0.641273
1.86	1.86	0.712173	1.84891	0.0109203	0.0140455	7.77691	39421.5	0.631124
1.88	1.88	0.710219	1.87305	0.0102932	0.0112283	9.81362	77839.7	0.627469
1.9	1.9	0.708346	1.89423	0.0105076	0.0104496	10.7995	98901.4	0.626337
1.92	1.92	0.706548	1.9144	0.0110408	0.0105927	11.2433	100203	0.626141
1.94	1.94	0.704822	1.93423	0.0116863	0.0110853	11.4802	93422.8	0.626305
1.96	1.96	0.703163	1.95394	0.012369	0.0117026	11.6428	85014.1	0.62662
1.98	1.98	0.701568	1.97362	0.0130627	0.0123625	11.7795	77075.8	0.627003
2	2	0.700033	1.99328	0.013756	0.0130345	11.9062	70078.1	0.62742
