# QTMix Mixer Data
# 
# IV data file: /data/simulations/SuperMix-basics/Ideal_30.idc
# KK data file: /data/simulations/SuperMix-basics/Ideal_30_SM.ikk
# 
# Impedances:
# 	IF:		1 + 0i
# 	Fundamental:	 1 + 0i
# 	Harmonic 1 :	 1 + 0i
# 	Harmonic 2 : 	 1 + 0i
# 
# Actual Impedances:
# 	IF:		1 + -0i
# 	EmbImp.Z = 1 + 0i
# 	LO:		1 + -0i
# Operating Point:
# Bias       : 0.6
# LO Freq    : 0.8
# LO Voltage : 1.75
# IF Freq    : 0.01
# 
# Harmonics : 1
# 
# Scan variable : LO Voltage
# 
# X Axis | Unpump DC | Unpump KK | Pump DC | LSB Gain | USB Gain | IF Output | Noise Temp | LO Fundamental Current 
0	0	0	3.29298e-14	0	0	1.18332e-12	inf	0
0.06	7.89093e-73	0.00229572	0.000554455	0.0371821	0.0367144	0.01286	9.5404	0.0201387
0.12	4.41859e-56	0.00921655	0.00221603	0.07422	0.0732739	0.051306	9.55584	0.040278
0.18	9.20354e-46	0.0208651	0.00497934	0.110963	0.109517	0.114922	9.5817	0.0604185
0.24	2.67705e-38	0.0374207	0.00883545	0.147246	0.145269	0.202972	9.61813	0.0805607
0.3	1.8374e-32	0.0591517	0.0137719	0.182886	0.180338	0.314334	9.66537	0.100705
0.36	1.12752e-27	0.0864372	0.0197727	0.217678	0.214509	0.44743	9.72374	0.120853
0.42	1.2864e-23	0.119801	0.0268184	0.251389	0.247546	0.600143	9.79363	0.141003
0.48	4.25452e-20	0.159963	0.0348862	0.283764	0.279187	0.769749	9.87552	0.161158
0.54	5.44701e-17	0.207929	0.04395	0.314523	0.309151	0.952876	9.97001	0.181317
0.6	3.29298e-14	0.265136	0.0539806	0.343374	0.337145	1.14551	10.0778	0.201482
0.66	1.08377e-11	0.333728	0.0649454	0.370014	0.36287	1.34303	10.1996	0.221651
0.72	2.15755e-09	0.417093	0.076809	0.394147	0.386036	1.54039	10.3366	0.241827
0.78	2.81505e-07	0.521105	0.0895332	0.415497	0.406374	1.73226	10.4897	0.262008
0.84	2.56219e-05	0.65759	0.103077	0.43382	0.423652	1.91331	10.6602	0.282196
0.9	0.00170603	0.858722	0.117396	0.448922	0.437689	2.07851	10.8498	0.302391
0.96	0.0792345	1.25328	0.132445	0.46067	0.448367	2.22344	11.0601	0.322593
1.02	0.777742	1.50654	0.148176	0.469003	0.45564	2.34454	11.2931	0.342802
1.08	1.06905	1.15491	0.164538	0.473935	0.459539	2.43936	11.5513	0.363018
1.14	1.13955	1.00099	0.181478	0.475558	0.46017	2.50666	11.8375	0.38324
1.2	1.19998	0.921668	0.198943	0.474037	0.457711	2.5464	12.1547	0.403469
1.26	1.26	0.870924	0.216878	0.469596	0.452399	2.55972	12.5069	0.423704
1.32	1.32	0.834959	0.235227	0.462513	0.444522	2.5487	12.8983	0.443945
1.38	1.38	0.807927	0.25393	0.453097	0.434395	2.51615	13.3342	0.464191
1.44	1.44	0.786801	0.272931	0.44168	0.422356	2.46536	13.8205	0.484441
1.5	1.5	0.769822	0.29217	0.428597	0.40874	2.39986	14.3645	0.504694
1.56	1.56	0.755876	0.311588	0.414178	0.393878	2.32317	14.9747	0.524949
1.62	1.62	0.744224	0.331127	0.398732	0.378078	2.23861	15.6609	0.545205
1.68	1.68	0.734353	0.350726	0.382547	0.361622	2.14924	16.4352	0.565461
1.74	1.74	0.725892	0.370329	0.365877	0.344761	2.05769	17.3119	0.585716
1.8	1.8	0.718568	0.389876	0.348946	0.327712	1.9662	18.3081	0.605967
1.86	1.86	0.712173	0.409312	0.331944	0.31066	1.87659	19.4445	0.626215
1.92	1.92	0.706548	0.428579	0.315029	0.293758	1.79026	20.7462	0.646457
1.98	1.98	0.701568	0.447625	0.29833	0.277126	1.70829	22.2437	0.666692
2.04	2.04	0.697132	0.466397	0.281948	0.260861	1.63142	23.9744	0.686918
2.1	2.1	0.693161	0.484842	0.265962	0.245034	1.56015	25.9845	0.707136
2.16	2.16	0.689588	0.502913	0.250428	0.229696	1.49476	28.331	0.727342
2.22	2.22	0.686361	0.520563	0.235386	0.214884	1.43537	31.0853	0.747538
2.28	2.28	0.683433	0.537748	0.220862	0.200618	1.38198	34.3372	0.767722
2.34	2.34	0.680769	0.554425	0.20687	0.186906	1.33449	38.2004	0.787893
2.4	2.4	0.678335	0.570556	0.193415	0.173751	1.29272	42.8205	0.808052
2.46	2.46	0.676106	0.586104	0.180493	0.161146	1.25647	48.3854	0.828199
2.52	2.52	0.674058	0.601036	0.168097	0.149079	1.22548	55.1406	0.848335
2.58	2.58	0.672172	0.615323	0.156216	0.137538	1.1995	63.4101	0.868461
2.64	2.64	0.67043	0.628936	0.144834	0.126503	1.17826	73.6274	0.888578
2.7	2.7	0.668817	0.641853	0.133936	0.115958	1.16149	86.3805	0.908687
2.76	2.76	0.667322	0.654052	0.123504	0.105882	1.1489	102.481	0.928792
2.82	2.82	0.665932	0.665517	0.113521	0.0962561	1.14025	123.068	0.948896
2.88	2.88	0.664637	0.676235	0.10397	0.0870623	1.13528	149.776	0.969
2.94	2.94	0.663429	0.686194	0.0948336	0.0782822	1.13372	185.003	0.989109
3	3	0.662301	0.695387	0.0860967	0.0698987	1.13534	232.374	1.00923
3.06	3.06	0.661244	0.703812	0.0777445	0.0618959	1.13989	297.537	1.02936
3.12	3.12	0.660253	0.711467	0.0697634	0.0542592	1.14715	389.649	1.04951
3.18	3.18	0.659323	0.718356	0.0621412	0.0469753	1.15688	524.263	1.06968
3.24	3.24	0.658449	0.724483	0.0548669	0.0400321	1.16886	729.364	1.08988
3.3	3.3	0.657625	0.729859	0.0479306	0.0334189	1.18286	1059.13	1.11011
3.36	3.36	0.656849	0.734493	0.0413238	0.0271259	1.19868	1629.05	1.13038
3.42	3.42	0.656116	0.738401	0.0350393	0.0211445	1.21609	2720	1.1507
3.48	3.48	0.655424	0.7416	0.029071	0.0154671	1.23489	5161.87	1.17107
3.54	3.54	0.654769	0.744107	0.023415	0.010087	1.25488	12333.3	1.19149
3.6	3.6	0.654149	0.745944	0.0180702	0.00499844	1.27587	51066.5	1.21197
3.66	3.66	0.653561	0.747134	0.0130431	0.000250482	1.29766	2.06828e+07	1.23252
3.72	3.72	0.653002	0.747701	0.00836497	0.00433763	1.3201	70161.7	1.25314
3.78	3.78	0.652472	0.747672	0.00421106	0.00858725	1.343	18212.4	1.27383
3.84	3.84	0.651968	0.747074	0.00239354	0.0125687	1.36623	8648.62	1.2946
3.9	3.9	0.651489	0.745935	0.00518942	0.0162862	1.38966	5239.25	1.31546
3.96	3.96	0.651032	0.744286	0.00865599	0.0197449	1.41316	3624.78	1.3364
4.02	4.02	0.650597	0.742155	0.0119961	0.0229501	1.43665	2727.59	1.35744
4.08	4.08	0.650181	0.739575	0.015121	0.0259074	1.46003	2175.27	1.37856
4.14	4.14	0.649785	0.736575	0.018013	0.0286228	1.48327	1810.5	1.39978
4.2	4.2	0.649406	0.733187	0.0206701	0.0311023	1.50633	1557.17	1.42109
4.26	4.26	0.649044	0.729443	0.0230952	0.0333524	1.52918	1374.69	1.4425
4.32	4.32	0.648698	0.725373	0.0252936	0.0353801	1.55185	1239.75	1.464
4.38	4.38	0.648366	0.721008	0.0272714	0.0371922	1.57436	1138.16	1.4856
4.44	4.44	0.648048	0.71638	0.0290358	0.038796	1.59677	1060.89	1.50729
4.5	4.5	0.647744	0.711517	0.0305941	0.040199	1.61914	1001.97	1.52907
4.56	4.56	0.647452	0.706451	0.0319541	0.0414088	1.64157	957.359	1.55095
4.62	4.62	0.647172	0.701209	0.0331236	0.042433	1.66417	924.253	1.57291
4.68	4.68	0.646902	0.69582	0.0341106	0.0432792	1.68707	900.686	1.59496
4.74	4.74	0.646644	0.690313	0.034923	0.0439551	1.7104	885.278	1.61708
4.8	4.8	0.646395	0.684712	0.0355686	0.0444681	1.73434	877.076	1.63929
4.86	4.86	0.646156	0.679045	0.0360552	0.0448256	1.75906	875.444	1.66157
4.92	4.92	0.645926	0.673336	0.0363902	0.0450347	1.78475	880.002	1.68392
4.98	4.98	0.645705	0.66761	0.0365809	0.0451021	1.81162	890.578	1.70634
5.04	5.04	0.645491	0.661889	0.0366341	0.0450346	1.83989	907.19	1.72882
5.1	5.1	0.645286	0.656196	0.0365565	0.0448383	1.8698	930.03	1.75135
5.16	5.16	0.645088	0.650552	0.0363543	0.044519	1.9016	959.465	1.77393
5.22	5.22	0.644896	0.644977	0.0360331	0.0440823	1.93558	996.056	1.79655
5.28	5.28	0.644712	0.639491	0.0355985	0.0435331	1.97201	1040.57	1.81922
5.34	5.34	0.644534	0.634111	0.0350554	0.0428761	2.01122	1094.03	1.84192
5.4	5.4	0.644362	0.628856	0.0344083	0.0421155	2.05353	1157.75	1.86464
5.46	5.46	0.644196	0.623741	0.0336612	0.0412552	2.09931	1233.44	1.88739
5.52	5.52	0.644035	0.618781	0.0328179	0.0402984	2.14893	1323.27	1.91016
5.58	5.58	0.64388	0.613991	0.0318814	0.039248	2.20282	1430.03	1.93294
5.64	5.64	0.643729	0.609384	0.0308545	0.0381066	2.26143	1557.34	1.95573
5.7	5.7	0.643584	0.604972	0.0297397	0.0368763	2.32525	1709.92	1.97851
5.76	5.76	0.643443	0.600767	0.0285389	0.0355587	2.3948	1893.99	2.0013
5.82	5.82	0.643307	0.596779	0.0272537	0.0341553	2.47067	2117.86	2.02407
5.88	5.88	0.643175	0.593016	0.0258853	0.0326671	2.55348	2392.83	2.04683
5.94	5.94	0.643047	0.589488	0.0244348	0.0310947	2.64391	2734.47	2.06958
6	6	0.642923	0.586201	0.0229027	0.0294387	2.74273	3164.8	2.0923
