# QTMix Mixer Data
# 
# IV data file: /data/simulations/SuperMix-basics/Ideal_30.idc
# KK data file: /data/simulations/SuperMix-basics/Ideal_30_SM.ikk
# 
# Impedances:
# 	IF:		1 + 0i
# 	Fundamental:	 1 + 0i
# 	Harmonic 1 :	 1 + 0i
# 	Harmonic 2 : 	 1 + 0i
# 
# Actual Impedances:
# 	IF:		1 + -0i
# 	EmbImp.Z = 1 + 0i
# 	LO:		1 + -0i
# Operating Point:
# Bias       : 0.5
# LO Freq    : 0.8
# LO Voltage : 1.75
# IF Freq    : 0.01
# 
# Harmonics : 5
# 
# Scan variable : Bias
# 
# X Axis | Unpump DC | Unpump KK | Pump DC | LSB Gain | USB Gain | IF Output | Noise Temp | LO Fundamental Current | LO 1st Harmonic | LO 2nd Harmonic | LO 3rd Harmonic | LO 4th Harmonic
0	0	0	8.48407e-19	5.24113e-18	5.87519e-18	3.3616	9.73875e+34	0.454681	1.03128e-17	0.0750563	1.98568e-18	0.00793697
0.02	9.38138e-96	0.000254772	0.00121003	0.00270918	0.0026624	3.35986	473997	0.455075	0.0122449	0.0749098	0.00267051	0.00788292
0.04	6.39877e-82	0.00101965	0.00242268	0.00538359	0.00530573	3.35294	119107	0.456288	0.0246849	0.0744621	0.00537002	0.00771795
0.06	7.89093e-73	0.00229572	0.00365227	0.00797361	0.00791931	3.33253	53137.2	0.458434	0.0375457	0.0736834	0.00813194	0.00743283
0.08	4.85907e-66	0.00408519	0.00496163	0.0103768	0.0105245	3.2685	29508.3	0.461754	0.0511268	0.0725088	0.0109986	0.00700841
0.1	1.30544e-60	0.00639083	0.00659618	0.0123268	0.0132387	3.06429	17483.9	0.466747	0.0658638	0.0707941	0.0140248	0.00640751
0.12	4.41859e-56	0.00921655	0.0094529	0.0132258	0.0163763	2.4989	9317.92	0.474525	0.0823997	0.0681906	0.0172596	0.00555575
0.14	3.41052e-52	0.0125669	0.0165633	0.0127484	0.0203277	1.47517	3569.98	0.487641	0.101436	0.063832	0.0206147	0.0043202
0.16	8.65367e-49	0.0164476	0.0365537	0.0131403	0.0254772	0.593819	914.852	0.511389	0.122474	0.0558343	0.023358	0.00262481
0.18	9.20354e-46	0.0208651	0.0842342	0.0190278	0.0344807	0.258234	217.201	0.551083	0.139764	0.0421803	0.0233257	0.00155792
0.2	4.86705e-43	0.0258272	0.156946	0.0395855	0.0559923	0.235322	75.0596	0.595782	0.143251	0.0259529	0.0192506	0.00219161
0.22	1.45037e-40	0.0313424	0.219113	0.089546	0.103861	0.471938	43.7499	0.619915	0.134584	0.0152241	0.0145811	0.00235972
0.24	2.67705e-38	0.0374207	0.25404	0.17141	0.180895	1.16033	35.459	0.623085	0.124347	0.011933	0.011859	0.00228124
0.26	3.29301e-36	0.0440731	0.271395	0.255896	0.260241	2.2132	32.679	0.618787	0.116683	0.0121843	0.0105481	0.00222779
0.28	2.86017e-34	0.0513121	0.281058	0.313146	0.31412	3.08904	31.3063	0.613954	0.111494	0.0131589	0.0098727	0.00221411
0.3	1.8374e-32	0.0591517	0.287676	0.345459	0.344685	3.60016	30.3024	0.610209	0.107954	0.0141196	0.0094705	0.0022213
0.32	9.06659e-31	0.0676072	0.293029	0.364679	0.363013	3.87407	29.3984	0.607601	0.105464	0.0149745	0.00920194	0.00223843
0.34	3.54531e-29	0.076696	0.297783	0.378316	0.376135	4.03649	28.5309	0.605882	0.10365	0.0157533	0.00901125	0.00226114
0.36	1.12752e-27	0.0864372	0.302196	0.389601	0.387075	4.14864	27.6895	0.60483	0.102299	0.0164946	0.00887527	0.00228801
0.38	2.98106e-26	0.0968522	0.306374	0.399883	0.397097	4.23789	26.8755	0.604286	0.101284	0.0172292	0.00878375	0.00231905
0.4	6.67541e-25	0.107965	0.310369	0.409679	0.406683	4.31533	26.0917	0.604144	0.100529	0.0179821	0.0087329	0.00235517
0.42	1.2864e-23	0.119801	0.314202	0.419348	0.416176	4.38906	25.3406	0.604333	0.099994	0.0187757	0.00872292	0.00239793
0.44	2.16295e-22	0.13239	0.317886	0.428882	0.42557	4.45937	24.6225	0.604814	0.0996602	0.0196338	0.00875727	0.00244968
0.46	3.21137e-21	0.145765	0.321423	0.438498	0.435072	4.53113	23.9378	0.605564	0.0995316	0.0205871	0.00884371	0.00251403
0.48	4.25452e-20	0.159963	0.324812	0.448121	0.444606	4.60265	23.284	0.606582	0.0996368	0.0216789	0.00899579	0.00259658
0.5	5.07604e-19	0.175024	0.328058	0.45753	0.453919	4.66789	22.655	0.607884	0.100038	0.0229786	0.00923703	0.00270658
0.52	5.49855e-18	0.190995	0.3312	0.4655	0.461649	4.69583	22.0338	0.609497	0.100845	0.0246021	0.00960798	0.00285973
0.54	5.44701e-17	0.207929	0.334419	0.467715	0.463012	4.58177	21.3722	0.611404	0.102217	0.0267361	0.010173	0.00308117
0.56	4.96655e-16	0.225883	0.338345	0.453651	0.446359	4.09323	20.5446	0.613341	0.104254	0.0296286	0.0110126	0.00340246
0.58	4.19224e-15	0.244926	0.344667	0.414508	0.401887	3.11807	19.3053	0.614216	0.106436	0.0333154	0.0121148	0.00381626
0.6	3.29298e-14	0.265136	0.35566	0.381799	0.363935	2.3123	17.4581	0.611838	0.106714	0.036911	0.0131289	0.00416971
0.62	2.41833e-13	0.286601	0.369848	0.40677	0.387926	2.31462	15.3809	0.605747	0.102808	0.0384836	0.0133881	0.00419562
0.64	1.66753e-12	0.309424	0.381468	0.48749	0.471709	3.07729	13.8299	0.599785	0.0962326	0.0375137	0.0127834	0.00390636
0.66	1.08377e-11	0.333728	0.388698	0.571569	0.559393	4.06681	12.9963	0.596567	0.0899749	0.0354545	0.0118502	0.00354021
0.68	6.66236e-11	0.359654	0.393239	0.626026	0.615886	4.77315	12.5836	0.595677	0.084983	0.0334421	0.0109753	0.00322273
0.7	3.88637e-10	0.387374	0.396502	0.658517	0.649238	5.2027	12.343	0.596223	0.081008	0.0317573	0.0102445	0.00296682
0.72	2.15755e-09	0.417093	0.399097	0.680981	0.672025	5.49624	12.1701	0.597715	0.0777061	0.030373	0.00964058	0.00275848
0.74	1.14301e-08	0.449064	0.401253	0.699716	0.690861	5.74088	12.0281	0.599945	0.0748491	0.0292148	0.00913269	0.00258436
0.76	5.79287e-08	0.483602	0.403046	0.717461	0.708602	5.97732	11.9042	0.602846	0.0723013	0.0282238	0.0086967	0.00243532
0.78	2.81505e-07	0.521105	0.404494	0.735619	0.726697	6.22807	11.7936	0.606422	0.0699786	0.0273598	0.00831568	0.0023054
0.8	1.31446e-06	0.562092	0.405582	0.755244	0.746211	6.51175	11.6943	0.61073	0.0678237	0.0265959	0.00797776	0.00219056
0.82	5.90917e-06	0.607262	0.406271	0.777471	0.768282	6.85036	11.6057	0.615877	0.0657939	0.0259144	0.0076742	0.00208798
0.84	2.56219e-05	0.65759	0.406493	0.803709	0.794313	7.27365	11.5284	0.622036	0.0638526	0.0253035	0.00739821	0.00199555
0.86	0.000107327	0.714516	0.406154	0.835292	0.82563	7.81523	11.4649	0.629486	0.0619628	0.0247558	0.00714408	0.00191158
0.88	0.00043492	0.7803	0.405155	0.870532	0.860579	8.46	11.4232	0.638679	0.0600771	0.0242679	0.00690634	0.00183453
0.9	0.00170603	0.858722	0.403526	0.890314	0.880278	8.8563	11.4291	0.650409	0.058112	0.0238403	0.00667847	0.00176259
0.92	0.00646761	0.956404	0.40204	0.817701	0.808675	7.56531	11.5685	0.666158	0.0558729	0.0234734	0.00644849	0.00169225
0.94	0.0234867	1.08413	0.404529	0.553019	0.54714	3.63441	12.1405	0.688664	0.0528538	0.0231436	0.00618581	0.00161417
0.96	0.0792345	1.25328	0.425188	0.24783	0.245405	0.859647	14.2742	0.7218	0.0478877	0.0226999	0.0058069	0.00150248
0.98	0.229175	1.44457	0.50082	0.0916878	0.0909615	0.19226	23.2367	0.76355	0.0400103	0.0217206	0.00519687	0.00131638
1	0.500187	1.55787	0.662351	0.0394384	0.0392972	0.113733	73.648	0.790643	0.0341892	0.0201379	0.0045978	0.00108957
1.02	0.777742	1.50654	0.840048	0.0217305	0.0219462	0.242436	503.362	0.780782	0.0377526	0.0188673	0.00451545	0.000940846
1.04	0.946959	1.371	0.949252	0.0106747	0.0113024	0.924164	7234.5	0.75349	0.0436774	0.0182354	0.00467942	0.000883649
1.06	1.02769	1.24645	1.00198	0.0112879	0.0100301	2.85292	28358.2	0.730962	0.0468393	0.0179365	0.004758	0.00086094
1.08	1.06905	1.15491	1.03051	0.0241338	0.0216072	5.35333	11466.4	0.716757	0.0479403	0.0177211	0.00474385	0.000840743
1.1	1.09627	1.08887	1.05064	0.0337909	0.0307202	7.02797	7447.03	0.708221	0.0481081	0.0175083	0.00468643	0.000817493
1.12	1.11871	1.03952	1.06803	0.0403461	0.0370279	7.83764	5716.47	0.703079	0.0478944	0.0172884	0.0046136	0.000792265
1.14	1.13955	1.00099	1.08458	0.0454606	0.042016	8.23307	4663.71	0.699988	0.0475268	0.0170691	0.00453818	0.000766535
1.16	1.15984	0.969778	1.10088	0.0499927	0.046469	8.46811	3921.56	0.698206	0.0470991	0.0168586	0.00446669	0.000741412
1.18	1.17994	0.943787	1.11714	0.0542884	0.0507045	8.64668	3363.23	0.697304	0.0466526	0.0166627	0.00440252	0.000717484
1.2	1.19998	0.921668	1.13345	0.0584647	0.0548294	8.80374	2928.46	0.697021	0.0462081	0.0164865	0.00434834	0.000695248
1.22	1.21999	0.902536	1.1498	0.0625892	0.0589058	8.96181	2582.73	0.697189	0.0457759	0.0163341	0.00430664	0.000675143
1.24	1.24	0.88577	1.16622	0.066621	0.0628945	9.10891	2302.72	0.697696	0.0453635	0.0162106	0.00428044	0.000657672
1.26	1.26	0.870924	1.18271	0.0706169	0.0668484	9.26263	2072.78	0.698463	0.0449747	0.0161223	0.00427397	0.000643567
1.28	1.28	0.85767	1.19925	0.0745406	0.0707333	9.41374	1881.54	0.699433	0.0446137	0.0160783	0.00429371	0.000633999
1.3	1.3	0.845748	1.21586	0.0783983	0.074556	9.56485	1720.73	0.700562	0.0442854	0.0160919	0.00435013	0.000631024
1.32	1.32	0.834959	1.23253	0.082177	0.0783066	9.71488	1584.31	0.701815	0.0439995	0.0161813	0.00446066	0.000638437
1.34	1.34	0.825141	1.24927	0.0858409	0.0819595	9.8609	1467.97	0.703159	0.0437826	0.0163631	0.00465159	0.000662852
1.36	1.36	0.816165	1.26609	0.0893007	0.0854485	9.9961	1369.06	0.704551	0.0437076	0.016616	0.00495072	0.000713822
1.38	1.38	0.807927	1.28301	0.0924223	0.0886605	10.1139	1286.64	0.705924	0.0439332	0.0167529	0.00532881	0.000793873
1.4	1.4	0.800333	1.30005	0.0952851	0.0915988	10.2349	1219.85	0.707234	0.04459	0.0163081	0.00558859	0.000872909
1.42	1.42	0.793313	1.31715	0.0983486	0.094578	10.4015	1162.82	0.708579	0.0453913	0.0150031	0.00545318	0.000892694
1.44	1.44	0.786801	1.33424	0.101737	0.097804	10.5924	1107.34	0.710102	0.0458831	0.013417	0.00498908	0.000847689
1.46	1.46	0.780746	1.35133	0.105194	0.101155	10.7687	1052.42	0.711786	0.0460796	0.012144	0.00446842	0.000779631
1.48	1.48	0.775099	1.36844	0.108598	0.104506	10.9304	1000.82	0.713556	0.0461785	0.0112491	0.0040203	0.000714589
1.5	1.5	0.769822	1.3856	0.111932	0.107809	11.0857	953.793	0.715374	0.046293	0.0106075	0.0036514	0.000658281
1.52	1.52	0.764878	1.40281	0.115196	0.111051	11.2384	911.304	0.717226	0.0464691	0.010122	0.00334182	0.000609985
1.54	1.54	0.760239	1.42008	0.118391	0.114227	11.3897	872.921	0.719112	0.0467281	0.00973769	0.00307365	0.000568052
1.56	1.56	0.755876	1.43741	0.121513	0.117334	11.5394	838.172	0.721034	0.0470851	0.0094256	0.00283457	0.000531179
1.58	1.58	0.751766	1.45479	0.124561	0.120369	11.6871	806.629	0.722996	0.047556	0.00916981	0.00261616	0.000498414
1.6	1.6	0.747889	1.47224	0.127527	0.123328	11.8321	777.928	0.725008	0.0481601	0.00896166	0.00241236	0.000469194
1.62	1.62	0.744224	1.48975	0.130402	0.1262	11.9729	751.761	0.727082	0.0489235	0.00879696	0.0022184	0.00044319
1.64	1.64	0.740757	1.50733	0.133164	0.128969	12.1067	727.876	0.729238	0.0498818	0.00867514	0.00203014	0.000420307
1.66	1.66	0.737471	1.525	0.135758	0.131585	12.2257	706.093	0.731502	0.0510873	0.00859947	0.00184355	0.000400717
1.68	1.68	0.734353	1.54278	0.138013	0.133904	12.3069	686.371	0.733906	0.0526196	0.00857905	0.00165433	0.000384985
1.7	1.7	0.731392	1.56077	0.139385	0.135459	12.2765	669.053	0.73647	0.0546065	0.00863435	0.00145751	0.00037438
1.72	1.72	0.728575	1.57927	0.138139	0.13476	11.9078	655.709	0.739109	0.0572607	0.00881319	0.00124757	0.000371614
1.74	1.74	0.725892	1.59922	0.12956	0.127742	10.6389	651.975	0.74129	0.0609274	0.00923548	0.0010233	0.000382802
1.76	1.76	0.723336	1.62342	0.105875	0.107642	7.84638	677.185	0.740967	0.0660873	0.010211	0.00082237	0.000421834
1.78	1.78	0.720897	1.65831	0.0686772	0.0755409	4.5636	799.729	0.732549	0.072844	0.0123576	0.000883812	0.000514769
1.8	1.8	0.718568	1.71045	0.0367826	0.0469999	2.84976	1290.07	0.708957	0.0791129	0.0159847	0.00155216	0.000662428
1.82	1.82	0.716342	1.77026	0.0199258	0.0297641	3.04177	3433.52	0.676095	0.0796976	0.0193582	0.002532	0.000748965
1.84	1.84	0.714212	1.8174	0.0129435	0.0195631	4.98764	13032.3	0.651507	0.0738443	0.0205273	0.00321803	0.000706041
1.86	1.86	0.712173	1.84932	0.0102744	0.0134082	7.78518	43303.9	0.639191	0.0662957	0.0201097	0.00349396	0.00063059
1.88	1.88	0.710219	1.87347	0.00951637	0.010518	9.79485	88538.1	0.633873	0.0598763	0.0192477	0.00356367	0.000581902
1.9	1.9	0.708346	1.89468	0.0096275	0.00965137	10.7754	115680	0.631575	0.0548968	0.018407	0.00356324	0.000559647
1.92	1.92	0.706548	1.91489	0.0100834	0.00971935	11.218	118752	0.630539	0.0510269	0.0176906	0.00354448	0.000553647
1.94	1.94	0.704822	1.93476	0.010662	0.0101468	11.454	111249	0.630066	0.0479334	0.017095	0.00352387	0.000556628
1.96	1.96	0.703163	1.95451	0.0112795	0.0107017	11.6153	101419	0.629875	0.0453886	0.0165979	0.0035059	0.0005645
1.98	1.98	0.701568	1.97423	0.0119061	0.011298	11.7505	92056.2	0.629842	0.0432444	0.0161792	0.00349168	0.000575143
2	2	0.700033	1.99394	0.012529	0.0119037	11.8757	83809.6	0.629904	0.041403	0.0158234	0.00348144	0.000587516
