# QTMix Mixer Data
# 
# IV data file: /data/simulations/SuperMix-basics/Ideal_30.idc
# KK data file: /data/simulations/SuperMix-basics/Ideal_30_SM.ikk
# 
# Impedances:
# 	IF:		1 + 0i
# 	Fundamental:	 1 + 0i
# 	Harmonic 1 :	 1 + 0i
# 	Harmonic 2 : 	 1 + 0i
# 
# Actual Impedances:
# 	IF:		1 + -0i
# 	EmbImp.Z = 1 + 0i
# 	LO:		1 + -0i
# Operating Point:
# Bias       : 0.5
# LO Freq    : 0.8
# LO Voltage : 1.75
# IF Freq    : 0.01
# 
# Harmonics : 4
# 
# Scan variable : Bias
# 
# X Axis | Unpump DC | Unpump KK | Pump DC | LSB Gain | USB Gain | IF Output | Noise Temp | LO Fundamental Current | LO 1st Harmonic | LO 2nd Harmonic | LO 3rd Harmonic 
0	0	0	4.8216e-18	2.39798e-17	1.81835e-17	3.35758	1.01548e+34	0.454675	1.64605e-17	0.0753382	2.31531e-18
0.02	9.38138e-96	0.000254772	0.0012103	0.00271156	0.0026647	3.35588	472617	0.455069	0.0122387	0.0751899	0.00265105
0.04	6.39877e-82	0.00101965	0.00242321	0.00538823	0.0053102	3.34906	118768	0.456283	0.0246727	0.0747364	0.00533163
0.06	7.89093e-73	0.00229572	0.00365302	0.00798023	0.00792567	3.32884	52993.3	0.45843	0.0375282	0.0739477	0.00807575
0.08	4.85907e-66	0.00408519	0.00496253	0.0103849	0.0105322	3.26514	29434.9	0.46175	0.0511047	0.0727583	0.0109267
0.1	1.30544e-60	0.00639083	0.00659714	0.0123354	0.0132468	3.06152	17446.9	0.466744	0.0658386	0.0710225	0.0139406
0.12	4.41859e-56	0.00921655	0.00945375	0.0132331	0.016383	2.49711	9303.57	0.474523	0.082374	0.0683888	0.0171696
0.14	3.41052e-52	0.0125669	0.0165638	0.0127522	0.0203313	1.47454	3567.17	0.487641	0.101415	0.0639848	0.0205327
0.16	8.65367e-49	0.0164476	0.0365536	0.0131407	0.0254776	0.593772	914.747	0.511391	0.122464	0.055919	0.0233119
0.18	9.20354e-46	0.0208651	0.0842339	0.019027	0.0344799	0.258263	217.235	0.551084	0.139772	0.042185	0.0233486
0.2	4.86705e-43	0.0258272	0.156946	0.0395849	0.0559918	0.235344	75.068	0.595782	0.143269	0.0259091	0.019328
0.22	1.45037e-40	0.0313424	0.219113	0.0895458	0.103861	0.471961	43.7521	0.619914	0.1346	0.0151756	0.014666
0.24	2.67705e-38	0.0374207	0.25404	0.17141	0.180895	1.16036	35.4599	0.623084	0.12436	0.0119021	0.0119356
0.26	3.29301e-36	0.0440731	0.271395	0.255896	0.26024	2.21322	32.6795	0.618786	0.116696	0.0121706	0.0106181
0.28	2.86017e-34	0.0513121	0.281059	0.313145	0.31412	3.08906	31.3066	0.613953	0.111506	0.0131553	0.00993914
0.3	1.8374e-32	0.0591517	0.287676	0.345459	0.344684	3.60017	30.3026	0.610208	0.107966	0.0141218	0.00953541
0.32	9.06659e-31	0.0676072	0.293029	0.364679	0.363013	3.87409	29.3985	0.607599	0.105475	0.0149803	0.00926652
0.34	3.54531e-29	0.076696	0.297784	0.378317	0.376136	4.0365	28.5309	0.60588	0.103662	0.0157616	0.00907622
0.36	1.12752e-27	0.0864372	0.302196	0.389603	0.387077	4.14865	27.6894	0.604828	0.102311	0.0165046	0.0089411
0.38	2.98106e-26	0.0968522	0.306375	0.399885	0.397099	4.23791	26.8753	0.604284	0.101296	0.0172404	0.00885082
0.4	6.67541e-25	0.107965	0.310369	0.409682	0.406686	4.31535	26.0915	0.604142	0.100541	0.0179943	0.00880152
0.42	1.2864e-23	0.119801	0.314203	0.419352	0.416179	4.38908	25.3403	0.604331	0.100006	0.0187886	0.00879341
0.44	2.16295e-22	0.13239	0.317887	0.428887	0.425574	4.4594	24.6222	0.604812	0.0996727	0.0196473	0.00882998
0.46	3.21137e-21	0.145765	0.321424	0.438504	0.435077	4.53115	23.9374	0.605561	0.0995445	0.0206012	0.00891909
0.48	4.25452e-20	0.159963	0.324814	0.448127	0.444612	4.60266	23.2835	0.606579	0.0996503	0.0216937	0.00907446
0.5	5.07604e-19	0.175024	0.32806	0.457536	0.453925	4.66788	22.6544	0.607881	0.100052	0.0229942	0.00931988
0.52	5.49855e-18	0.190995	0.331202	0.465506	0.461654	4.69578	22.0331	0.609493	0.10086	0.024619	0.00969641
0.54	5.44701e-17	0.207929	0.334422	0.46772	0.463016	4.58164	21.3712	0.611399	0.102234	0.0267546	0.0102693
0.56	4.96655e-16	0.225883	0.338349	0.453656	0.446362	4.09302	20.5433	0.613335	0.104273	0.0296495	0.0111201
0.58	4.19224e-15	0.244926	0.344673	0.414523	0.401901	3.11797	19.3034	0.614207	0.106459	0.0333383	0.0122375
0.6	3.29298e-14	0.265136	0.355666	0.381837	0.363973	2.31247	17.4557	0.611827	0.106739	0.0369325	0.0132668
0.62	2.41833e-13	0.286601	0.369851	0.406823	0.387981	2.31499	15.3789	0.605737	0.102832	0.0384981	0.0135323
0.64	1.66753e-12	0.309424	0.381467	0.48753	0.471752	3.07768	13.8291	0.599778	0.0962544	0.0375205	0.0129228
0.66	1.08377e-11	0.333728	0.388695	0.571579	0.559405	4.06702	12.9964	0.596562	0.0899938	0.0354566	0.0119803
0.68	6.66236e-11	0.359654	0.393236	0.626013	0.615875	4.77319	12.5842	0.595674	0.0849997	0.033442	0.0110964
0.7	3.88637e-10	0.387374	0.396499	0.658492	0.649214	5.20265	12.3438	0.596222	0.0810228	0.0317562	0.010358
0.72	2.15755e-09	0.417093	0.399094	0.68095	0.671995	5.49616	12.171	0.597714	0.0777194	0.0303717	0.00974786
0.74	1.14301e-08	0.449064	0.40125	0.699682	0.690828	5.7408	12.0291	0.599945	0.0748612	0.0292136	0.00923467
0.76	5.79287e-08	0.483602	0.403043	0.717426	0.708568	5.97725	11.9052	0.602846	0.0723123	0.0282229	0.00879409
0.78	2.81505e-07	0.521105	0.404491	0.735584	0.726662	6.22801	11.7946	0.606422	0.0699886	0.0273594	0.00840905
0.8	1.31446e-06	0.562092	0.40558	0.755209	0.746177	6.51171	11.6953	0.61073	0.0678328	0.0265962	0.00806753
0.82	5.90917e-06	0.607262	0.406268	0.777437	0.768248	6.85033	11.6067	0.615877	0.0658022	0.0259155	0.00776073
0.84	2.56219e-05	0.65759	0.406491	0.803676	0.79428	7.27363	11.5293	0.622037	0.0638601	0.0253056	0.00748177
0.86	0.000107327	0.714516	0.406152	0.83526	0.825598	7.81522	11.4658	0.629486	0.0619696	0.0247591	0.00722487
0.88	0.00043492	0.7803	0.405153	0.870501	0.860548	8.46	11.4241	0.638679	0.0600831	0.0242726	0.00698451
0.9	0.00170603	0.858722	0.403525	0.890285	0.880249	8.85629	11.4299	0.650409	0.0581173	0.0238466	0.00675399
0.92	0.00646761	0.956404	0.402039	0.817678	0.808651	7.56531	11.5692	0.666158	0.0558776	0.0234817	0.00652103
0.94	0.0234867	1.08413	0.404528	0.553008	0.547128	3.63443	12.1411	0.688664	0.0528577	0.0231546	0.00625405
0.96	0.0792345	1.25328	0.425187	0.247827	0.245402	0.859653	14.2747	0.721799	0.047891	0.0227139	0.00586715
0.98	0.229175	1.44457	0.50082	0.0916871	0.0909609	0.192261	23.2371	0.76355	0.040013	0.0217365	0.00524262
1	0.500187	1.55787	0.662351	0.0394383	0.0392972	0.113733	73.6485	0.790642	0.0341914	0.0201528	0.00462643
1.02	0.777742	1.50654	0.840048	0.0217305	0.0219462	0.242436	503.358	0.780782	0.0377546	0.0188802	0.00453262
1.04	0.946959	1.371	0.949252	0.0106749	0.0113026	0.924163	7234.24	0.75349	0.0436795	0.0182465	0.00469174
1.06	1.02769	1.24645	1.00198	0.0112877	0.0100299	2.85291	28359.2	0.730962	0.0468415	0.0179461	0.00476851
1.08	1.06905	1.15491	1.03051	0.0241333	0.0216068	5.35333	11466.9	0.716757	0.0479425	0.0177294	0.00475337
1.1	1.09627	1.08887	1.05064	0.0337904	0.0307197	7.02797	7447.27	0.708221	0.0481103	0.0175154	0.00469517
1.12	1.11871	1.03952	1.06803	0.0403455	0.0370274	7.83764	5716.63	0.703079	0.0478966	0.0172946	0.00462159
1.14	1.13955	1.00099	1.08458	0.04546	0.0420155	8.23307	4663.83	0.699988	0.0475288	0.0170744	0.00454545
1.16	1.15984	0.969778	1.10088	0.0499921	0.0464685	8.46811	3921.65	0.698206	0.047101	0.0168632	0.00447325
1.18	1.17994	0.943787	1.11714	0.0542879	0.050704	8.64668	3363.3	0.697304	0.0466545	0.0166667	0.00440839
1.2	1.19998	0.921668	1.13345	0.0584641	0.0548289	8.80374	2928.52	0.69702	0.0462098	0.0164898	0.00435353
1.22	1.21999	0.902536	1.1498	0.0625886	0.0589053	8.9618	2582.78	0.697189	0.0457775	0.0163369	0.00431117
1.24	1.24	0.88577	1.16622	0.0666205	0.062894	9.10891	2302.75	0.697696	0.045365	0.0162128	0.00428432
1.26	1.26	0.870924	1.18271	0.0706164	0.0668479	9.26263	2072.8	0.698463	0.0449761	0.0161241	0.0042772
1.28	1.28	0.85767	1.19925	0.0745401	0.0707329	9.41374	1881.56	0.699433	0.0446151	0.0160795	0.00429626
1.3	1.3	0.845748	1.21586	0.078398	0.0745556	9.56485	1720.75	0.700562	0.0442867	0.0160925	0.00435199
1.32	1.32	0.834959	1.23253	0.0821768	0.0783064	9.71488	1584.32	0.701815	0.0440009	0.0161813	0.00446175
1.34	1.34	0.825141	1.24927	0.0858407	0.0819593	9.86091	1467.98	0.703159	0.043784	0.0163624	0.00465178
1.36	1.36	0.816165	1.26609	0.0893008	0.0854485	9.99612	1369.06	0.70455	0.0437091	0.0166141	0.00494978
1.38	1.38	0.807927	1.28301	0.092423	0.088661	10.1139	1286.64	0.705924	0.0439348	0.0167497	0.00532639
1.4	1.4	0.800333	1.30005	0.095287	0.0916004	10.235	1219.82	0.707233	0.0445912	0.0163038	0.00558451
1.42	1.42	0.793313	1.31715	0.0983518	0.0945808	10.4016	1162.77	0.708578	0.0453915	0.0149991	0.005448
1.44	1.44	0.786801	1.33424	0.101741	0.0978073	10.5924	1107.27	0.710102	0.0458824	0.0134149	0.00498375
1.46	1.46	0.780746	1.35132	0.105197	0.101158	10.7687	1052.35	0.711786	0.0460785	0.0121439	0.00446342
1.48	1.48	0.775099	1.36844	0.108601	0.104508	10.9304	1000.76	0.713556	0.0461773	0.0112505	0.00401564
1.5	1.5	0.769822	1.3856	0.111934	0.107811	11.0857	953.749	0.715374	0.0462919	0.0106098	0.00364701
1.52	1.52	0.764878	1.40281	0.115198	0.111053	11.2384	911.269	0.717227	0.0464681	0.0101249	0.00333761
1.54	1.54	0.760239	1.42008	0.118393	0.114229	11.3897	872.892	0.719113	0.0467271	0.0097411	0.00306954
1.56	1.56	0.755876	1.43741	0.121515	0.117336	11.5394	838.148	0.721034	0.0470843	0.0094293	0.0028305
1.58	1.58	0.751766	1.45479	0.124562	0.120371	11.6871	806.61	0.722996	0.0475552	0.00917372	0.00261211
1.6	1.6	0.747889	1.47224	0.127528	0.123329	11.8321	777.913	0.725008	0.0481595	0.0089657	0.0024083
1.62	1.62	0.744224	1.48975	0.130403	0.126201	11.9729	751.748	0.727083	0.0489229	0.0088011	0.00221428
1.64	1.64	0.740757	1.50733	0.133165	0.128969	12.1067	727.866	0.729238	0.0498814	0.00867935	0.00202592
1.66	1.66	0.737471	1.525	0.135758	0.131586	12.2257	706.085	0.731502	0.051087	0.00860375	0.00183916
1.68	1.68	0.734353	1.54278	0.138014	0.133905	12.3069	686.365	0.733906	0.0526194	0.00858339	0.00164968
1.7	1.7	0.731392	1.56077	0.139385	0.135459	12.2765	669.049	0.73647	0.0546064	0.00863877	0.00145244
1.72	1.72	0.728575	1.57927	0.138139	0.13476	11.9077	655.706	0.739109	0.0572608	0.00881776	0.00124178
1.74	1.74	0.725892	1.59922	0.12956	0.127742	10.6389	651.974	0.74129	0.0609278	0.00924031	0.00101627
1.76	1.76	0.723336	1.62342	0.105875	0.107642	7.84636	677.186	0.740967	0.066088	0.0102163	0.000813997
1.78	1.78	0.720897	1.65831	0.0686767	0.0755404	4.56357	799.735	0.732549	0.0728454	0.0123637	0.000879204
1.8	1.8	0.718568	1.71045	0.0367816	0.046999	2.84973	1290.11	0.708957	0.0791159	0.0159916	0.00155647
1.82	1.82	0.716342	1.77026	0.0199244	0.0297627	3.04175	3433.82	0.676095	0.0797022	0.0193638	0.00253988
1.84	1.84	0.714212	1.8174	0.0129421	0.0195616	4.98765	13034.3	0.651507	0.073849	0.0205304	0.00322383
1.86	1.86	0.712173	1.84932	0.0102736	0.0134073	7.78524	43309.8	0.639191	0.0662994	0.0201109	0.00349694
1.88	1.88	0.710219	1.87347	0.0095164	0.010518	9.79492	88539.3	0.633872	0.0598789	0.0192479	0.0035648
1.9	1.9	0.708346	1.89468	0.00962826	0.00965205	10.7755	115664	0.631575	0.0548986	0.0184069	0.00356329
1.92	1.92	0.706548	1.91489	0.0100847	0.00972058	11.2181	118723	0.630539	0.0510281	0.0176903	0.00354387
1.94	1.94	0.704822	1.93476	0.0106638	0.0101485	11.454	111214	0.630066	0.0479341	0.0170948	0.00352284
1.96	1.96	0.703163	1.95451	0.0112815	0.0107037	11.6153	101383	0.629875	0.0453888	0.0165979	0.00350457
1.98	1.98	0.701568	1.97423	0.0119083	0.0113002	11.7506	92021	0.629842	0.0432443	0.0161794	0.00349014
2	2	0.700033	1.99394	0.0125314	0.0119061	11.8758	83776.6	0.629904	0.0414025	0.0158239	0.00347972
