# QTMix Mixer Data
# 
# IV data file: /data/simulations/SuperMix-basics/Ideal_30.idc
# KK data file: /data/simulations/SuperMix-basics/Ideal_30_SM.ikk
# 
# Impedances:
# 	IF:		1 + 0i
# 	Fundamental:	 1 + 0i
# 	Harmonic 1 :	 1 + 0i
# 	Harmonic 2 : 	 1 + 0i
# 
# Actual Impedances:
# 	IF:		1 + -0i
# 	EmbImp.Z = 1 + 0i
# 	LO:		1 + -0i
# Operating Point:
# Bias       : 0.9
# LO Freq    : 0.2
# LO Voltage : 0.95393
# IF Freq    : 0.01
# 
# Harmonics : 2
# 
# Scan variable : Bias
# 
# X Axis | Unpump DC | Unpump KK | Pump DC | LSB Gain | USB Gain | IF Output | Noise Temp | LO Fundamental Current | LO 1st Harmonic 
0	0	0	7.65737e-08	4.27721e-07	4.96656e-07	0.423155	1.71549e+12	0.156867	2.75158e-07
0.02	9.38138e-96	0.000254772	0.00720519	0.0457968	0.0362506	0.464547	353.508	0.153374	0.0160584
0.04	6.39877e-82	0.00101965	0.0115884	0.0812565	0.0725753	0.557629	105.869	0.146572	0.0259758
0.06	7.89093e-73	0.00229572	0.0134647	0.102739	0.0962832	0.632256	68.2013	0.141122	0.0305937
0.08	4.85907e-66	0.00408519	0.0142079	0.113852	0.10734	0.665188	57.7332	0.138156	0.0328203
0.1	1.30544e-60	0.00639083	0.0146002	0.119885	0.112706	0.671566	52.8679	0.137394	0.0342487
0.12	4.41859e-56	0.00921655	0.0150477	0.123015	0.11687	0.655018	47.9565	0.138787	0.0355589
0.14	3.41052e-52	0.0125669	0.0161253	0.122552	0.122869	0.596939	39.5409	0.142902	0.0373601
0.16	8.65367e-49	0.0164476	0.0192311	0.119975	0.134805	0.487869	26.8467	0.15084	0.0411468
0.18	9.20354e-46	0.0208651	0.0264304	0.132996	0.158593	0.405485	16.1216	0.162056	0.050222
0.2	4.86705e-43	0.0258272	0.0365523	0.185882	0.201321	0.446309	11.0118	0.170081	0.0653396
0.22	1.45037e-40	0.0313424	0.0446572	0.266612	0.262033	0.602521	8.77524	0.169676	0.0790032
0.24	2.67705e-38	0.0374207	0.0489966	0.337387	0.320141	0.788891	7.69724	0.165319	0.0869587
0.26	3.29301e-36	0.0440731	0.0508585	0.378765	0.355044	0.921282	7.30848	0.161526	0.0912002
0.28	2.86017e-34	0.0513121	0.0515711	0.396555	0.369421	0.989289	7.24904	0.159518	0.0940896
0.3	1.8374e-32	0.0591517	0.0518256	0.399745	0.371612	1.01186	7.32725	0.159389	0.0967234
0.32	9.06659e-31	0.0676072	0.0521355	0.38547	0.36116	0.969908	7.43587	0.161483	0.0994514
0.34	3.54531e-29	0.076696	0.0536345	0.33677	0.328036	0.793136	7.37063	0.167032	0.102122
0.36	1.12752e-27	0.0864372	0.0595067	0.253056	0.274172	0.502568	6.68574	0.178697	0.103564
0.38	2.98106e-26	0.0968522	0.0749622	0.204463	0.247987	0.327003	5.31731	0.1983	0.101419
0.4	6.67541e-25	0.107965	0.0969114	0.268131	0.30562	0.396074	4.24047	0.218047	0.0992465
0.42	1.2864e-23	0.119801	0.112086	0.440427	0.446908	0.770691	3.85873	0.226279	0.104009
0.44	2.16295e-22	0.13239	0.118692	0.608789	0.584527	1.28409	3.75826	0.226197	0.110208
0.46	3.21137e-21	0.145765	0.121008	0.71179	0.669192	1.67293	3.73574	0.22427	0.115312
0.48	4.25452e-20	0.159963	0.121421	0.76713	0.714772	1.91761	3.7534	0.222997	0.120145
0.5	5.07604e-19	0.175024	0.120848	0.795742	0.738103	2.07418	3.80725	0.22303	0.125493
0.52	5.49855e-18	0.190995	0.119841	0.784197	0.727647	2.06719	3.90427	0.224962	0.131851
0.54	5.44701e-17	0.207929	0.119807	0.664517	0.626922	1.59249	4.05182	0.230475	0.139225
0.56	4.96655e-16	0.225883	0.125639	0.421291	0.42476	0.760834	4.21699	0.244148	0.145364
0.58	4.19224e-15	0.244926	0.147856	0.249792	0.283489	0.338715	4.21464	0.273057	0.141404
0.6	3.29298e-14	0.265136	0.185607	0.257933	0.29422	0.339235	3.91883	0.309297	0.12086
0.62	2.41833e-13	0.286601	0.215526	0.421069	0.439123	0.698119	3.6204	0.329383	0.102309
0.64	1.66753e-12	0.309424	0.230265	0.658424	0.6485	1.44985	3.44749	0.334512	0.0959128
0.66	1.08377e-11	0.333728	0.23638	0.860486	0.827235	2.29796	3.35803	0.334644	0.0957145
0.68	6.66236e-11	0.359654	0.238493	1.001	0.952366	3.01085	3.31956	0.334284	0.0981066
0.7	3.88637e-10	0.387374	0.238458	1.10659	1.04709	3.64215	3.32191	0.33472	0.10226
0.72	2.15755e-09	0.417093	0.237062	1.16886	1.10294	4.10053	3.37086	0.336539	0.108344
0.74	1.14301e-08	0.449064	0.23564	1.05671	1.00012	3.49886	3.49799	0.340901	0.11686
0.76	5.79287e-08	0.483602	0.239482	0.649473	0.629558	1.50641	3.80076	0.351138	0.127401
0.78	2.81505e-07	0.521105	0.263759	0.31667	0.327684	0.475191	4.42545	0.375509	0.133631
0.8	1.31446e-06	0.562092	0.310596	0.365973	0.375905	0.649238	4.5946	0.423948	0.118532
0.82	5.90917e-06	0.607262	0.341464	0.607888	0.604672	1.55933	4.26478	0.460018	0.0894287
0.84	2.56219e-05	0.65759	0.358859	0.798715	0.785776	2.49188	4.0358	0.469773	0.0696704
0.86	0.000107327	0.714516	0.36851	1.01358	0.989454	3.81478	3.89653	0.47226	0.0571692
0.88	0.00043492	0.7803	0.372811	1.23977	1.20468	5.53691	3.81526	0.474463	0.0485421
0.9	0.00170603	0.858722	0.373135	1.49858	1.45213	7.97939	3.78405	0.478389	0.0420826
0.92	0.00646761	0.956404	0.370151	1.7652	1.70761	11.13	3.81699	0.485221	0.0368076
0.94	0.0234867	1.08413	0.365301	1.63006	1.5755	9.8822	3.98121	0.496973	0.0316859
0.96	0.0792345	1.25328	0.366566	0.754907	0.73	2.44689	4.59165	0.51738	0.0248131
0.98	0.229175	1.44457	0.409035	0.175841	0.170792	0.254458	8.72333	0.546486	0.0140782
1	0.500187	1.55787	0.548127	0.0300952	0.0299432	0.116538	129.978	0.564773	0.00482393
1.02	0.777742	1.50654	0.709795	0.0411661	0.0382217	0.38573	264.036	0.556361	0.0128202
1.04	0.946959	1.371	0.794834	0.179997	0.169574	2.33723	81.2796	0.536085	0.0219124
1.06	1.02769	1.24645	0.830037	0.352633	0.332599	7.39559	66.8546	0.520726	0.0272797
1.08	1.06905	1.15491	0.850077	0.441801	0.416939	11.3211	65.1244	0.512212	0.0303553
1.1	1.09627	1.08887	0.866979	0.458627	0.43336	12.3266	65.6365	0.507938	0.0328178
1.12	1.11871	1.03952	0.884248	0.445278	0.421887	11.8419	66.5316	0.506052	0.035611
1.14	1.13955	1.00099	0.903475	0.411423	0.392193	10.4026	67.6305	0.505305	0.0394291
1.16	1.15984	0.969778	0.927001	0.34572	0.334512	7.79077	69.6238	0.503936	0.0452023
1.18	1.17994	0.943787	0.960253	0.243472	0.24446	4.48729	75.0875	0.497668	0.0544382
1.2	1.19998	0.921668	1.01306	0.139036	0.151731	2.13395	92.6905	0.478825	0.0679078
1.22	1.21999	0.902536	1.08424	0.0960361	0.111388	1.71225	138.004	0.449268	0.0780815
1.24	1.24	0.88577	1.14168	0.129025	0.134778	3.27283	180.172	0.42817	0.0763604
1.26	1.26	0.870924	1.1756	0.193245	0.184482	6.41972	188.629	0.418503	0.0689686
1.28	1.28	0.85767	1.19843	0.237387	0.219681	8.93767	185.2	0.414507	0.0617352
1.3	1.3	0.845748	1.21779	0.256494	0.235572	10.0356	180.841	0.412876	0.0559002
1.32	1.32	0.834959	1.23643	0.262238	0.241011	10.3176	177.625	0.41223	0.0512497
1.34	1.34	0.825141	1.25544	0.258072	0.238868	10.0509	176.153	0.411827	0.047284
1.36	1.36	0.816165	1.27605	0.236457	0.223687	8.92088	178.29	0.41065	0.0433195
1.38	1.38	0.807927	1.30105	0.185459	0.186297	6.64292	191.402	0.406306	0.0384606
1.4	1.4	0.800333	1.33483	0.119793	0.135853	4.47318	242.37	0.395157	0.0331764
1.42	1.42	0.793313	1.3755	0.0802873	0.100058	4.10038	409.563	0.379031	0.0313067
1.44	1.44	0.786801	1.41122	0.0720932	0.0835933	5.48927	785.546	0.367029	0.0318301
1.46	1.46	0.780746	1.43833	0.0762437	0.0776681	7.3625	1220.51	0.361476	0.0317611
1.48	1.48	0.775099	1.46075	0.0807722	0.0764976	8.56968	1464.43	0.359427	0.0312183
1.5	1.5	0.769822	1.48139	0.0835705	0.0770406	9.13998	1539.95	0.358772	0.0306349
1.52	1.52	0.764878	1.50147	0.0850401	0.077902	9.39252	1547.69	0.358628	0.030171
1.54	1.54	0.760239	1.5215	0.0849395	0.0782682	9.45859	1544.03	0.358607	0.0298336
1.56	1.56	0.755876	1.54187	0.0813784	0.0768784	9.26829	1568.16	0.358335	0.0294388
1.58	1.58	0.751766	1.5633	0.0707065	0.0712998	8.66941	1705.35	0.357046	0.0283497
1.6	1.6	0.747889	1.58666	0.0523953	0.0593874	7.92064	2245.8	0.353651	0.0253994
1.62	1.62	0.744224	1.61129	0.0349526	0.0434278	7.86534	4170.43	0.348625	0.0203617
1.64	1.64	0.740757	1.63476	0.0250992	0.0297919	8.58004	9667.03	0.344626	0.0154066
1.66	1.66	0.737471	1.65637	0.0210916	0.0221134	9.2922	19002.4	0.342619	0.0122143
1.68	1.68	0.734353	1.67693	0.0197775	0.0189678	9.70307	26969.6	0.341806	0.0106329
1.7	1.7	0.731392	1.6971	0.0194545	0.0179396	9.93022	30855.6	0.3415	0.00999891
1.72	1.72	0.728575	1.71714	0.0193987	0.0176856	10.0787	32222.8	0.34139	0.00986919
1.74	1.74	0.725892	1.73716	0.0191853	0.0175999	10.1825	32872.5	0.341338	0.0100258
1.76	1.76	0.723336	1.75725	0.0182029	0.0172509	10.2245	34357.2	0.341229	0.0103309
1.78	1.78	0.720897	1.77756	0.0154872	0.0159525	10.1746	39981.9	0.340867	0.0105226
1.8	1.8	0.718568	1.79821	0.010903	0.0128385	10.1231	61417	0.340062	0.0101093
1.82	1.82	0.716342	1.81897	0.00653611	0.00841949	10.2609	144749	0.339055	0.00884765
1.84	1.84	0.714212	1.83946	0.00402275	0.00494238	10.5201	430675	0.338345	0.00728589
1.86	1.86	0.712173	1.85967	0.00292757	0.00319218	10.7378	1.05375e+06	0.337999	0.00598605
1.88	1.88	0.710219	1.87975	0.00249937	0.00247824	10.8972	1.7743e+06	0.33785	0.00505799
1.9	1.9	0.708346	1.89977	0.00234149	0.00220526	11.0288	2.26781e+06	0.337782	0.00441477
1.92	1.92	0.706548	1.91977	0.00228106	0.00210452	11.1495	2.51737e+06	0.337748	0.0039713
1.94	1.94	0.704822	1.93978	0.00222707	0.00205709	11.2646	2.662e+06	0.337725	0.00367508
1.96	1.96	0.703163	1.95978	0.00208303	0.0019848	11.3727	2.88689e+06	0.337698	0.00349359
1.98	1.98	0.701568	1.97981	0.00172515	0.00178432	11.4717	3.60316e+06	0.337644	0.00337392
2	2	0.700033	1.99987	0.00117581	0.00136475	11.5734	6.21379e+06	0.337548	0.00320572
