# QTMix Mixer Data
# 
# IV data file: /data/simulations/SuperMix-basics/Ideal_30.idc
# KK data file: /data/simulations/SuperMix-basics/Ideal_30_SM.ikk
# 
# Impedances:
# 	IF:		1 + 0i
# 	Fundamental:	 1 + 0i
# 	Harmonic 1 :	 1 + 0i
# 	Harmonic 2 : 	 1 + 0i
# 
# Actual Impedances:
# 	IF:		1 + -0i
# 	EmbImp.Z = 1 + 0i
# 	LO:		1 + -0i
# Operating Point:
# Bias       : 0.9
# LO Freq    : 0.2
# LO Voltage : 0.85
# IF Freq    : 0.01
# 
# Harmonics : 3
# 
# Scan variable : Bias
# 
# X Axis | Unpump DC | Unpump KK | Pump DC | LSB Gain | USB Gain | IF Output | Noise Temp | LO Fundamental Current | LO 1st Harmonic | LO 2nd Harmonic
0	0	0	6.66511e-08	5.22651e-07	6.25947e-07	0.208046	5.30988e+11	0.128415	3.74994e-07	0.0500815
0.02	9.38138e-96	0.000254772	0.00388419	0.0499994	0.0392599	0.21392	138.789	0.126774	0.011347	0.0488347
0.04	6.39877e-82	0.00101965	0.00629876	0.0838908	0.0727187	0.228026	43.1213	0.123323	0.0187003	0.0468729
0.06	7.89093e-73	0.00229572	0.00728177	0.10038	0.0912952	0.240747	28.8845	0.120482	0.0224396	0.0457238
0.08	4.85907e-66	0.00408519	0.00756511	0.106537	0.0980045	0.248533	25.8757	0.119278	0.0245331	0.0451608
0.1	1.30544e-60	0.00639083	0.00761185	0.108098	0.0996633	0.253077	25.479	0.1198	0.0262138	0.0447287
0.12	4.41859e-56	0.00921655	0.00769223	0.10707	0.100432	0.255122	25.2934	0.122157	0.0281855	0.0440434
0.14	3.41052e-52	0.0125669	0.00825772	0.103522	0.104163	0.252839	23.3033	0.126699	0.0312814	0.0424996
0.16	8.65367e-49	0.0164476	0.0104458	0.100645	0.116705	0.245853	18.0508	0.133521	0.0370086	0.0389576
0.18	9.20354e-46	0.0208651	0.0158325	0.114624	0.144004	0.253077	12.204	0.140447	0.0467836	0.0328881
0.2	4.86705e-43	0.0258272	0.0232207	0.166405	0.190069	0.318006	8.80263	0.142841	0.0583832	0.0277586
0.22	1.45037e-40	0.0313424	0.0287526	0.24111	0.245856	0.441793	7.30899	0.140232	0.0671356	0.0260443
0.24	2.67705e-38	0.0374207	0.0314824	0.29975	0.288988	0.55737	6.67398	0.136621	0.071993	0.0262015
0.26	3.29301e-36	0.0440731	0.0325512	0.331674	0.311841	0.626562	6.44313	0.134395	0.0745584	0.02742
0.28	2.86017e-34	0.0513121	0.0328556	0.346311	0.321656	0.660502	6.38397	0.13405	0.0763548	0.0292605
0.3	1.8374e-32	0.0591517	0.0328177	0.3511	0.324392	0.673399	6.39928	0.13569	0.078102	0.0315878
0.32	9.06659e-31	0.0676072	0.0327707	0.343909	0.31956	0.657133	6.435	0.139832	0.0800869	0.0344763
0.34	3.54531e-29	0.076696	0.0335403	0.311879	0.300616	0.577036	6.38526	0.14781	0.0824615	0.0380003
0.36	1.12752e-27	0.0864372	0.0374124	0.254072	0.269231	0.438739	6.05282	0.161629	0.0855322	0.04181
0.38	2.98106e-26	0.0968522	0.0474961	0.2246	0.25927	0.367287	5.46389	0.179641	0.0909683	0.0440752
0.4	6.67541e-25	0.107965	0.0609493	0.273511	0.303547	0.464288	5.03888	0.191153	0.10017	0.0419035
0.42	1.2864e-23	0.119801	0.0708607	0.374554	0.384448	0.714569	4.8347	0.192152	0.107994	0.0367847
0.44	2.16295e-22	0.13239	0.0761197	0.468911	0.458651	0.995605	4.73284	0.189324	0.112417	0.0319267
0.46	3.21137e-21	0.145765	0.0785418	0.532725	0.508274	1.21337	4.69676	0.186868	0.115411	0.0280656
0.48	4.25452e-20	0.159963	0.07946	0.569499	0.536563	1.35542	4.70795	0.185924	0.118439	0.0250321
0.5	5.07604e-19	0.175024	0.0795616	0.585864	0.548602	1.43439	4.76599	0.186786	0.12209	0.0224894
0.52	5.49855e-18	0.190995	0.0794546	0.568461	0.533613	1.3863	4.86859	0.190101	0.126508	0.0201154
0.54	5.44701e-17	0.207929	0.0807244	0.476521	0.459811	1.05244	4.97782	0.197796	0.13114	0.0176463
0.56	4.96655e-16	0.225883	0.0881414	0.320189	0.337047	0.560899	4.93745	0.214413	0.132949	0.0158175
0.58	4.19224e-15	0.244926	0.109451	0.238682	0.275929	0.342454	4.49789	0.244527	0.1242	0.0226317
0.6	3.29298e-14	0.265136	0.137755	0.335265	0.363265	0.514429	3.89833	0.275633	0.107764	0.0410613
0.62	2.41833e-13	0.286601	0.155309	0.543538	0.54519	1.08075	3.63606	0.288148	0.102816	0.051231
0.64	1.66753e-12	0.309424	0.163412	0.728159	0.706056	1.76082	3.53213	0.289456	0.10468	0.0536799
0.66	1.08377e-11	0.333728	0.166644	0.867792	0.827993	2.38929	3.4851	0.288593	0.107946	0.0543241
0.68	6.66236e-11	0.359654	0.167146	0.972734	0.920171	2.94147	3.47397	0.288605	0.112046	0.0552142
0.7	3.88637e-10	0.387374	0.165797	1.05638	0.993893	3.4565	3.49911	0.290376	0.117214	0.0569642
0.72	2.15755e-09	0.417093	0.163176	1.07576	1.00987	3.64719	3.57622	0.294778	0.123689	0.0599277
0.74	1.14301e-08	0.449064	0.161139	0.866231	0.820282	2.52943	3.75921	0.304055	0.131067	0.0644152
0.76	5.79287e-08	0.483602	0.16705	0.457772	0.454066	0.865458	4.19767	0.324168	0.135665	0.0693269
0.78	2.81505e-07	0.521105	0.196446	0.257137	0.275203	0.354611	4.68217	0.363829	0.125209	0.0654859
0.8	1.31446e-06	0.562092	0.239778	0.324922	0.340379	0.510589	4.40701	0.404997	0.0967301	0.0459906
0.82	5.90917e-06	0.607262	0.270677	0.500641	0.505791	1.04573	4.0877	0.422316	0.0725001	0.0292677
0.84	2.56219e-05	0.65759	0.288527	0.703555	0.696741	1.88488	3.88275	0.426293	0.0575551	0.0201755
0.86	0.000107327	0.714516	0.297939	0.923497	0.904085	3.07542	3.76258	0.427189	0.0480151	0.0152286
0.88	0.00043492	0.7803	0.301804	1.14916	1.11796	4.62745	3.70248	0.428905	0.0413082	0.0122203
0.9	0.00170603	0.858722	0.301607	1.3967	1.3538	6.77765	3.69803	0.432759	0.0361256	0.0102019
0.92	0.00646761	0.956404	0.298216	1.58685	1.53474	8.88542	3.77232	0.439797	0.0316526	0.00879014
0.94	0.0234867	1.08413	0.294072	1.25609	1.21356	5.94284	4.03524	0.451926	0.0269581	0.00778873
0.96	0.0792345	1.25328	0.301237	0.481347	0.465421	1.10163	5.0856	0.472062	0.0204594	0.00684719
0.98	0.229175	1.44457	0.364123	0.109359	0.106306	0.145665	12.8897	0.497911	0.0110557	0.00538371
1	0.500187	1.55787	0.534985	0.018752	0.0187483	0.0889381	253.026	0.512499	0.00323365	0.00399435
1.02	0.777742	1.50654	0.724619	0.031228	0.0290475	0.273576	324.236	0.50519	0.00954948	0.00340244
1.04	0.946959	1.371	0.82716	0.138791	0.130842	1.60654	93.8419	0.487016	0.0171579	0.00301076
1.06	1.02769	1.24645	0.869306	0.300301	0.283413	5.80812	72.3094	0.471854	0.0220659	0.00264066
1.08	1.06905	1.15491	0.891528	0.404468	0.381957	9.96953	68.3355	0.462681	0.0249899	0.00254029
1.1	1.09627	1.08887	0.909141	0.432845	0.409294	11.3885	67.982	0.457635	0.0272316	0.00279031
1.12	1.11871	1.03952	0.926672	0.425236	0.40321	11.1542	68.6078	0.455048	0.0296067	0.00340339
1.14	1.13955	1.00099	0.945869	0.39668	0.378419	9.99296	69.7827	0.453761	0.0327204	0.00449892
1.16	1.15984	0.969778	0.968736	0.33987	0.328971	7.80216	72.0943	0.452263	0.0373637	0.00644558
1.18	1.17994	0.943787	0.999608	0.249263	0.249894	4.87112	78.0042	0.447051	0.0448507	0.0100399
1.2	1.19998	0.921668	1.0461	0.150606	0.16309	2.5486	95.8184	0.431649	0.056315	0.0162109
1.22	1.21999	0.902536	1.10869	0.0968044	0.113536	1.90896	148.09	0.404919	0.0673964	0.0229382
1.24	1.24	0.88577	1.16452	0.102798	0.113091	2.99158	233.908	0.381726	0.0697891	0.0257783
1.26	1.26	0.870924	1.20075	0.140494	0.138667	5.46708	284.319	0.369489	0.0654614	0.0259304
1.28	1.28	0.85767	1.22563	0.172404	0.161956	7.69703	293.446	0.36399	0.0598425	0.0257038
1.3	1.3	0.845748	1.24642	0.188517	0.174512	8.81427	289.424	0.361522	0.0549378	0.025768
1.32	1.32	0.834959	1.26612	0.194581	0.17987	9.19606	284.239	0.36041	0.0509888	0.0262916
1.34	1.34	0.825141	1.28588	0.193768	0.180238	9.14666	281.558	0.35987	0.0477517	0.0273748
1.36	1.36	0.816165	1.30658	0.183123	0.173586	8.5798	284.741	0.359162	0.0447507	0.0290979
1.38	1.38	0.807927	1.32975	0.155646	0.154708	7.27796	304.078	0.356735	0.0410841	0.0313221
1.4	1.4	0.800333	1.35779	0.112476	0.12296	5.67282	375.209	0.349786	0.0355858	0.0331155
1.42	1.42	0.793313	1.39047	0.0754932	0.0910079	5.09219	614.817	0.337558	0.0291806	0.0323006
1.44	1.44	0.786801	1.42138	0.0598851	0.0700577	6.04406	1231.45	0.326119	0.025261	0.0283509
1.46	1.46	0.780746	1.44677	0.0577633	0.0598705	7.50982	2095.1	0.319763	0.0237769	0.0236538
1.48	1.48	0.775099	1.46866	0.0591273	0.0563862	8.47771	2666.45	0.316997	0.0231892	0.0197745
1.5	1.5	0.769822	1.48917	0.0605614	0.0558564	8.94772	2867.92	0.31586	0.0229119	0.0168309
1.52	1.52	0.764878	1.50923	0.0614829	0.0562158	9.17281	2902.58	0.315395	0.0228122	0.0145666
1.54	1.54	0.760239	1.52923	0.0614284	0.0564464	9.26557	2908.04	0.315171	0.0228518	0.012714
1.56	1.56	0.755876	1.54944	0.0589617	0.0555133	9.1917	2982.65	0.314863	0.0229157	0.0110296
1.58	1.58	0.751766	1.57031	0.0512927	0.0515424	8.84751	3330.36	0.313908	0.0225646	0.0093077
1.6	1.6	0.747889	1.59239	0.0374485	0.0424815	8.38531	4646.43	0.311538	0.0208813	0.00764835
1.62	1.62	0.744224	1.61526	0.0233575	0.0295876	8.38498	9578.14	0.30804	0.0174045	0.00679658
1.64	1.64	0.740757	1.6374	0.0148024	0.0183939	8.89811	26299.6	0.305199	0.0134764	0.00679663
1.66	1.66	0.737471	1.6584	0.0110072	0.0121413	9.39423	63728.3	0.303707	0.010509	0.00691254
1.68	1.68	0.734353	1.67877	0.0095859	0.0095157	9.69335	107051	0.303052	0.00867626	0.00692512
1.7	1.7	0.731392	1.69888	0.00912092	0.00856954	9.87805	134510	0.302764	0.00763288	0.00687648
1.72	1.72	0.728575	1.71891	0.00898056	0.00826927	10.0158	146472	0.302628	0.0070846	0.00681522
1.74	1.74	0.725892	1.73893	0.00885789	0.00816061	10.1316	152136	0.302551	0.00685746	0.00675864
1.76	1.76	0.723336	1.75896	0.00845378	0.00798334	10.2237	160412	0.30247	0.00684516	0.00667358
1.78	1.78	0.720897	1.77907	0.00732155	0.00740785	10.2804	187338	0.3023	0.00689731	0.00641937
1.8	1.8	0.718568	1.7993	0.00527308	0.0060155	10.327	285384	0.30194	0.00672005	0.00574712
1.82	1.82	0.716342	1.81959	0.00317762	0.00398066	10.4406	658890	0.301463	0.00607011	0.00461362
1.84	1.84	0.714212	1.83979	0.00193048	0.00234509	10.6098	1.92925e+06	0.301101	0.00516206	0.00344579
1.86	1.86	0.712173	1.85988	0.00136776	0.0015088	10.7676	4.72996e+06	0.300911	0.00434099	0.00260176
1.88	1.88	0.710219	1.87991	0.00111885	0.00114478	10.902	8.31886e+06	0.300822	0.00371436	0.00210049
1.9	1.9	0.708346	1.89992	0.00100012	0.000977597	11.0247	1.15358e+07	0.300778	0.00325054	0.00183257
1.92	1.92	0.706548	1.91993	0.000935927	0.000893248	11.1429	1.39654e+07	0.300753	0.00290524	0.00170701
1.94	1.94	0.704822	1.93993	0.000887849	0.000842158	11.2589	1.58749e+07	0.300736	0.00264879	0.00166854
1.96	1.96	0.703163	1.95993	0.000821349	0.00079405	11.3727	1.80372e+07	0.30072	0.00246414	0.00168063
1.98	1.98	0.701568	1.97994	0.000698702	0.000715291	11.4836	2.24446e+07	0.300697	0.00232985	0.00169067
2	2	0.700033	1.99996	0.000528186	0.000578663	11.5948	3.46268e+07	0.300659	0.00219692	0.0016127
