# QTMix Mixer Data
# 
# IV data file: /data/simulations/SuperMix-basics/Ideal_30.idc
# KK data file: /data/simulations/SuperMix-basics/Ideal_30_SM.ikk
# 
# Impedances:
# 	IF:		1 + 0i
# 	Fundamental:	 1 + 0i
# 	Harmonic 1 :	 1 + 0i
# 	Harmonic 2 : 	 1 + 0i
# 
# Actual Impedances:
# 	IF:		1 + -0i
# 	EmbImp.Z = 1 + 0i
# 	LO:		1 + -0i
# Operating Point:
# Bias       : 0.7
# LO Freq    : 0.2
# LO Voltage : 0.85
# IF Freq    : 0.01
# 
# Harmonics : 2
# 
# Scan variable : Bias
# 
# X Axis | Unpump DC | Unpump KK | Pump DC | LSB Gain | USB Gain | IF Output | Noise Temp | LO Fundamental Current | LO 1st Harmonic 
0	0	0	5.67275e-19	1.54786e-16	9.97204e-17	0.285344	2.86947e+31	0.128948	1.16502e-17
0.02	9.38138e-96	0.000254772	0.00458074	0.0417936	0.0344845	0.301422	253.471	0.126633	0.0125876
0.04	6.39877e-82	0.00101965	0.00730439	0.0714732	0.0645619	0.333843	80.0919	0.122019	0.0204838
0.06	7.89093e-73	0.00229572	0.00841395	0.0875079	0.0818323	0.357135	53.3313	0.118279	0.024253
0.08	4.85907e-66	0.00408519	0.00880611	0.0952334	0.0892808	0.367186	46.0648	0.11638	0.0261272
0.1	1.30544e-60	0.00639083	0.00897732	0.0994466	0.092939	0.369647	42.7948	0.116249	0.0274149
0.12	4.41859e-56	0.00921655	0.00918445	0.102069	0.0964315	0.365806	39.3381	0.117924	0.0288009
0.14	3.41052e-52	0.0125669	0.00980862	0.103336	0.103004	0.350442	33.0299	0.121818	0.0311054
0.16	8.65367e-49	0.0164476	0.0117938	0.105383	0.117306	0.320696	23.3051	0.12845	0.0360876
0.18	9.20354e-46	0.0208651	0.0165079	0.120529	0.14283	0.304451	14.9237	0.136446	0.0460471
0.2	4.86705e-43	0.0258272	0.023163	0.164638	0.180565	0.348121	10.6773	0.140701	0.05907
0.22	1.45037e-40	0.0313424	0.0285301	0.226558	0.226566	0.447771	8.72302	0.139039	0.0690341
0.24	2.67705e-38	0.0374207	0.0314369	0.27677	0.265251	0.54923	7.80622	0.135388	0.0743016
0.26	3.29301e-36	0.0440731	0.0327356	0.304487	0.286618	0.614191	7.47646	0.13273	0.0768855
0.28	2.86017e-34	0.0513121	0.0332915	0.316255	0.295219	0.645769	7.40952	0.131779	0.0785412
0.3	1.8374e-32	0.0591517	0.0335695	0.3184	0.296644	0.654778	7.44085	0.132614	0.0799949
0.32	9.06659e-31	0.0676072	0.0339678	0.309195	0.291119	0.632009	7.45732	0.135619	0.0814073
0.34	3.54531e-29	0.076696	0.0354188	0.278347	0.274261	0.543842	7.23009	0.141929	0.0825705
0.36	1.12752e-27	0.0864372	0.0404353	0.226704	0.249234	0.395864	6.37279	0.15358	0.0827834
0.38	2.98106e-26	0.0968522	0.052632	0.207367	0.249276	0.313634	5.04734	0.170793	0.08215
0.4	6.67541e-25	0.107965	0.0686678	0.284482	0.317209	0.421252	4.18651	0.185423	0.0860794
0.42	1.2864e-23	0.119801	0.0792623	0.433569	0.435936	0.749777	3.94536	0.189595	0.0943849
0.44	2.16295e-22	0.13239	0.0839065	0.556981	0.533143	1.10898	3.90154	0.188052	0.100728
0.46	3.21137e-21	0.145765	0.0855487	0.626524	0.587858	1.35069	3.9085	0.185965	0.105232
0.48	4.25452e-20	0.159963	0.0858043	0.66112	0.614853	1.49211	3.94692	0.185034	0.109346
0.5	5.07604e-19	0.175024	0.0853434	0.674001	0.62431	1.56685	4.01999	0.185729	0.113843
0.52	5.49855e-18	0.190995	0.0846933	0.650962	0.604577	1.5116	4.13555	0.188732	0.119047
0.54	5.44701e-17	0.207929	0.0853336	0.54211	0.516121	1.14235	4.28842	0.195985	0.12461
0.56	4.96655e-16	0.225883	0.0920322	0.352292	0.364752	0.584718	4.39492	0.21214	0.127732
0.58	4.19224e-15	0.244926	0.113524	0.234028	0.272434	0.313664	4.22613	0.241909	0.120286
0.6	3.29298e-14	0.265136	0.146285	0.271232	0.308915	0.364641	3.8211	0.273364	0.101011
0.62	2.41833e-13	0.286601	0.170348	0.452987	0.468046	0.772609	3.52682	0.287859	0.0889185
0.64	1.66753e-12	0.309424	0.181581	0.681866	0.667222	1.50531	3.38131	0.290121	0.0875909
0.66	1.08377e-11	0.333728	0.185938	0.85894	0.821803	2.23849	3.31452	0.289053	0.0900437
0.68	6.66236e-11	0.359654	0.187075	0.978027	0.926513	2.82835	3.29481	0.288172	0.0939077
0.7	3.88637e-10	0.387374	0.186407	1.06495	1.00345	3.33795	3.31503	0.288406	0.0990064
0.72	2.15755e-09	0.417093	0.184628	1.09964	1.0337	3.61544	3.38356	0.290298	0.105705
0.74	1.14301e-08	0.449064	0.183293	0.947888	0.896158	2.83827	3.53414	0.295232	0.114368
0.76	5.79287e-08	0.483602	0.188349	0.562465	0.549534	1.16449	3.8561	0.307494	0.123815
0.78	2.81505e-07	0.521105	0.213823	0.318857	0.331843	0.478755	4.34758	0.338747	0.125392
0.8	1.31446e-06	0.562092	0.252435	0.430871	0.43833	0.830004	4.31993	0.392563	0.102261
0.82	5.90917e-06	0.607262	0.277993	0.600469	0.598931	1.45697	4.06159	0.418961	0.074924
0.84	2.56219e-05	0.65759	0.293385	0.781803	0.770242	2.30156	3.87943	0.424763	0.0584871
0.86	0.000107327	0.714516	0.301623	0.992922	0.969618	3.54177	3.7672	0.426141	0.0483094
0.88	0.00043492	0.7803	0.304793	1.21582	1.18112	5.17461	3.70931	0.428072	0.0412936
0.9	0.00170603	0.858722	0.304114	1.4642	1.41796	7.44838	3.70452	0.432064	0.0359559
0.92	0.00646761	0.956404	0.300354	1.65387	1.59863	9.65118	3.77645	0.439206	0.0314108
0.94	0.0234867	1.08413	0.29586	1.30438	1.25973	6.39703	4.03108	0.451441	0.026684
0.96	0.0792345	1.25328	0.302469	0.496836	0.480282	1.16344	5.04373	0.471763	0.0201674
0.98	0.229175	1.44457	0.364567	0.111061	0.107948	0.147737	12.6782	0.497853	0.0108524
1	0.500187	1.55787	0.535071	0.0189198	0.0189115	0.089093	249.109	0.512507	0.00337558
1.02	0.777742	1.50654	0.724579	0.0313274	0.0291407	0.2742	322.9	0.505174	0.00954028
1.04	0.946959	1.371	0.826997	0.139466	0.131474	1.61316	93.3253	0.486953	0.0170635
1.06	1.02769	1.24645	0.869092	0.301471	0.284491	5.82759	72.0031	0.471769	0.0219711
1.08	1.06905	1.15491	0.891294	0.406135	0.383475	10.0103	68.0727	0.462589	0.0249064
1.1	1.09627	1.08887	0.908866	0.435302	0.411527	11.4635	67.6891	0.457528	0.027156
1.12	1.11871	1.03952	0.926321	0.428702	0.406353	11.2677	68.2382	0.454914	0.0295448
1.14	1.13955	1.00099	0.945387	0.401455	0.382732	10.1483	69.2791	0.453579	0.0326964
1.16	1.15984	0.969778	0.968027	0.346136	0.334608	7.98792	71.3446	0.45198	0.0374426
1.18	1.17994	0.943787	0.99853	0.255843	0.255813	5.02276	76.7533	0.446463	0.045199
1.2	1.19998	0.921668	1.04475	0.154286	0.166454	2.59539	93.6727	0.42998	0.0572117
1.22	1.21999	0.902536	1.10769	0.099586	0.116008	1.93396	143.704	0.401568	0.0681972
1.24	1.24	0.88577	1.16256	0.113582	0.122209	3.19167	213.703	0.378853	0.0689863
1.26	1.26	0.870924	1.19705	0.160853	0.155941	5.90696	242.908	0.36805	0.0633666
1.28	1.28	0.85767	1.22073	0.19721	0.183344	8.18359	243.451	0.363592	0.0571379
1.3	1.3	0.845748	1.24075	0.214739	0.197351	9.25487	237.624	0.361759	0.0519201
1.32	1.32	0.834959	1.25987	0.221436	0.203368	9.6036	232.203	0.361014	0.0477145
1.34	1.34	0.825141	1.27915	0.220439	0.203736	9.50766	229.054	0.360611	0.0441382
1.36	1.36	0.816165	1.29955	0.206622	0.194892	8.76982	230.889	0.359698	0.0405729
1.38	1.38	0.807927	1.3231	0.169434	0.168991	7.07088	247.597	0.356354	0.0359885
1.4	1.4	0.800333	1.35302	0.114513	0.128135	5.18585	315.851	0.347475	0.0297577
1.42	1.42	0.793313	1.38831	0.074462	0.0925008	4.7484	554.953	0.333922	0.0248427
1.44	1.44	0.786801	1.42037	0.0601104	0.0710988	5.9334	1173.76	0.323251	0.0235728
1.46	1.46	0.780746	1.446	0.0581345	0.0604312	7.49017	2051.01	0.318091	0.0234938
1.48	1.48	0.775099	1.46798	0.0589969	0.056436	8.46325	2657.2	0.316101	0.0234392
1.5	1.5	0.769822	1.48856	0.0600153	0.0555306	8.92996	2895.91	0.315408	0.0233622
1.52	1.52	0.764878	1.50869	0.0606719	0.0556436	9.15437	2956.64	0.315205	0.0233348
1.54	1.54	0.760239	1.52874	0.0604657	0.05574	9.24585	2975.86	0.315145	0.023383
1.56	1.56	0.755876	1.54901	0.0579969	0.05483	9.16803	3049.58	0.314937	0.0233986
1.58	1.58	0.751766	1.56995	0.0506522	0.0511703	8.82165	3369.1	0.31403	0.0229147
1.6	1.6	0.747889	1.59209	0.0376002	0.0427583	8.36959	4577.88	0.311663	0.020996
1.62	1.62	0.744224	1.61499	0.0243864	0.0305511	8.3856	8984.19	0.308158	0.0172745
1.64	1.64	0.740757	1.63714	0.0163703	0.0197992	8.90701	22721.4	0.305329	0.0132314
1.66	1.66	0.737471	1.65813	0.0128581	0.0137667	9.40515	49625.8	0.303865	0.0102902
1.68	1.68	0.734353	1.67849	0.0115961	0.0112668	9.70462	76450.5	0.303241	0.00856887
1.7	1.7	0.731392	1.6986	0.0112209	0.0104055	9.88914	91334.8	0.302982	0.00767275
1.72	1.72	0.728575	1.71862	0.0111227	0.0101595	10.0257	97134.6	0.302871	0.00727847
1.74	1.74	0.725892	1.73863	0.0109749	0.0100718	10.1368	99927.7	0.302811	0.0071978
1.76	1.76	0.723336	1.75868	0.0103836	0.00984306	10.2152	105435	0.302727	0.00730778
1.78	1.78	0.720897	1.77884	0.00876283	0.00903438	10.2467	125541	0.302504	0.00741045
1.8	1.8	0.718568	1.79917	0.00604709	0.00712479	10.2811	202533	0.302041	0.00714856
1.82	1.82	0.716342	1.81954	0.00351183	0.00451633	10.4136	510539	0.301483	0.00633205
1.84	1.84	0.714212	1.83977	0.00209739	0.00257348	10.6013	1.60072e+06	0.301098	0.00530542
1.86	1.86	0.712173	1.85987	0.0014823	0.00163323	10.7656	4.03596e+06	0.30091	0.00442924
1.88	1.88	0.710219	1.87991	0.00121995	0.00123932	10.9018	7.09795e+06	0.300824	0.00377881
1.9	1.9	0.708346	1.89992	0.00110137	0.0010665	11.0251	9.69309e+06	0.300783	0.00330441
1.92	1.92	0.706548	1.91992	0.00104103	0.000984371	11.1433	1.15e+07	0.300759	0.00295502
1.94	1.94	0.704822	1.93992	0.000994531	0.000936317	11.2592	1.28428e+07	0.300743	0.00269838
1.96	1.96	0.703163	1.95992	0.000919129	0.00088589	11.3724	1.44908e+07	0.300726	0.0025153
1.98	1.98	0.701568	1.97993	0.00076774	0.000790403	11.4823	1.83794e+07	0.300699	0.00237919
2	2	0.700033	1.99996	0.000558917	0.00062064	11.5932	3.00972e+07	0.300657	0.00223424
