# QTMix Mixer Data
# 
# IV data file: /data/simulations/SuperMix-basics/Ideal_30.idc
# KK data file: /data/simulations/SuperMix-basics/Ideal_30_SM.ikk
# 
# Impedances:
# 	IF:		1 + 0i
# 	Fundamental:	 1 + 0i
# 	Harmonic 1 :	 1 + 0i
# 	Harmonic 2 : 	 1 + 0i
# 
# Actual Impedances:
# 	IF:		1 + -0i
# 	EmbImp.Z = 1 + 0i
# 	LO:		1 + -0i
# Operating Point:
# Bias       : 0.9
# LO Freq    : 0.2
# LO Voltage : 0.9
# IF Freq    : 0.01
# 
# Harmonics : 3
# 
# Scan variable : Bias
# 
# X Axis | Unpump DC | Unpump KK | Pump DC | LSB Gain | USB Gain | IF Output | Noise Temp | LO Fundamental Current | LO 1st Harmonic | LO 2nd Harmonic
0	0	0	2.58649e-19	1.82237e-16	9.48805e-17	0.267638	2.97299e+31	0.143471	8.74178e-18	0.0545396
0.02	9.38138e-96	0.000254772	0.00533899	0.0575364	0.0445103	0.280868	141.769	0.141243	0.0133352	0.0536618
0.04	6.39877e-82	0.00101965	0.00866078	0.0986702	0.0851958	0.313245	43.1566	0.136568	0.0218512	0.0525143
0.06	7.89093e-73	0.00229572	0.0100196	0.120458	0.109586	0.342253	28.4995	0.132651	0.0260496	0.0520711
0.08	4.85907e-66	0.00408519	0.0104236	0.129494	0.119189	0.358396	25.2287	0.130748	0.0282733	0.0519781
0.1	1.30544e-60	0.00639083	0.0105014	0.13248	0.122035	0.365764	24.5602	0.130902	0.0299222	0.0518788
0.12	4.41859e-56	0.00921655	0.0106007	0.131702	0.122973	0.365395	24.1625	0.133202	0.0317126	0.0514478
0.14	3.41052e-52	0.0125669	0.011269	0.126152	0.125411	0.35026	22.2699	0.138083	0.0344183	0.0500198
0.16	8.65367e-49	0.0164476	0.0138912	0.117814	0.134362	0.316547	17.5341	0.145843	0.0395916	0.0460986
0.18	9.20354e-46	0.0208651	0.0204544	0.125779	0.157122	0.299674	12.1388	0.154272	0.0492994	0.0383327
0.2	4.86705e-43	0.0258272	0.0296099	0.177154	0.202795	0.364122	8.85386	0.157794	0.0620975	0.0303951
0.22	1.45037e-40	0.0313424	0.0365538	0.260207	0.265863	0.515652	7.29528	0.155141	0.0725226	0.0269219
0.24	2.67705e-38	0.0374207	0.0400103	0.330388	0.319305	0.670806	6.57939	0.150819	0.0785734	0.0265106
0.26	3.29301e-36	0.0440731	0.0413822	0.370632	0.349398	0.769202	6.30085	0.147795	0.081838	0.0275975
0.28	2.86017e-34	0.0513121	0.0418004	0.389984	0.363109	0.819234	6.21349	0.146726	0.0841015	0.0294143
0.3	1.8374e-32	0.0591517	0.0417917	0.397455	0.367906	0.83997	6.20568	0.147692	0.0862419	0.0317249
0.32	9.06659e-31	0.0676072	0.0417375	0.390629	0.363051	0.819649	6.2186	0.151187	0.0885938	0.0345782
0.34	3.54531e-29	0.076696	0.0425353	0.353167	0.33894	0.706946	6.15377	0.158644	0.0912327	0.0380544
0.36	1.12752e-27	0.0864372	0.0467075	0.281816	0.295362	0.509013	5.83472	0.172642	0.0940455	0.0419145
0.38	2.98106e-26	0.0968522	0.0578853	0.240115	0.274378	0.398724	5.29633	0.192803	0.0979618	0.0448806
0.4	6.67541e-25	0.107965	0.073107	0.286816	0.316724	0.493654	4.92109	0.20747	0.105834	0.0441458
0.42	1.2864e-23	0.119801	0.084391	0.394533	0.404235	0.773	4.73055	0.20998	0.113817	0.0398845
0.44	2.16295e-22	0.13239	0.0903812	0.499326	0.488397	1.10362	4.62672	0.207432	0.118728	0.035293
0.46	3.21137e-21	0.145765	0.0931395	0.572289	0.546438	1.37057	4.59007	0.204846	0.122145	0.0314712
0.48	4.25452e-20	0.159963	0.0941847	0.615566	0.580536	1.55131	4.603	0.203643	0.125581	0.0284279
0.5	5.07604e-19	0.175024	0.0942845	0.636648	0.596622	1.66038	4.66453	0.204152	0.129705	0.025885
0.52	5.49855e-18	0.190995	0.0940707	0.620714	0.582441	1.62017	4.77591	0.206967	0.134753	0.023515
0.54	5.44701e-17	0.207929	0.0951533	0.519616	0.499328	1.22474	4.91216	0.213914	0.140315	0.0209068
0.56	4.96655e-16	0.225883	0.102524	0.339972	0.35439	0.620809	4.94306	0.229538	0.143511	0.0176742
0.58	4.19224e-15	0.244926	0.125054	0.234953	0.271762	0.340331	4.60811	0.259381	0.135926	0.0188161
0.6	3.29298e-14	0.265136	0.15699	0.314942	0.344931	0.476347	4.00369	0.293065	0.116965	0.0362598
0.62	2.41833e-13	0.286601	0.177296	0.536264	0.539609	1.07368	3.68737	0.308566	0.10806	0.0492533
0.64	1.66753e-12	0.309424	0.186463	0.742183	0.720425	1.84894	3.56241	0.311088	0.10828	0.053269
0.66	1.08377e-11	0.333728	0.190116	0.897855	0.857487	2.57706	3.50485	0.310586	0.110923	0.0546493
0.68	6.66236e-11	0.359654	0.190787	1.01596	0.962118	3.22699	3.4861	0.310647	0.114746	0.0559542
0.7	3.88637e-10	0.387374	0.189459	1.11533	1.05058	3.86694	3.50355	0.312298	0.119826	0.0579842
0.72	2.15755e-09	0.417093	0.186676	1.15888	1.08868	4.23111	3.56988	0.316379	0.126424	0.0611841
0.74	1.14301e-08	0.449064	0.184082	0.964258	0.911476	3.10026	3.73171	0.324937	0.13435	0.0660326
0.76	5.79287e-08	0.483602	0.188638	0.512307	0.503563	1.04828	4.134	0.343458	0.140502	0.0720647
0.78	2.81505e-07	0.521105	0.217267	0.260406	0.277094	0.362719	4.72407	0.381287	0.13286	0.07097
0.8	1.31446e-06	0.562092	0.26394	0.310228	0.32563	0.478824	4.51573	0.424727	0.104849	0.0520798
0.82	5.90917e-06	0.607262	0.298018	0.485239	0.49072	1.00428	4.17047	0.444362	0.0791051	0.033811
0.84	2.56219e-05	0.65759	0.317727	0.691383	0.685072	1.85423	3.95087	0.449167	0.0628395	0.023562
0.86	0.000107327	0.714516	0.328281	0.915589	0.89678	3.07259	3.8206	0.45026	0.0523456	0.0179054
0.88	0.00043492	0.7803	0.332941	1.14549	1.11495	4.66277	3.75088	0.451967	0.0449552	0.0144194
0.9	0.00170603	0.858722	0.333358	1.40197	1.35964	6.90443	3.73491	0.455727	0.0392831	0.0120425
0.92	0.00646761	0.956404	0.330374	1.63646	1.58359	9.5067	3.7909	0.462605	0.0344741	0.010352
0.94	0.0234867	1.08413	0.325968	1.40292	1.35607	7.36878	4.00709	0.474564	0.0295603	0.00916477
0.96	0.0792345	1.25328	0.330345	0.583379	0.564205	1.54107	4.84115	0.4949	0.0228012	0.00816557
0.98	0.229175	1.44457	0.383974	0.133959	0.130185	0.182892	10.7913	0.522264	0.0126046	0.00661941
1	0.500187	1.55787	0.540694	0.0230285	0.0229787	0.0998916	189.181	0.538459	0.00380323	0.00498229
1.02	0.777742	1.50654	0.717762	0.0355271	0.0330227	0.317817	291.441	0.530617	0.0110205	0.00419035
1.04	0.946959	1.371	0.812193	0.157064	0.148039	1.90796	87.06	0.511366	0.0194353	0.00358882
1.06	1.02769	1.24645	0.850938	0.325691	0.307333	6.5368	69.2066	0.495957	0.0246193	0.00308761
1.08	1.06905	1.15491	0.872037	0.423536	0.399914	10.6218	66.4148	0.48699	0.0276404	0.00299251
1.1	1.09627	1.08887	0.889294	0.44563	0.42134	11.816	66.5584	0.482255	0.0299944	0.00332206
1.12	1.11871	1.03952	0.906741	0.434168	0.411663	11.4217	67.3977	0.479979	0.0325596	0.00405539
1.14	1.13955	1.00099	0.926051	0.401872	0.383431	10.0911	68.6376	0.478956	0.0359756	0.00533205
1.16	1.15984	0.969778	0.949404	0.3397	0.329044	7.6801	70.935	0.477582	0.0410762	0.00758428
1.18	1.17994	0.943787	0.98166	0.243515	0.24469	4.59983	76.8262	0.472104	0.0492134	0.0117082
1.2	1.19998	0.921668	1.03123	0.143882	0.156618	2.32182	94.6557	0.455803	0.0613698	0.018605
1.22	1.21999	0.902536	1.09777	0.0945572	0.11089	1.77997	144.753	0.428371	0.0724495	0.0256375
1.24	1.24	0.88577	1.15543	0.107847	0.117093	2.96653	216.364	0.405487	0.074018	0.0281897
1.26	1.26	0.870924	1.19177	0.153134	0.149786	5.61211	250.142	0.393635	0.0688962	0.028137
1.28	1.28	0.85767	1.21639	0.189462	0.177381	7.97081	253.332	0.388317	0.0627535	0.0278586
1.3	1.3	0.845748	1.23693	0.207082	0.191507	9.12372	248.772	0.385929	0.0575065	0.0279315
1.32	1.32	0.834959	1.25643	0.213269	0.19711	9.48982	244.253	0.384865	0.0533118	0.0284954
1.34	1.34	0.825141	1.27609	0.211661	0.196907	9.38274	241.995	0.384344	0.0498707	0.0296494
1.36	1.36	0.816165	1.29687	0.198716	0.188442	8.68276	244.514	0.38357	0.0466618	0.0314712
1.38	1.38	0.807927	1.32057	0.166704	0.165877	7.16101	260.256	0.38081	0.0427493	0.0337808
1.4	1.4	0.800333	1.34997	0.118514	0.12986	5.37722	318.867	0.372938	0.0371055	0.035483
1.42	1.42	0.793313	1.38477	0.079937	0.096323	4.77504	514.656	0.359342	0.0312549	0.0341739
1.44	1.44	0.786801	1.41731	0.0662715	0.0767182	5.82907	990.381	0.347048	0.0283265	0.0295896
1.46	1.46	0.780746	1.44338	0.0667734	0.0684165	7.45344	1592.34	0.340457	0.0272768	0.0244693
1.48	1.48	0.775099	1.46546	0.069742	0.0661283	8.53114	1950.89	0.337679	0.0267114	0.0203456
1.5	1.5	0.769822	1.48598	0.0719082	0.0661912	9.04708	2064.94	0.33658	0.0263325	0.0172458
1.52	1.52	0.764878	1.50602	0.0731101	0.0668217	9.28287	2078.97	0.336159	0.0261132	0.0148677
1.54	1.54	0.760239	1.526	0.0729969	0.0670983	9.36126	2079.27	0.335968	0.0260379	0.0129266
1.56	1.56	0.755876	1.54627	0.0698932	0.0658618	9.23135	2128.13	0.335641	0.0259726	0.0111898
1.58	1.58	0.751766	1.56738	0.0605352	0.0609317	8.76434	2360.65	0.334515	0.0254072	0.00953277
1.6	1.6	0.747889	1.59004	0.0441312	0.0501862	8.16028	3239.94	0.331668	0.0233074	0.00827008
1.62	1.62	0.744224	1.61372	0.0279603	0.0354178	8.12963	6480.8	0.327452	0.0192312	0.00809682
1.64	1.64	0.740757	1.63648	0.0183787	0.0226727	8.73717	16996.7	0.324033	0.0147986	0.00845131
1.66	1.66	0.737471	1.65777	0.0142072	0.0154917	9.33451	38895.1	0.322251	0.0115791	0.00858102
1.68	1.68	0.734353	1.67823	0.0126976	0.0124893	9.68583	62095.5	0.321479	0.00968407	0.00849978
1.7	1.7	0.731392	1.69838	0.0122435	0.0114437	9.89059	75524.4	0.321148	0.00867127	0.00834599
1.72	1.72	0.728575	1.71842	0.0121315	0.0111408	10.0345	80846.3	0.320997	0.00819021	0.0081908
1.74	1.74	0.725892	1.73843	0.0120052	0.0110441	10.149	83206.9	0.320913	0.00804264	0.00805076
1.76	1.76	0.723336	1.75848	0.011483	0.0108335	10.2304	87166.6	0.320818	0.00810831	0.00788012
1.78	1.78	0.720897	1.77863	0.00996679	0.0100777	10.261	101035	0.320597	0.0082078	0.00751035
1.8	1.8	0.718568	1.79897	0.00719816	0.00821689	10.2762	152201	0.320114	0.00798833	0.00665612
1.82	1.82	0.716342	1.81939	0.00434617	0.00546738	10.3871	347484	0.319468	0.00717093	0.00528774
1.84	1.84	0.714212	1.83968	0.00263321	0.00322105	10.5798	1.01972e+06	0.318976	0.00604369	0.00392264
1.86	1.86	0.712173	1.85981	0.00186431	0.00205838	10.7568	2.53882e+06	0.318721	0.00504058	0.0029743
1.88	1.88	0.710219	1.87986	0.00153963	0.00156103	10.8998	4.47296e+06	0.318605	0.00428976	0.00244431
1.9	1.9	0.708346	1.89988	0.00139847	0.00134774	11.0257	6.07008e+06	0.31855	0.00374639	0.00218691
1.92	1.92	0.706548	1.91988	0.0013301	0.00125117	11.1448	7.11929e+06	0.318519	0.00335253	0.00208661
1.94	1.94	0.704822	1.93988	0.00127844	0.00119781	11.2607	7.8486e+06	0.3185	0.00307029	0.00207706
1.96	1.96	0.703163	1.95989	0.00119187	0.00114296	11.3731	8.706e+06	0.31848	0.00287796	0.00211562
1.98	1.98	0.701568	1.9799	0.00100893	0.00103455	11.4807	1.07267e+07	0.318449	0.00274605	0.00213783
2	2	0.700033	1.99993	0.000734418	0.000824092	11.5887	1.70642e+07	0.318393	0.00260627	0.00203682
