# QTMix Mixer Data
# 
# IV data file: /data/simulations/SuperMix-basics/Ideal_30.idc
# KK data file: /data/simulations/SuperMix-basics/Ideal_30_SM.ikk
# 
# Impedances:
# 	IF:		1 + 0i
# 	Fundamental:	 1 + 0i
# 	Harmonic 1 :	 1 + 0i
# 	Harmonic 2 : 	 1 + 0i
# 
# Actual Impedances:
# 	IF:		1 + -0i
# 	EmbImp.Z = 1 + 0i
# 	LO:		1 + -0i
# Operating Point:
# Bias       : 0.9
# LO Freq    : 0.2
# LO Voltage : 0.4
# IF Freq    : 0.01
# 
# Harmonics : 1
# 
# Scan variable : Bias
# 
# X Axis | Unpump DC | Unpump KK | Pump DC | LSB Gain | USB Gain | IF Output | Noise Temp | LO Fundamental Current 
0	0	0	1.22792e-21	4.00884e-18	3.35302e-17	0.00111236	9.89398e+29	0.0400921
0.02	9.38138e-96	0.000254772	2.46421e-05	0.00117808	0.00108409	0.00111989	952.897	0.0401194
0.04	6.39877e-82	0.00101965	3.89946e-05	0.00194419	0.00180372	0.00114021	350.465	0.0402268
0.06	7.89093e-73	0.00229572	4.51929e-05	0.00239109	0.00224279	0.00116835	232.271	0.0404474
0.08	4.85907e-66	0.00408519	4.81192e-05	0.00273597	0.00260731	0.00120399	177.108	0.040795
0.1	1.30544e-60	0.00639083	5.08264e-05	0.00311573	0.00303991	0.00126637	137.037	0.0412798
0.12	4.41859e-56	0.00921655	5.6804e-05	0.00364138	0.00368833	0.00143029	105.14	0.0419199
0.14	3.41052e-52	0.0125669	7.54683e-05	0.00451141	0.00485714	0.0019398	82.2235	0.0427436
0.16	8.65367e-49	0.0164476	0.000134128	0.00623423	0.00739415	0.00344567	63.0226	0.0437711
0.18	9.20354e-46	0.0208651	0.000287421	0.0101432	0.0129293	0.0069504	41.5774	0.0449276
0.2	4.86705e-43	0.0258272	0.000554108	0.0179098	0.0213574	0.0124435	27.2801	0.0459589
0.22	1.45037e-40	0.0313424	0.000815328	0.0272859	0.0286324	0.0179857	21.9388	0.0467497
0.24	2.67705e-38	0.0374207	0.000967919	0.0338292	0.0326568	0.0216596	20.3096	0.0475935
0.26	3.29301e-36	0.0440731	0.00103708	0.0370748	0.0345818	0.0234805	19.6341	0.0487491
0.28	2.86017e-34	0.0513121	0.00107156	0.03865	0.0357286	0.0244066	19.1195	0.0503074
0.3	1.8374e-32	0.0591517	0.0011032	0.0397307	0.0369839	0.025237	18.4506	0.0523367
0.32	9.06659e-31	0.0676072	0.00117296	0.0411789	0.0395822	0.0269672	17.2122	0.054966
0.34	3.54531e-29	0.076696	0.00139341	0.0444965	0.0464192	0.0319643	14.8344	0.0583815
0.36	1.12752e-27	0.0864372	0.00207145	0.0531827	0.0631983	0.0448982	11.2414	0.0626292
0.38	2.98106e-26	0.0968522	0.00370759	0.0737331	0.0944158	0.0690776	7.74904	0.0668749
0.4	6.67541e-25	0.107965	0.00619197	0.112061	0.133276	0.10335	5.81847	0.0692459
0.42	1.2864e-23	0.119801	0.00831926	0.158248	0.165947	0.143164	5.19867	0.0693127
0.44	2.16295e-22	0.13239	0.00946881	0.192064	0.186015	0.174686	5.04848	0.0688725
0.46	3.21137e-21	0.145765	0.00996614	0.209509	0.196113	0.191752	4.98572	0.0692649
0.48	4.25452e-20	0.159963	0.0101772	0.217411	0.201048	0.199547	4.93682	0.0708992
0.5	5.07604e-19	0.175024	0.0103003	0.220475	0.203666	0.202912	4.89179	0.0739909
0.52	5.49855e-18	0.190995	0.010528	0.219131	0.205309	0.2034	4.82543	0.0790252
0.54	5.44701e-17	0.207929	0.0113498	0.210715	0.207649	0.200739	4.65557	0.0868932
0.56	4.96655e-16	0.225883	0.0140207	0.197789	0.215777	0.197573	4.24342	0.0982962
0.58	4.19224e-15	0.244926	0.0200908	0.204422	0.24038	0.210061	3.63536	0.110684
0.6	3.29298e-14	0.265136	0.0280807	0.258521	0.291413	0.270427	3.18443	0.117497
0.62	2.41833e-13	0.286601	0.0341993	0.345438	0.357589	0.382838	2.99397	0.117321
0.64	1.66753e-12	0.309424	0.0375327	0.420172	0.411942	0.495186	2.91807	0.11455
0.66	1.08377e-11	0.333728	0.039175	0.465602	0.445191	0.56944	2.87313	0.112104
0.68	6.66236e-11	0.359654	0.0400431	0.489825	0.463585	0.610173	2.83919	0.110838
0.7	3.88637e-10	0.387374	0.0406386	0.500807	0.472612	0.628987	2.816	0.111005
0.72	2.15755e-09	0.417093	0.0414553	0.493939	0.468721	0.617306	2.80978	0.113286
0.74	1.14301e-08	0.449064	0.0436699	0.453139	0.440474	0.550299	2.83634	0.119941
0.76	5.79287e-08	0.483602	0.0499118	0.403768	0.409765	0.488031	2.90656	0.137087
0.78	2.81505e-07	0.521105	0.060654	0.476803	0.481955	0.705542	3.03745	0.170265
0.8	1.31446e-06	0.562092	0.0693049	0.579486	0.575099	1.04149	3.14899	0.195159
0.82	5.90917e-06	0.607262	0.075091	0.64676	0.636468	1.26694	3.12755	0.201274
0.84	2.56219e-05	0.65759	0.0782797	0.723847	0.705743	1.5385	3.0889	0.201905
0.86	0.000107327	0.714516	0.079311	0.792396	0.766969	1.81727	3.08933	0.202425
0.88	0.00043492	0.7803	0.07874	0.83171	0.801552	2.02061	3.14499	0.204252
0.9	0.00170603	0.858722	0.077273	0.804244	0.773258	1.9722	3.29839	0.20782
0.92	0.00646761	0.956404	0.0768687	0.621976	0.597516	1.32911	3.72273	0.213544
0.94	0.0234867	1.08413	0.0848175	0.311239	0.299281	0.471025	5.25877	0.222011
0.96	0.0792345	1.25328	0.125607	0.099155	0.0957038	0.122687	13.3949	0.233208
0.98	0.229175	1.44457	0.255528	0.0252429	0.0245668	0.0510733	84.6248	0.244116
1	0.500187	1.55787	0.506542	0.00436525	0.00440942	0.0513682	2641.99	0.249175
1.02	0.777742	1.50654	0.766491	0.0099736	0.00929921	0.132884	1536.67	0.24615
1.04	0.946959	1.371	0.921097	0.0428894	0.0404317	0.583829	357.142	0.238281
1.06	1.02769	1.24645	0.991743	0.108478	0.102267	2.20919	211.235	0.230296
1.08	1.06905	1.15491	1.02702	0.180528	0.17016	4.87062	168.217	0.224339
1.1	1.09627	1.08887	1.05061	0.225712	0.212884	6.83673	150.855	0.220334
1.12	1.11871	1.03952	1.07085	0.245566	0.232038	7.68316	142.699	0.217737
1.14	1.13955	1.00099	1.09048	0.250708	0.237912	7.87575	139.142	0.216049
1.16	1.15984	0.969778	1.1107	0.243435	0.233393	7.60282	139.572	0.214625
1.18	1.17994	0.943787	1.13273	0.218298	0.214514	6.77061	147.135	0.211974
1.2	1.19998	0.921668	1.15858	0.169295	0.175917	5.41167	174.87	0.204719
1.22	1.21999	0.902536	1.18965	0.112814	0.127564	4.4587	274.001	0.189496
1.24	1.24	0.88577	1.22134	0.0804845	0.0923339	4.9037	575.177	0.17263
1.26	1.26	0.870924	1.24791	0.0714874	0.0747496	6.14567	1099.9	0.162769
1.28	1.28	0.85767	1.27044	0.0706473	0.0679062	7.09256	1538.1	0.158628
1.3	1.3	0.845748	1.29123	0.0711945	0.0658941	7.5784	1745.36	0.157079
1.32	1.32	0.834959	1.31144	0.0715482	0.0655283	7.8155	1820.11	0.156563
1.34	1.34	0.825141	1.33153	0.0708104	0.0652468	7.92075	1860.58	0.156409
1.36	1.36	0.816165	1.35181	0.0669529	0.0635915	7.87785	1948.09	0.156157
1.38	1.38	0.807927	1.37272	0.0565945	0.0581172	7.63195	2259.57	0.155088
1.4	1.4	0.800333	1.39464	0.0395041	0.0462941	7.37243	3440.01	0.152367
1.42	1.42	0.793313	1.41698	0.0229562	0.0300568	7.50535	8307.79	0.14856
1.44	1.44	0.786801	1.43857	0.0128534	0.0166686	7.93737	28567.9	0.145577
1.46	1.46	0.780746	1.45928	0.00822707	0.0095606	8.3055	90864.8	0.14399
1.48	1.48	0.775099	1.47954	0.00636166	0.00659193	8.53549	196428	0.143253
1.5	1.5	0.769822	1.49962	0.00565542	0.00544072	8.6935	293685	0.142899
1.52	1.52	0.764878	1.51964	0.00539287	0.0050133	8.82322	351058	0.142712
1.54	1.54	0.760239	1.53965	0.00522506	0.00483318	8.9408	382745	0.142595
1.56	1.56	0.755876	1.55967	0.00486397	0.00462969	9.04782	422124	0.142492
1.58	1.58	0.751766	1.57972	0.00398034	0.0041131	9.14292	540439	0.142341
1.6	1.6	0.747889	1.59981	0.00261191	0.00305585	9.24193	989689	0.142103
1.62	1.62	0.744224	1.6199	0.00147807	0.00183124	9.3659	2.79292e+06	0.141854
1.64	1.64	0.740757	1.63996	0.000931848	0.00107434	9.4992	8.22999e+06	0.141693
1.66	1.66	0.737471	1.65998	0.000700344	0.000749764	9.62562	1.7123e+07	0.14161
1.68	1.68	0.734353	1.67999	0.000575688	0.00059802	9.74579	2.72512e+07	0.141567
1.7	1.7	0.731392	1.69999	0.000492744	0.000504637	9.86329	3.87315e+07	0.141542
1.72	1.72	0.728575	1.71999	0.000431117	0.000438191	9.97981	5.1975e+07	0.141524
1.74	1.74	0.725892	1.73999	0.000382191	0.00038665	10.096	6.75322e+07	0.141511
1.76	1.76	0.723336	1.75999	0.000339898	0.000343955	10.2119	8.6318e+07	0.141499
1.78	1.78	0.720897	1.78	0.000302547	0.000306486	10.3275	1.09945e+08	0.141488
1.8	1.8	0.718568	1.8	0.000270921	0.000273824	10.4432	1.39281e+08	0.141477
1.82	1.82	0.716342	1.82	0.00024495	0.000247145	10.5594	1.72877e+08	0.141466
1.84	1.84	0.714212	1.84	0.000221718	0.000224118	10.6758	2.12543e+08	0.141458
1.86	1.86	0.712173	1.86	0.000201053	0.000203154	10.792	2.61489e+08	0.141453
1.88	1.88	0.710219	1.88	0.000183107	0.000184921	10.9081	3.18991e+08	0.141449
1.9	1.9	0.708346	1.9	0.000167385	0.000168836	11.0242	3.8674e+08	0.141445
1.92	1.92	0.706548	1.92	0.000153316	0.00015456	11.1403	4.66336e+08	0.141442
1.94	1.94	0.704822	1.94	0.000140795	0.000141855	11.2563	5.59377e+08	0.14144
1.96	1.96	0.703163	1.96	0.000129732	0.000130676	11.3724	6.65977e+08	0.141438
1.98	1.98	0.701568	1.98	0.00011984	0.000120631	11.4884	7.89481e+08	0.141436
2	2	0.700033	2	0.000110892	0.00011155	11.6044	9.3258e+08	0.141434
