# QTMix Mixer Data
# 
# IV data file: /data/simulations/SuperMix-basics/Ideal_30.idc
# KK data file: /data/simulations/SuperMix-basics/Ideal_30_SM.ikk
# 
# Impedances:
# 	IF:		1 + 0i
# 	Fundamental:	 1 + 0i
# 	Harmonic 1 :	 1 + 0i
# 	Harmonic 2 : 	 1 + 0i
# 
# Actual Impedances:
# 	IF:		1 + -0i
# 	EmbImp.Z = 1 + 0i
# 	LO:		1 + -0i
# Operating Point:
# Bias       : 0.9
# LO Freq    : 0.2
# LO Voltage : 0.2
# IF Freq    : 0.01
# 
# Harmonics : 1
# 
# Scan variable : IF Frequency
# 
# X Axis | Unpump DC | Unpump KK | Pump DC | LSB Gain | USB Gain | IF Output | Noise Temp | LO Fundamental Current 
0	0	0	0.0207051	0.504427	0.504427	1.0682	4.19811	0.10454
0.0019	-9.51293e-55	2.29815e-06	0.0207051	0.357657	0.354981	0.420877	3.33999	0.10454
0.0038	-1.68882e-54	9.19311e-06	0.0207051	0.3579	0.352563	0.419133	3.37194	0.10454
0.0057	-1.99881e-54	2.06856e-05	0.0207051	0.357425	0.349455	0.416296	3.40895	0.10454
0.0076	-1.6675e-54	3.67763e-05	0.0207051	0.356248	0.345688	0.412432	3.4513	0.10454
0.0095	-4.81124e-55	5.7466e-05	0.0207051	0.354395	0.341302	0.407621	3.49928	0.10454
0.0114	1.68857e-54	8.27555e-05	0.0207051	0.351901	0.336342	0.401961	3.55322	0.10454
0.0133	4.19189e-54	0.000112645	0.0207051	0.348795	0.330847	0.395553	3.61369	0.10454
0.0152	5.96391e-54	0.000147136	0.0207051	0.345115	0.324866	0.388526	3.68139	0.10454
0.0171	5.93578e-54	0.000186229	0.0207051	0.340916	0.31846	0.38103	3.75707	0.10454
0.019	3.03868e-54	0.000229925	0.0207051	0.33626	0.311696	0.373215	3.84145	0.10454
0.0209	-3.70536e-54	0.000278224	0.0207051	0.331206	0.304637	0.365212	3.93533	0.10454
0.0228	-1.29012e-53	0.000331127	0.0207051	0.3258	0.29733	0.357136	4.03975	0.10454
0.0247	-2.06119e-53	0.000388635	0.0207051	0.320082	0.28982	0.349098	4.15614	0.10454
0.0266	-2.27759e-53	0.000450748	0.0207051	0.314103	0.282155	0.34121	4.28594	0.10454
0.0285	-1.53317e-53	0.000517468	0.0207051	0.307914	0.274385	0.333569	4.43062	0.10454
0.0304	5.75248e-54	0.000588795	0.0207051	0.301566	0.266559	0.326257	4.5917	0.10454
0.0323	3.894e-53	0.000664729	0.0207051	0.295102	0.258716	0.319343	4.77101	0.10454
0.0342	7.06311e-53	0.000745272	0.0207051	0.28855	0.250881	0.312883	4.97103	0.10454
0.0361	8.56484e-53	0.000830425	0.0207051	0.28194	0.243081	0.306929	5.19442	0.10454
0.038	6.88144e-53	0.000920187	0.0207051	0.275307	0.235345	0.301521	5.44387	0.10454
0.0399	4.95159e-54	0.00101456	0.0207051	0.268689	0.227705	0.296691	5.72215	0.10454
0.0418	-1.10939e-52	0.00111354	0.0207051	0.262125	0.220192	0.292473	6.0323	0.10454
0.0437	-2.36166e-52	0.00121714	0.0207051	0.255633	0.21282	0.288892	6.37841	0.10454
0.0456	-3.14083e-52	0.00132535	0.0207051	0.249231	0.2056	0.285965	6.765	0.10454
0.0475	-2.88041e-52	0.00143818	0.0207051	0.242936	0.198543	0.28369	7.19673	0.10454
0.0494	-1.01393e-52	0.00155563	0.0207051	0.236765	0.191659	0.282052	7.67842	0.10454
0.0513	2.88199e-52	0.00167769	0.0207051	0.230731	0.184955	0.281027	8.21513	0.10454
0.0532	7.66875e-52	0.00180438	0.0207051	0.224837	0.178431	0.280588	8.8131	0.10454
0.0551	1.12463e-51	0.0019357	0.0207051	0.219085	0.172082	0.280705	9.4794	0.10454
0.057	1.15004e-51	0.00207165	0.0207051	0.213476	0.165905	0.281341	10.2214	0.10454
0.0589	6.31694e-52	0.00221222	0.0207051	0.208016	0.159901	0.282452	11.047	0.10454
0.0608	-6.29376e-52	0.00235743	0.0207051	0.202722	0.154079	0.284033	11.9642	0.10454
0.0627	-2.40344e-51	0.00250727	0.0207051	0.197631	0.148462	0.286138	12.982	0.10454
0.0646	-3.93385e-51	0.00266174	0.0207051	0.192765	0.143066	0.288802	14.11	0.10454
0.0665	-4.43158e-51	0.00282086	0.0207051	0.188139	0.137894	0.292037	15.3585	0.10454
0.0684	-3.10762e-51	0.00298462	0.0207051	0.183757	0.132943	0.295841	16.739	0.10454
0.0703	8.24587e-52	0.00315302	0.0207051	0.179616	0.128206	0.300197	18.2638	0.10454
0.0722	7.19539e-51	0.00332607	0.0207051	0.175714	0.123674	0.305073	19.9455	0.10454
0.0741	1.34317e-50	0.00350376	0.0207051	0.172052	0.119344	0.310424	21.7949	0.10454
0.076	1.6589e-50	0.0036861	0.0207051	0.168627	0.115206	0.316202	23.8238	0.10454
0.0779	1.37225e-50	0.0038731	0.0207051	0.165432	0.111252	0.322363	26.0454	0.10454
0.0798	1.88769e-51	0.00406475	0.0207051	0.162461	0.107468	0.328864	28.4745	0.10454
0.0817	-2.01967e-50	0.00426106	0.0207051	0.159706	0.103845	0.335666	31.1267	0.10454
0.0836	-4.46686e-50	0.00446202	0.0207051	0.157175	0.100384	0.342732	34.0114	0.10454
0.0855	-6.05411e-50	0.00466765	0.0207051	0.154874	0.0970848	0.350033	37.137	0.10454
0.0874	-5.68248e-50	0.00487794	0.0207051	0.152806	0.0939447	0.357549	40.5127	0.10454
0.0893	-2.25301e-50	0.0050929	0.0207051	0.150971	0.0909584	0.365268	44.1495	0.10454
0.0912	5.11491e-50	0.00531253	0.0207051	0.149367	0.0881194	0.373181	48.0591	0.10454
0.0931	1.44108e-49	0.00553684	0.0207051	0.147999	0.0854264	0.381284	52.2474	0.10454
0.095	2.15768e-49	0.00576583	0.0207051	0.146874	0.0828805	0.389586	56.7151	0.10454
0.0969	2.25113e-49	0.00599951	0.0207051	0.145995	0.0804804	0.398102	61.463	0.10454
0.0988	1.31131e-49	0.00623787	0.0207051	0.145365	0.0782232	0.406852	66.4913	0.10454
0.1007	-1.05574e-49	0.00648092	0.0207051	0.144984	0.0761048	0.415861	71.8001	0.10454
0.1026	-4.47981e-49	0.00672867	0.0207051	0.144848	0.074118	0.425118	77.386	0.10454
0.1045	-7.51176e-49	0.00698111	0.0207051	0.144952	0.0722543	0.434566	83.2391	0.10454
0.1064	-8.62094e-49	0.00723826	0.0207051	0.145291	0.0705077	0.444164	89.345	0.10454
0.1083	-6.27669e-49	0.00750012	0.0207051	0.145862	0.068874	0.453888	95.6837	0.10454
0.1102	1.05023e-49	0.00776668	0.0207051	0.146668	0.0673508	0.463727	102.23	0.10454
0.1121	1.32647e-48	0.00803796	0.0207051	0.147706	0.0659354	0.473676	108.954	0.10454
0.114	2.55191e-48	0.00831396	0.0207051	0.148974	0.0646214	0.483728	115.837	0.10454
0.1159	3.21008e-48	0.00859468	0.0207051	0.15047	0.0634035	0.49388	122.856	0.10454
0.1178	2.72974e-48	0.00888013	0.0207051	0.152193	0.0622778	0.504132	129.98	0.10454
0.1197	5.39658e-49	0.0091703	0.0207051	0.154142	0.0612416	0.51449	137.178	0.10454
0.1216	-3.66239e-48	0.00946521	0.0207051	0.156314	0.0602927	0.524962	144.411	0.10454
0.1235	-8.43855e-48	0.00976485	0.0207051	0.158708	0.0594254	0.535546	151.654	0.10454
0.1254	-1.16587e-47	0.0100692	0.0207051	0.161321	0.0586339	0.546238	158.886	0.10454
0.1273	-1.11909e-47	0.0103784	0.0207051	0.164152	0.0579131	0.557033	166.084	0.10454
0.1292	-4.90326e-48	0.0106922	0.0207051	0.167199	0.057259	0.567928	173.223	0.10454
0.1311	9.00987e-48	0.0110109	0.0207051	0.170459	0.056668	0.57892	180.278	0.10454
0.133	2.70406e-47	0.0113343	0.0207051	0.173929	0.0561359	0.59	187.228	0.10454
0.1349	4.1358e-47	0.0116624	0.0207051	0.177607	0.0556582	0.601155	194.057	0.10454
0.1368	4.40056e-47	0.0119954	0.0207051	0.18149	0.0552307	0.612372	200.749	0.10454
0.1387	2.70271e-47	0.0123331	0.0207051	0.185574	0.0548499	0.623639	207.291	0.10454
0.1406	-1.73363e-47	0.0126756	0.0207051	0.189853	0.0545126	0.634943	213.669	0.10454
0.1425	-8.3339e-47	0.0130228	0.0207051	0.194317	0.0542158	0.646271	219.869	0.10454
0.1444	-1.43296e-46	0.0133749	0.0207051	0.198956	0.0539564	0.657616	225.885	0.10454
0.1463	-1.67514e-46	0.0137318	0.0207051	0.203763	0.0537307	0.668971	231.72	0.10454
0.1482	-1.26298e-46	0.0140935	0.0207051	0.208727	0.0535349	0.680328	237.38	0.10454
0.1501	1.00442e-47	0.01446	0.0207051	0.213842	0.0533653	0.691675	242.875	0.10454
0.152	2.43907e-46	0.0148313	0.0207051	0.219097	0.0532184	0.702999	248.217	0.10454
0.1539	4.84411e-46	0.0152074	0.0207051	0.224479	0.0530908	0.714286	253.415	0.10454
0.1558	6.20769e-46	0.0155883	0.0207051	0.229967	0.0529795	0.725518	258.484	0.10454
0.1577	5.4219e-46	0.0159741	0.0207051	0.235543	0.052881	0.736677	263.437	0.10454
0.1596	1.37889e-46	0.0163647	0.0207051	0.241185	0.0527923	0.74774	268.293	0.10454
0.1615	-6.59836e-46	0.0167602	0.0207051	0.246876	0.0527101	0.758688	273.071	0.10454
0.1634	-1.58924e-45	0.0171605	0.0207051	0.252587	0.0526318	0.769498	277.786	0.10454
0.1653	-2.2365e-45	0.0175657	0.0207051	0.258282	0.0525545	0.780146	282.459	0.10454
0.1672	-2.18698e-45	0.0179757	0.0207051	0.263925	0.0524753	0.790608	287.112	0.10454
0.1691	-1.02607e-45	0.0183906	0.0207051	0.26948	0.0523914	0.800858	291.767	0.10454
0.171	1.61404e-45	0.0188103	0.0207051	0.274918	0.0523001	0.810875	296.448	0.10454
0.1729	5.1458e-45	0.019235	0.0207051	0.2802	0.0521991	0.820636	301.179	0.10454
0.1748	8.08977e-45	0.0196645	0.0207051	0.285279	0.0520862	0.83012	305.982	0.10454
0.1767	8.93235e-45	0.0200989	0.0207051	0.290108	0.0519594	0.839308	310.881	0.10454
0.1786	6.15995e-45	0.0205383	0.0207051	0.29464	0.051817	0.848184	315.897	0.10454
0.1805	-1.71679e-45	0.0209825	0.0207051	0.298836	0.0516578	0.856737	321.052	0.10454
0.1824	-1.36017e-44	0.0214316	0.0207051	0.302657	0.0514808	0.864962	326.366	0.10454
0.1843	-2.35551e-44	0.0218857	0.0207051	0.306052	0.0512856	0.872856	331.857	0.10454
0.1862	-2.51046e-44	0.0223447	0.0207051	0.308974	0.0510721	0.880425	337.539	0.10454
0.1881	-1.17781e-44	0.0228087	0.0207051	0.311385	0.0508412	0.887682	343.421	0.10454
0.19	2.28967e-44	0.0232776	0.0207051	0.313261	0.0505941	0.894651	349.506	0.10454
