# Initial no freqs: 1
# Initial no harmonics: 1
# LO frequency set up
# Setting bias
# IF frequency set up
# USB frequency set up
# LSB frequency set up
# Vdc[n-1]: 2.93441 vGap: 1
# starting normalisation at 2.73046
# Response function set
# 
# Mixer currents curve
# IF Freq | Unpumped DC | KK | DC Current | Pump Current | IF Current | Signal Current | Image Current | DC dynamic impedance | Iterations
0.001	0.105072	1.00384	0.349946	0.677428	4.69381e-05	9.08534e-05	0.00011138	1
0.002	0.105072	1.00384	0.349946	0.677428	4.61521e-05	9.15913e-05	0.000108928	2
0.003	0.105072	1.00384	0.349946	0.677428	4.57548e-05	9.20992e-05	0.000107686	2
0.004	0.105072	1.00384	0.349946	0.677428	4.54597e-05	9.25671e-05	0.000106756	2
0.005	0.105072	1.00384	0.349946	0.677428	4.52097e-05	9.30233e-05	0.00010596	2
0.006	0.105072	1.00384	0.349946	0.677428	4.47145e-05	9.36245e-05	0.000104693	2
0.007	0.105072	1.00384	0.349946	0.677428	4.23006e-05	9.46225e-05	9.93545e-05	2
0.008	0.105072	1.00384	0.349946	0.677428	3.98721e-05	9.50167e-05	9.34234e-05	2
0.009	0.105072	1.00384	0.349946	0.677428	3.79633e-05	9.50492e-05	8.87233e-05	2
0.01	0.105072	1.00384	0.349946	0.677428	3.64621e-05	9.4969e-05	8.50047e-05	2
0.011	0.105072	1.00384	0.349946	0.677428	3.52551e-05	9.48653e-05	8.19961e-05	2
0.012	0.105072	1.00384	0.349946	0.677428	3.34967e-05	9.45102e-05	7.8014e-05	2
0.013	0.105072	1.00384	0.349946	0.677428	3.18101e-05	9.40691e-05	7.4254e-05	2
0.014	0.105072	1.00384	0.349946	0.677428	3.04066e-05	9.3638e-05	7.1066e-05	2
0.015	0.105072	1.00384	0.349946	0.677428	2.89899e-05	9.29809e-05	6.76349e-05	2
0.016	0.105072	1.00384	0.349946	0.677428	2.7823e-05	9.24132e-05	6.4799e-05	2
0.017	0.105072	1.00384	0.349946	0.677428	2.62632e-05	9.15696e-05	6.13037e-05	2
0.018	0.105072	1.00384	0.349946	0.677428	2.49443e-05	9.08318e-05	5.83455e-05	2
0.019	0.105072	1.00384	0.349946	0.677428	2.38526e-05	9.02138e-05	5.5879e-05	2
0.02	0.105072	1.00384	0.349946	0.677428	2.2927e-05	8.96939e-05	5.37687e-05	2
0.021	0.105072	1.00384	0.349946	0.677428	2.17943e-05	8.89796e-05	5.13176e-05	2
0.022	0.105072	1.00384	0.349946	0.677428	2.07026e-05	8.8223e-05	4.89213e-05	2
0.023	0.105072	1.00384	0.349946	0.677428	1.9733e-05	8.74899e-05	4.67226e-05	2
0.024	0.105072	1.00384	0.349946	0.677428	1.88256e-05	8.67865e-05	4.4694e-05	2
0.025	0.105072	1.00384	0.349946	0.677428	1.78089e-05	8.59526e-05	4.25181e-05	2
0.026	0.105072	1.00384	0.349946	0.677428	1.69605e-05	8.52661e-05	4.06896e-05	2
0.027	0.105072	1.00384	0.349946	0.677428	1.6117e-05	8.45434e-05	3.89092e-05	2
0.028	0.105072	1.00384	0.349946	0.677428	1.5231e-05	8.374e-05	3.70913e-05	2
0.029	0.105072	1.00384	0.349946	0.677428	1.44402e-05	8.29746e-05	3.5475e-05	2
0.03	0.105072	1.00384	0.349946	0.677428	1.35995e-05	8.19663e-05	3.38017e-05	2
0.031	0.105072	1.00384	0.349946	0.677428	1.2856e-05	8.09354e-05	3.23036e-05	2
0.032	0.105072	1.00384	0.349946	0.677428	1.22277e-05	8.00187e-05	3.10336e-05	2
0.033	0.105072	1.00384	0.349946	0.677428	1.16939e-05	7.92453e-05	2.99457e-05	2
0.034	0.105072	1.00384	0.349946	0.677428	1.12157e-05	7.85828e-05	2.89695e-05	2
0.035	0.105072	1.00384	0.349946	0.677428	1.0777e-05	7.80032e-05	2.8076e-05	2
0.036	0.105072	1.00384	0.349946	0.677428	1.03617e-05	7.7483e-05	2.72334e-05	2
0.037	0.105072	1.00384	0.349946	0.677428	9.96399e-06	7.70122e-05	2.64347e-05	2
0.038	0.105072	1.00384	0.349946	0.677428	9.57658e-06	7.65735e-05	2.56676e-05	2
0.039	0.105072	1.00384	0.349946	0.677428	9.18055e-06	7.61326e-05	2.48891e-05	2
0.04	0.105072	1.00384	0.349946	0.677428	8.77067e-06	7.56583e-05	2.4099e-05	2
0.041	0.105072	1.00384	0.349946	0.677428	8.37679e-06	7.51327e-05	2.33535e-05	2
0.042	0.105072	1.00384	0.349946	0.677428	8.05171e-06	7.46496e-05	2.27286e-05	2
0.043	0.105072	1.00384	0.349946	0.677428	7.76176e-06	7.42394e-05	2.21673e-05	2
0.044	0.105072	1.00384	0.349946	0.677428	7.49058e-06	7.38813e-05	2.16436e-05	2
0.045	0.105072	1.00384	0.349946	0.677428	7.22481e-06	7.35598e-05	2.11371e-05	2
0.046	0.105072	1.00384	0.349946	0.677428	6.95354e-06	7.32555e-05	2.06315e-05	2
0.047	0.105072	1.00384	0.349946	0.677428	6.6678e-06	7.2926e-05	2.01134e-05	2
0.048	0.105072	1.00384	0.349946	0.677428	6.40145e-06	7.25752e-05	1.96275e-05	2
0.049	0.105072	1.00384	0.349946	0.677428	6.15676e-06	7.22348e-05	1.91751e-05	2
0.05	0.105072	1.00384	0.349946	0.677428	5.93102e-06	7.19137e-05	1.87555e-05	2
0.051	0.105072	1.00384	0.349946	0.677428	5.72311e-06	7.16088e-05	1.83659e-05	2
0.052	0.105072	1.00384	0.349946	0.677428	5.53177e-06	7.13208e-05	1.80034e-05	2
0.053	0.105072	1.00384	0.349946	0.677428	5.35548e-06	7.10516e-05	1.76648e-05	2
0.054	0.105072	1.00384	0.349946	0.677428	5.18948e-06	7.07983e-05	1.73429e-05	2
0.055	0.105072	1.00384	0.349946	0.677428	5.03001e-06	7.05557e-05	1.70318e-05	2
0.056	0.105072	1.00384	0.349946	0.677428	4.87392e-06	7.03134e-05	1.67256e-05	2
0.057	0.105072	1.00384	0.349946	0.677428	4.72583e-06	7.00578e-05	1.64271e-05	2
0.058	0.105072	1.00384	0.349946	0.677428	4.61427e-06	6.97919e-05	1.61678e-05	2
0.059	0.105072	1.00384	0.349946	0.677428	4.53063e-06	6.9555e-05	1.59451e-05	2
0.06	0.105072	1.00384	0.349946	0.677428	4.45878e-06	6.93427e-05	1.57394e-05	2
0.061	0.105072	1.00384	0.349946	0.677428	4.39423e-06	6.91503e-05	1.55444e-05	2
0.062	0.105072	1.00384	0.349946	0.677428	4.33415e-06	6.89731e-05	1.53566e-05	2
0.063	0.105072	1.00384	0.349946	0.677428	4.27656e-06	6.88076e-05	1.51726e-05	2
0.064	0.105072	1.00384	0.349946	0.677428	4.22016e-06	6.86515e-05	1.49911e-05	2
0.065	0.105072	1.00384	0.349946	0.677428	4.16309e-06	6.84976e-05	1.48077e-05	2
0.066	0.105072	1.00384	0.349946	0.677428	4.111e-06	6.83381e-05	1.46269e-05	2
0.067	0.105072	1.00384	0.349946	0.677428	4.06877e-06	6.81755e-05	1.44551e-05	2
0.068	0.105072	1.00384	0.349946	0.677428	4.04375e-06	6.80135e-05	1.43014e-05	2
0.069	0.105072	1.00384	0.349946	0.677428	4.02183e-06	6.78599e-05	1.41523e-05	2
0.07	0.105072	1.00384	0.349946	0.677428	4.00859e-06	6.77156e-05	1.40158e-05	2
0.071	0.105072	1.00384	0.349946	0.677428	3.99383e-06	6.75761e-05	1.38774e-05	2
0.072	0.105072	1.00384	0.349946	0.677428	3.98884e-06	6.74476e-05	1.37546e-05	2
0.073	0.105072	1.00384	0.349946	0.677428	3.98255e-06	6.73225e-05	1.36303e-05	2
0.074	0.105072	1.00384	0.349946	0.677428	3.9761e-06	6.7202e-05	1.35062e-05	2
0.075	0.105072	1.00384	0.349946	0.677428	3.97627e-06	6.70902e-05	1.33935e-05	2
0.076	0.105072	1.00384	0.349946	0.677428	3.97542e-06	6.69811e-05	1.32797e-05	2
0.077	0.105072	1.00384	0.349946	0.677428	3.97357e-06	6.68748e-05	1.31648e-05	2
0.078	0.105072	1.00384	0.349946	0.677428	3.97532e-06	6.67742e-05	1.30565e-05	2
0.079	0.105072	1.00384	0.349946	0.677428	3.9787e-06	6.66776e-05	1.29511e-05	2
0.08	0.105072	1.00384	0.349946	0.677428	3.98126e-06	6.65832e-05	1.28452e-05	2
0.081	0.105072	1.00384	0.349946	0.677428	3.98305e-06	6.6491e-05	1.27387e-05	2
0.082	0.105072	1.00384	0.349946	0.677428	3.98725e-06	6.64028e-05	1.26371e-05	2
0.083	0.105072	1.00384	0.349946	0.677428	3.99347e-06	6.6318e-05	1.25397e-05	2
0.084	0.105072	1.00384	0.349946	0.677428	3.99908e-06	6.6235e-05	1.24421e-05	2
0.085	0.105072	1.00384	0.349946	0.677428	4.00405e-06	6.61538e-05	1.23442e-05	2
0.086	0.105072	1.00384	0.349946	0.677428	4.0084e-06	6.60743e-05	1.22459e-05	2
0.087	0.105072	1.00384	0.349946	0.677428	4.01599e-06	6.59983e-05	1.21539e-05	2
0.088	0.105072	1.00384	0.349946	0.677428	4.02423e-06	6.59244e-05	1.20635e-05	2
0.089	0.105072	1.00384	0.349946	0.677428	4.03195e-06	6.58519e-05	1.19727e-05	2
0.09	0.105072	1.00384	0.349946	0.677428	4.03918e-06	6.5781e-05	1.18813e-05	2
0.091	0.105072	1.00384	0.349946	0.677428	4.04593e-06	6.57115e-05	1.17899e-05	2
0.092	0.105072	1.00384	0.349946	0.677428	4.05351e-06	6.56438e-05	1.17008e-05	2
0.093	0.105072	1.00384	0.349946	0.677428	4.06367e-06	6.55783e-05	1.16167e-05	2
0.094	0.105072	1.00384	0.349946	0.677428	4.0734e-06	6.5514e-05	1.15325e-05	2
0.095	0.105072	1.00384	0.349946	0.677428	4.08271e-06	6.54507e-05	1.14482e-05	2
0.096	0.105072	1.00384	0.349946	0.677428	4.09161e-06	6.53885e-05	1.13638e-05	2
0.097	0.105072	1.00384	0.349946	0.677428	4.1001e-06	6.53274e-05	1.12794e-05	2
0.098	0.105072	1.00384	0.349946	0.677428	4.10852e-06	6.52675e-05	1.11954e-05	2
0.099	0.105072	1.00384	0.349946	0.677428	4.11981e-06	6.52089e-05	1.11168e-05	2
0.1	0.105072	1.00384	0.349946	0.677428	4.13077e-06	6.51512e-05	1.10382e-05	2
0.101	0.105072	1.00384	0.349946	0.677428	4.14144e-06	6.50946e-05	1.09595e-05	2
0.102	0.105072	1.00384	0.349946	0.677428	4.15183e-06	6.50389e-05	1.08807e-05	2
0.103	0.105072	1.00384	0.349946	0.677428	4.16192e-06	6.49842e-05	1.08017e-05	2
0.104	0.105072	1.00384	0.349946	0.677428	4.17168e-06	6.49304e-05	1.07228e-05	2
0.105	0.105072	1.00384	0.349946	0.677428	4.18153e-06	6.48774e-05	1.06446e-05	2
0.106	0.105072	1.00384	0.349946	0.677428	4.19413e-06	6.48253e-05	1.05713e-05	2
0.107	0.105072	1.00384	0.349946	0.677428	4.20648e-06	6.47738e-05	1.04983e-05	2
0.108	0.105072	1.00384	0.349946	0.677428	4.21857e-06	6.47231e-05	1.04253e-05	2
0.109	0.105072	1.00384	0.349946	0.677428	4.23038e-06	6.46731e-05	1.03524e-05	2
0.11	0.105072	1.00384	0.349946	0.677428	4.24175e-06	6.46239e-05	1.02789e-05	2
0.111	0.105072	1.00384	0.349946	0.677428	4.25318e-06	6.45751e-05	1.02067e-05	2
0.112	0.105072	1.00384	0.349946	0.677428	4.26418e-06	6.45272e-05	1.01339e-05	2
0.113	0.105072	1.00384	0.349946	0.677428	4.27582e-06	6.44798e-05	1.00624e-05	2
0.114	0.105072	1.00384	0.349946	0.677428	4.28943e-06	6.44329e-05	9.99439e-06	2
0.115	0.105072	1.00384	0.349946	0.677428	4.30287e-06	6.43865e-05	9.92654e-06	2
0.116	0.105072	1.00384	0.349946	0.677428	4.31614e-06	6.43407e-05	9.8587e-06	2
0.117	0.105072	1.00384	0.349946	0.677428	4.32919e-06	6.42954e-05	9.79089e-06	2
0.118	0.105072	1.00384	0.349946	0.677428	4.34202e-06	6.42507e-05	9.72313e-06	2
0.119	0.105072	1.00384	0.349946	0.677428	4.35464e-06	6.42065e-05	9.65541e-06	2
0.12	0.105072	1.00384	0.349946	0.677428	4.36704e-06	6.41629e-05	9.58775e-06	2
0.121	0.105072	1.00384	0.349946	0.677428	4.37924e-06	6.41197e-05	9.52015e-06	2
0.122	0.105072	1.00384	0.349946	0.677428	4.39268e-06	6.4077e-05	9.45498e-06	2
0.123	0.105072	1.00384	0.349946	0.677428	4.40715e-06	6.40346e-05	9.39167e-06	2
0.124	0.105072	1.00384	0.349946	0.677428	4.42144e-06	6.39927e-05	9.32836e-06	2
0.125	0.105072	1.00384	0.349946	0.677428	4.43554e-06	6.39511e-05	9.26508e-06	2
0.126	0.105072	1.00384	0.349946	0.677428	4.44962e-06	6.39101e-05	9.20205e-06	2
0.127	0.105072	1.00384	0.349946	0.677428	4.46354e-06	6.38696e-05	9.13908e-06	2
0.128	0.105072	1.00384	0.349946	0.677428	4.47729e-06	6.38294e-05	9.07617e-06	2
0.129	0.105072	1.00384	0.349946	0.677428	4.49095e-06	6.37897e-05	9.01326e-06	2
0.13	0.105072	1.00384	0.349946	0.677428	4.50447e-06	6.37504e-05	8.95039e-06	2
0.131	0.105072	1.00384	0.349946	0.677428	4.5182e-06	6.37115e-05	8.88722e-06	2
0.132	0.105072	1.00384	0.349946	0.677428	4.53347e-06	6.36728e-05	8.82661e-06	2
0.133	0.105072	1.00384	0.349946	0.677428	4.54859e-06	6.36344e-05	8.76603e-06	2
0.134	0.105072	1.00384	0.349946	0.677428	4.56356e-06	6.35963e-05	8.7055e-06	2
0.135	0.105072	1.00384	0.349946	0.677428	4.57839e-06	6.35585e-05	8.64502e-06	2
0.136	0.105072	1.00384	0.349946	0.677428	4.59308e-06	6.35211e-05	8.58457e-06	2
0.137	0.105072	1.00384	0.349946	0.677428	4.60762e-06	6.3484e-05	8.52416e-06	2
0.138	0.105072	1.00384	0.349946	0.677428	4.62207e-06	6.34473e-05	8.46384e-06	2
0.139	0.105072	1.00384	0.349946	0.677428	4.63653e-06	6.3411e-05	8.40378e-06	2
0.14	0.105072	1.00384	0.349946	0.677428	4.65109e-06	6.33751e-05	8.34387e-06	2
0.141	0.105072	1.00384	0.349946	0.677428	4.66578e-06	6.33396e-05	8.28443e-06	2
0.142	0.105072	1.00384	0.349946	0.677428	4.68178e-06	6.33042e-05	8.22733e-06	2
0.143	0.105072	1.00384	0.349946	0.677428	4.69771e-06	6.32691e-05	8.17025e-06	2
0.144	0.105072	1.00384	0.349946	0.677428	4.71352e-06	6.32342e-05	8.11319e-06	2
0.145	0.105072	1.00384	0.349946	0.677428	4.72922e-06	6.31996e-05	8.05615e-06	2
0.146	0.105072	1.00384	0.349946	0.677428	4.74481e-06	6.31653e-05	7.99913e-06	2
0.147	0.105072	1.00384	0.349946	0.677428	4.76029e-06	6.31312e-05	7.94213e-06	2
0.148	0.105072	1.00384	0.349946	0.677428	4.77566e-06	6.30973e-05	7.88519e-06	2
0.149	0.105072	1.00384	0.349946	0.677428	4.79107e-06	6.30639e-05	7.82876e-06	2
0.15	0.105072	1.00384	0.349946	0.677428	4.80646e-06	6.30308e-05	7.77262e-06	2
0.151	0.105072	1.00384	0.349946	0.677428	4.8218e-06	6.29979e-05	7.71659e-06	2
0.152	0.105072	1.00384	0.349946	0.677428	4.83841e-06	6.29653e-05	7.66301e-06	2
0.153	0.105072	1.00384	0.349946	0.677428	4.85505e-06	6.29329e-05	7.60966e-06	2
0.154	0.105072	1.00384	0.349946	0.677428	4.87161e-06	6.29007e-05	7.55632e-06	2
0.155	0.105072	1.00384	0.349946	0.677428	4.88818e-06	6.28687e-05	7.50309e-06	2
0.156	0.105072	1.00384	0.349946	0.677428	4.90471e-06	6.2837e-05	7.44987e-06	2
0.157	0.105072	1.00384	0.349946	0.677428	4.92118e-06	6.28054e-05	7.39663e-06	2
0.158	0.105072	1.00384	0.349946	0.677428	4.93756e-06	6.2774e-05	7.3434e-06	2
0.159	0.105072	1.00384	0.349946	0.677428	4.95401e-06	6.2743e-05	7.291e-06	2
0.16	0.105072	1.00384	0.349946	0.677428	4.97044e-06	6.27123e-05	7.23897e-06	2
0.161	0.105072	1.00384	0.349946	0.677428	4.98679e-06	6.26817e-05	7.18695e-06	2
0.162	0.105072	1.00384	0.349946	0.677428	5.00361e-06	6.26514e-05	7.13602e-06	2
0.163	0.105072	1.00384	0.349946	0.677428	5.02078e-06	6.26214e-05	7.0859e-06	2
0.164	0.105072	1.00384	0.349946	0.677428	5.03797e-06	6.25915e-05	7.03595e-06	2
0.165	0.105072	1.00384	0.349946	0.677428	2.08208e-06	6.39042e-05	2.08208e-06	2
0.166	0.105072	1.00384	0.349946	0.677428	5.07224e-06	6.25324e-05	6.93616e-06	2
0.167	0.105072	1.00384	0.349946	0.677428	5.08931e-06	6.25031e-05	6.88629e-06	2
0.168	0.105072	1.00384	0.349946	0.677428	5.10639e-06	6.24739e-05	6.83653e-06	2
0.169	0.105072	1.00384	0.349946	0.677428	5.12351e-06	6.24451e-05	6.78746e-06	2
0.17	0.105072	1.00384	0.349946	0.677428	5.14074e-06	6.24165e-05	6.7393e-06	2
0.171	0.105072	1.00384	0.349946	0.677428	5.15791e-06	6.23881e-05	6.69112e-06	2
0.172	0.105072	1.00384	0.349946	0.677428	5.17523e-06	6.23599e-05	6.64343e-06	2
0.173	0.105072	1.00384	0.349946	0.677428	5.19295e-06	6.23322e-05	6.59683e-06	2
0.174	0.105072	1.00384	0.349946	0.677428	5.21062e-06	6.23046e-05	6.55023e-06	2
0.175	0.105072	1.00384	0.349946	0.677428	5.22824e-06	6.22771e-05	6.50363e-06	2
0.176	0.105072	1.00384	0.349946	0.677428	5.24583e-06	6.22498e-05	6.45705e-06	2
0.177	0.105072	1.00384	0.349946	0.677428	5.26351e-06	6.22227e-05	6.41068e-06	2
0.178	0.105072	1.00384	0.349946	0.677428	5.28117e-06	6.21957e-05	6.36434e-06	2
0.179	0.105072	1.00384	0.349946	0.677428	5.29881e-06	6.21689e-05	6.3182e-06	2
0.18	0.105072	1.00384	0.349946	0.677428	5.31666e-06	6.21425e-05	6.27432e-06	2
0.181	0.105072	1.00384	0.349946	0.677428	5.33453e-06	6.21163e-05	6.23052e-06	2
0.182	0.105072	1.00384	0.349946	0.677428	5.35247e-06	6.20904e-05	6.1872e-06	2
0.183	0.105072	1.00384	0.349946	0.677428	5.37059e-06	6.20651e-05	6.14474e-06	2
0.184	0.105072	1.00384	0.349946	0.677428	5.38874e-06	6.20399e-05	6.10227e-06	2
0.185	0.105072	1.00384	0.349946	0.677428	5.40688e-06	6.20149e-05	6.05979e-06	2
0.186	0.105072	1.00384	0.349946	0.677428	5.42498e-06	6.19899e-05	6.01732e-06	2
0.187	0.105072	1.00384	0.349946	0.677428	5.44307e-06	6.19652e-05	5.97486e-06	2
0.188	0.105072	1.00384	0.349946	0.677428	5.46114e-06	6.19405e-05	5.93241e-06	2
0.189	0.105072	1.00384	0.349946	0.677428	5.4792e-06	6.1916e-05	5.89001e-06	2
0.19	0.105072	1.00384	0.349946	0.677428	5.49749e-06	6.18918e-05	5.85002e-06	2
0.191	0.105072	1.00384	0.349946	0.677428	5.51579e-06	6.18678e-05	5.81048e-06	2
0.192	0.105072	1.00384	0.349946	0.677428	5.53388e-06	6.1845e-05	5.77188e-06	2
0.193	0.105072	1.00384	0.349946	0.677428	5.55209e-06	6.18224e-05	5.73365e-06	2
0.194	0.105072	1.00384	0.349946	0.677428	5.57034e-06	6.18e-05	5.69551e-06	2
0.195	0.105072	1.00384	0.349946	0.677428	5.58858e-06	6.17777e-05	5.65742e-06	2
0.196	0.105072	1.00384	0.349946	0.677428	5.60681e-06	6.17555e-05	5.61937e-06	2
0.197	0.105072	1.00384	0.349946	0.677428	5.62507e-06	6.17334e-05	5.58135e-06	2
0.198	0.105072	1.00384	0.349946	0.677428	5.64338e-06	6.17115e-05	5.54337e-06	2
0.199	0.105072	1.00384	0.349946	0.677428	5.66169e-06	6.16896e-05	5.50543e-06	2
0.2	0.105072	1.00384	0.349946	0.677428	5.68e-06	6.16684e-05	5.47033e-06	2
0.201	0.105072	1.00384	0.349946	0.677428	5.69756e-06	6.16487e-05	5.43589e-06	2
0.202	0.105072	1.00384	0.349946	0.677428	5.71514e-06	6.16291e-05	5.40155e-06	2
0.203	0.105072	1.00384	0.349946	0.677428	5.7328e-06	6.16096e-05	5.36747e-06	2
0.204	0.105072	1.00384	0.349946	0.677428	5.75048e-06	6.15902e-05	5.33348e-06	2
0.205	0.105072	1.00384	0.349946	0.677428	5.76818e-06	6.15709e-05	5.29962e-06	2
0.206	0.105072	1.00384	0.349946	0.677428	5.78612e-06	6.15518e-05	5.26624e-06	2
0.207	0.105072	1.00384	0.349946	0.677428	5.80407e-06	6.15328e-05	5.23299e-06	2
0.208	0.105072	1.00384	0.349946	0.677428	5.82202e-06	6.15139e-05	5.19986e-06	2
0.209	0.105072	1.00384	0.349946	0.677428	5.83994e-06	6.14956e-05	5.16889e-06	2
0.21	0.105072	1.00384	0.349946	0.677428	5.85799e-06	6.14775e-05	5.14055e-06	2
0.211	0.105072	1.00384	0.349946	0.677428	5.87611e-06	6.14595e-05	5.11237e-06	2
0.212	0.105072	1.00384	0.349946	0.677428	5.89428e-06	6.14417e-05	5.08436e-06	2
0.213	0.105072	1.00384	0.349946	0.677428	5.91248e-06	6.1424e-05	5.05654e-06	2
0.214	0.105072	1.00384	0.349946	0.677428	5.93071e-06	6.14064e-05	5.02895e-06	2
0.215	0.105072	1.00384	0.349946	0.677428	5.94898e-06	6.13889e-05	5.00159e-06	2
0.216	0.105072	1.00384	0.349946	0.677428	5.96739e-06	6.13715e-05	4.97468e-06	2
0.217	0.105072	1.00384	0.349946	0.677428	5.98599e-06	6.13542e-05	4.94822e-06	2
0.218	0.105072	1.00384	0.349946	0.677428	6.00486e-06	6.13372e-05	4.92583e-06	2
0.219	0.105072	1.00384	0.349946	0.677428	6.02395e-06	6.13204e-05	4.90538e-06	2
0.22	0.105072	1.00384	0.349946	0.677428	6.04327e-06	6.13037e-05	4.88555e-06	2
0.221	0.105072	1.00384	0.349946	0.677428	6.06228e-06	6.12872e-05	4.86546e-06	2
0.222	0.105072	1.00384	0.349946	0.677428	6.08152e-06	6.12707e-05	4.84604e-06	2
0.223	0.105072	1.00384	0.349946	0.677428	6.10082e-06	6.12544e-05	4.82701e-06	2
0.224	0.105072	1.00384	0.349946	0.677428	6.12025e-06	6.12383e-05	4.80846e-06	2
0.225	0.105072	1.00384	0.349946	0.677428	6.13996e-06	6.12221e-05	4.79049e-06	2
0.226	0.105072	1.00384	0.349946	0.677428	6.15988e-06	6.12065e-05	4.77821e-06	2
0.227	0.105072	1.00384	0.349946	0.677428	6.17989e-06	6.1191e-05	4.7671e-06	2
0.228	0.105072	1.00384	0.349946	0.677428	6.19997e-06	6.11756e-05	4.75649e-06	2
0.229	0.105072	1.00384	0.349946	0.677428	6.22021e-06	6.11603e-05	4.74659e-06	2
0.23	0.105072	1.00384	0.349946	0.677428	6.24065e-06	6.1145e-05	4.73752e-06	2
0.231	0.105072	1.00384	0.349946	0.677428	6.26136e-06	6.11298e-05	4.72944e-06	2
0.232	0.105072	1.00384	0.349946	0.677428	6.28222e-06	6.11147e-05	4.72207e-06	2
0.233	0.105072	1.00384	0.349946	0.677428	6.30338e-06	6.11001e-05	4.72104e-06	2
0.234	0.105072	1.00384	0.349946	0.677428	6.32464e-06	6.10855e-05	4.72126e-06	2
0.235	0.105072	1.00384	0.349946	0.677428	6.346e-06	6.10712e-05	4.72219e-06	2
0.236	0.105072	1.00384	0.349946	0.677428	6.36745e-06	6.10569e-05	4.72387e-06	2
0.237	0.105072	1.00384	0.349946	0.677428	6.389e-06	6.10428e-05	4.72632e-06	2
0.238	0.105072	1.00384	0.349946	0.677428	6.41065e-06	6.10288e-05	4.72958e-06	2
0.239	0.105072	1.00384	0.349946	0.677428	6.43261e-06	6.10151e-05	4.7391e-06	2
0.24	0.105072	1.00384	0.349946	0.677428	6.45482e-06	6.10018e-05	4.75195e-06	2
0.241	0.105072	1.00384	0.349946	0.677428	6.47724e-06	6.09886e-05	4.76586e-06	2
0.242	0.105072	1.00384	0.349946	0.677428	6.50003e-06	6.09753e-05	4.78131e-06	2
0.243	0.105072	1.00384	0.349946	0.677428	6.52299e-06	6.0962e-05	4.79793e-06	2
0.244	0.105072	1.00384	0.349946	0.677428	6.54611e-06	6.0949e-05	4.81776e-06	2
0.245	0.105072	1.00384	0.349946	0.677428	6.5695e-06	6.09364e-05	4.84568e-06	2
0.246	0.105072	1.00384	0.349946	0.677428	6.59301e-06	6.09239e-05	4.87471e-06	2
0.247	0.105072	1.00384	0.349946	0.677428	6.61664e-06	6.09116e-05	4.90489e-06	2
0.248	0.105072	1.00384	0.349946	0.677428	6.64048e-06	6.08994e-05	4.93641e-06	2
0.249	0.105072	1.00384	0.349946	0.677428	6.66458e-06	6.08875e-05	4.97406e-06	2
0.25	0.105072	1.00384	0.349946	0.677428	6.68891e-06	6.08761e-05	5.0187e-06	2
0.251	0.105072	1.00384	0.349946	0.677428	6.71336e-06	6.08648e-05	5.06465e-06	2
0.252	0.105072	1.00384	0.349946	0.677428	6.73795e-06	6.08535e-05	5.11191e-06	2
0.253	0.105072	1.00384	0.349946	0.677428	6.76293e-06	6.08423e-05	5.16539e-06	2
0.254	0.105072	1.00384	0.349946	0.677428	6.7882e-06	6.08314e-05	5.22849e-06	2
0.255	0.105072	1.00384	0.349946	0.677428	6.81357e-06	6.08206e-05	5.29306e-06	2
0.256	0.105072	1.00384	0.349946	0.677428	6.83912e-06	6.08099e-05	5.35936e-06	2
0.257	0.105072	1.00384	0.349946	0.677428	6.86489e-06	6.07998e-05	5.44022e-06	2
0.258	0.105072	1.00384	0.349946	0.677428	6.89073e-06	6.07899e-05	5.52449e-06	2
0.259	0.105072	1.00384	0.349946	0.677428	6.9166e-06	6.07799e-05	5.6103e-06	2
0.26	0.105072	1.00384	0.349946	0.677428	6.94249e-06	6.07707e-05	5.71465e-06	2
0.261	0.105072	1.00384	0.349946	0.677428	6.96841e-06	6.07615e-05	5.82072e-06	2
0.262	0.105072	1.00384	0.349946	0.677428	6.99411e-06	6.07529e-05	5.94163e-06	2
0.263	0.105072	1.00384	0.349946	0.677428	7.01977e-06	6.07445e-05	6.07089e-06	2
0.264	0.105072	1.00384	0.349946	0.677428	7.04414e-06	6.07365e-05	6.21587e-06	2
0.265	0.105072	1.00384	0.349946	0.677428	7.06737e-06	6.07288e-05	6.36473e-06	2
0.266	0.105072	1.00384	0.349946	0.677428	7.08972e-06	6.0721e-05	6.51103e-06	2
0.267	0.105072	1.00384	0.349946	0.677428	7.11208e-06	6.07132e-05	6.65561e-06	2
0.268	0.105072	1.00384	0.349946	0.677428	7.13478e-06	6.07057e-05	6.80507e-06	2
0.269	0.105072	1.00384	0.349946	0.677428	7.15791e-06	6.06986e-05	6.96182e-06	2
0.27	0.105072	1.00384	0.349946	0.677428	7.18168e-06	6.0692e-05	7.12919e-06	2
0.271	0.105072	1.00384	0.349946	0.677428	7.20639e-06	6.06864e-05	7.31136e-06	2
0.272	0.105072	1.00384	0.349946	0.677428	7.23256e-06	6.06824e-05	7.51339e-06	2
0.273	0.105072	1.00384	0.349946	0.677428	7.26142e-06	6.06812e-05	7.74599e-06	2
0.274	0.105072	1.00384	0.349946	0.677428	7.29267e-06	6.06828e-05	7.9871e-06	2
0.275	0.105072	1.00384	0.349946	0.677428	7.32671e-06	6.0686e-05	8.2167e-06	2
0.276	0.105072	1.00384	0.349946	0.677428	7.3643e-06	6.06909e-05	8.44151e-06	2
0.277	0.105072	1.00384	0.349946	0.677428	7.40663e-06	6.06981e-05	8.66975e-06	2
0.278	0.105072	1.00384	0.349946	0.677428	7.45505e-06	6.07084e-05	8.90644e-06	2
0.279	0.105072	1.00384	0.349946	0.677428	7.51107e-06	6.07231e-05	9.15502e-06	2
0.28	0.105072	1.00384	0.349946	0.677428	7.57582e-06	6.07422e-05	9.41474e-06	2
0.281	0.105072	1.00384	0.349946	0.677428	7.65012e-06	6.07663e-05	9.68502e-06	2
0.282	0.105072	1.00384	0.349946	0.677428	7.7347e-06	6.07956e-05	9.96774e-06	2
0.283	0.105072	1.00384	0.349946	0.677428	7.82789e-06	6.0829e-05	1.02597e-05	2
0.284	0.105072	1.00384	0.349946	0.677428	7.92364e-06	6.08641e-05	1.05398e-05	2
0.285	0.105072	1.00384	0.349946	0.677428	8.01437e-06	6.08964e-05	1.07902e-05	2
0.286	0.105072	1.00384	0.349946	0.677428	8.10676e-06	6.09291e-05	1.10396e-05	2
0.287	0.105072	1.00384	0.349946	0.677428	8.20524e-06	6.09645e-05	1.13027e-05	2
0.288	0.105072	1.00384	0.349946	0.677428	8.31382e-06	6.10048e-05	1.15912e-05	2
0.289	0.105072	1.00384	0.349946	0.677428	8.43695e-06	6.10525e-05	1.1919e-05	2
0.29	0.105072	1.00384	0.349946	0.677428	8.56517e-06	6.11044e-05	1.22659e-05	2
0.291	0.105072	1.00384	0.349946	0.677428	8.66929e-06	6.11459e-05	1.25543e-05	2
0.292	0.105072	1.00384	0.349946	0.677428	8.75123e-06	6.11757e-05	1.27941e-05	2
0.293	0.105072	1.00384	0.349946	0.677428	8.81904e-06	6.11966e-05	1.30103e-05	2
0.294	0.105072	1.00384	0.349946	0.677428	8.88046e-06	6.12134e-05	1.32178e-05	2
0.295	0.105072	1.00384	0.349946	0.677428	8.9373e-06	6.1227e-05	1.34234e-05	2
0.296	0.105072	1.00384	0.349946	0.677428	8.98882e-06	6.12361e-05	1.36285e-05	2
0.297	0.105072	1.00384	0.349946	0.677428	9.03528e-06	6.12413e-05	1.38374e-05	2
0.298	0.105072	1.00384	0.349946	0.677428	9.07527e-06	6.12417e-05	1.40527e-05	2
0.299	0.105072	1.00384	0.349946	0.677428	9.09917e-06	6.12324e-05	1.42662e-05	2
0.3	0.105072	1.00384	0.349946	0.677428	9.08549e-06	6.12035e-05	1.44336e-05	2
