# Initial no freqs: 1
# Initial no harmonics: 1
# LO frequency set up
# Setting bias
# IF frequency set up
# USB frequency set up
# LSB frequency set up
# Vdc[n-1]: 2.93441 vGap: 1
# starting normalisation at 2.73046
# Response function set
# 
# Mixer currents curve
# IF Freq | Unpumped DC | KK | DC Current | Pump Current | IF Current | Signal Current | Image Current | DC dynamic impedance | Iterations
0.001	0.0391529	0.504493	0.307255	1.0021	9.73828e-06	5.62962e-05	1.75584e-05	2
0.002	0.0391529	0.504493	0.307255	1.0021	9.74373e-06	5.64604e-05	1.74594e-05	2
0.003	0.0391529	0.504493	0.307255	1.0021	9.74706e-06	5.66597e-05	1.73766e-05	2
0.004	0.0391529	0.504493	0.307255	1.0021	9.74369e-06	5.67844e-05	1.73273e-05	2
0.005	0.0391529	0.504493	0.307255	1.0021	9.73795e-06	5.688e-05	1.72921e-05	2
0.006	0.0391529	0.504493	0.307255	1.0021	9.72407e-06	5.69979e-05	1.72476e-05	2
0.007	0.0391529	0.504493	0.307255	1.0021	9.66764e-06	5.73965e-05	1.70557e-05	2
0.008	0.0391529	0.504493	0.307255	1.0021	9.6348e-06	5.7795e-05	1.68192e-05	2
0.009	0.0391529	0.504493	0.307255	1.0021	9.60511e-06	5.81096e-05	1.6629e-05	2
0.01	0.0391529	0.504493	0.307255	1.0021	9.5782e-06	5.83669e-05	1.64722e-05	2
0.011	0.0391529	0.504493	0.307255	1.0021	9.55367e-06	5.85836e-05	1.63401e-05	2
0.012	0.0391529	0.504493	0.307255	1.0021	9.49262e-06	5.89284e-05	1.61538e-05	2
0.013	0.0391529	0.504493	0.307255	1.0021	9.42488e-06	5.92703e-05	1.5964e-05	2
0.014	0.0391529	0.504493	0.307255	1.0021	9.3649e-06	5.95687e-05	1.57893e-05	2
0.015	0.0391529	0.504493	0.307255	1.0021	9.31414e-06	5.98724e-05	1.55754e-05	2
0.016	0.0391529	0.504493	0.307255	1.0021	9.26677e-06	6.0148e-05	1.53748e-05	2
0.017	0.0391529	0.504493	0.307255	1.0021	9.18178e-06	6.05072e-05	1.51108e-05	2
0.018	0.0391529	0.504493	0.307255	1.0021	9.1e-06	6.08278e-05	1.48661e-05	2
0.019	0.0391529	0.504493	0.307255	1.0021	9.02483e-06	6.11075e-05	1.46453e-05	2
0.02	0.0391529	0.504493	0.307255	1.0021	8.95554e-06	6.13541e-05	1.44451e-05	2
0.021	0.0391529	0.504493	0.307255	1.0021	8.8555e-06	6.16504e-05	1.41917e-05	2
0.022	0.0391529	0.504493	0.307255	1.0021	8.75184e-06	6.1942e-05	1.39201e-05	2
0.023	0.0391529	0.504493	0.307255	1.0021	8.65558e-06	6.22085e-05	1.36469e-05	2
0.024	0.0391529	0.504493	0.307255	1.0021	8.55289e-06	6.24632e-05	1.33721e-05	2
0.025	0.0391529	0.504493	0.307255	1.0021	8.41294e-06	6.27496e-05	1.30429e-05	2
0.026	0.0391529	0.504493	0.307255	1.0021	8.28442e-06	6.29975e-05	1.27426e-05	2
0.027	0.0391529	0.504493	0.307255	1.0021	8.1401e-06	6.32329e-05	1.2421e-05	2
0.028	0.0391529	0.504493	0.307255	1.0021	7.96861e-06	6.34631e-05	1.20573e-05	2
0.029	0.0391529	0.504493	0.307255	1.0021	7.79431e-06	6.36457e-05	1.1693e-05	2
0.03	0.0391529	0.504493	0.307255	1.0021	7.57558e-06	6.37515e-05	1.12611e-05	2
0.031	0.0391529	0.504493	0.307255	1.0021	7.35647e-06	6.37714e-05	1.08313e-05	2
0.032	0.0391529	0.504493	0.307255	1.0021	7.15267e-06	6.37435e-05	1.04394e-05	2
0.033	0.0391529	0.504493	0.307255	1.0021	6.96879e-06	6.36998e-05	1.00885e-05	2
0.034	0.0391529	0.504493	0.307255	1.0021	6.79739e-06	6.36553e-05	9.76358e-06	2
0.035	0.0391529	0.504493	0.307255	1.0021	6.63435e-06	6.36114e-05	9.45702e-06	2
0.036	0.0391529	0.504493	0.307255	1.0021	6.47541e-06	6.35695e-05	9.16091e-06	2
0.037	0.0391529	0.504493	0.307255	1.0021	6.31779e-06	6.35294e-05	8.87111e-06	2
0.038	0.0391529	0.504493	0.307255	1.0021	6.15775e-06	6.34871e-05	8.58286e-06	2
0.039	0.0391529	0.504493	0.307255	1.0021	5.99018e-06	6.34386e-05	8.27906e-06	2
0.04	0.0391529	0.504493	0.307255	1.0021	5.80961e-06	6.33649e-05	7.95716e-06	2
0.041	0.0391529	0.504493	0.307255	1.0021	5.62514e-06	6.32348e-05	7.64255e-06	2
0.042	0.0391529	0.504493	0.307255	1.0021	5.46543e-06	6.3079e-05	7.37636e-06	2
0.043	0.0391529	0.504493	0.307255	1.0021	5.32119e-06	6.29374e-05	7.13662e-06	2
0.044	0.0391529	0.504493	0.307255	1.0021	5.18528e-06	6.28087e-05	6.91223e-06	2
0.045	0.0391529	0.504493	0.307255	1.0021	5.05132e-06	6.26906e-05	6.69282e-06	2
0.046	0.0391529	0.504493	0.307255	1.0021	4.91351e-06	6.25753e-05	6.47035e-06	2
0.047	0.0391529	0.504493	0.307255	1.0021	4.76635e-06	6.2438e-05	6.24169e-06	2
0.048	0.0391529	0.504493	0.307255	1.0021	4.62745e-06	6.22717e-05	6.03413e-06	2
0.049	0.0391529	0.504493	0.307255	1.0021	4.49975e-06	6.20976e-05	5.84834e-06	2
0.05	0.0391529	0.504493	0.307255	1.0021	4.38185e-06	6.19224e-05	5.68414e-06	2
0.051	0.0391529	0.504493	0.307255	1.0021	4.27368e-06	6.1746e-05	5.54097e-06	2
0.052	0.0391529	0.504493	0.307255	1.0021	4.1751e-06	6.15713e-05	5.41703e-06	2
0.053	0.0391529	0.504493	0.307255	1.0021	4.08537e-06	6.1401e-05	5.31001e-06	2
0.054	0.0391529	0.504493	0.307255	1.0021	4.00206e-06	6.12352e-05	5.2158e-06	2
0.055	0.0391529	0.504493	0.307255	1.0021	3.92319e-06	6.10711e-05	5.13162e-06	2
0.056	0.0391529	0.504493	0.307255	1.0021	3.84733e-06	6.09022e-05	5.05653e-06	2
0.057	0.0391529	0.504493	0.307255	1.0021	3.77763e-06	6.072e-05	4.99871e-06	2
0.058	0.0391529	0.504493	0.307255	1.0021	3.73019e-06	6.05277e-05	4.97557e-06	2
0.059	0.0391529	0.504493	0.307255	1.0021	3.69823e-06	6.03528e-05	4.97092e-06	2
0.06	0.0391529	0.504493	0.307255	1.0021	3.67269e-06	6.01932e-05	4.9724e-06	2
0.061	0.0391529	0.504493	0.307255	1.0021	3.6511e-06	6.00459e-05	4.97714e-06	2
0.062	0.0391529	0.504493	0.307255	1.0021	3.63197e-06	5.99083e-05	4.98383e-06	2
0.063	0.0391529	0.504493	0.307255	1.0021	3.61434e-06	5.97784e-05	4.99252e-06	2
0.064	0.0391529	0.504493	0.307255	1.0021	3.59751e-06	5.96545e-05	5.00205e-06	2
0.065	0.0391529	0.504493	0.307255	1.0021	3.58083e-06	5.9531e-05	5.01313e-06	2
0.066	0.0391529	0.504493	0.307255	1.0021	3.56778e-06	5.9403e-05	5.03163e-06	2
0.067	0.0391529	0.504493	0.307255	1.0021	3.5608e-06	5.92729e-05	5.0594e-06	2
0.068	0.0391529	0.504493	0.307255	1.0021	3.56374e-06	5.91454e-05	5.09619e-06	2
0.069	0.0391529	0.504493	0.307255	1.0021	3.56836e-06	5.90235e-05	5.13254e-06	2
0.07	0.0391529	0.504493	0.307255	1.0021	3.57737e-06	5.89089e-05	5.17172e-06	2
0.071	0.0391529	0.504493	0.307255	1.0021	3.58565e-06	5.8797e-05	5.20976e-06	2
0.072	0.0391529	0.504493	0.307255	1.0021	3.59856e-06	5.86943e-05	5.25003e-06	2
0.073	0.0391529	0.504493	0.307255	1.0021	3.61084e-06	5.85936e-05	5.28936e-06	2
0.074	0.0391529	0.504493	0.307255	1.0021	3.62301e-06	5.84956e-05	5.32801e-06	2
0.075	0.0391529	0.504493	0.307255	1.0021	3.63816e-06	5.84051e-05	5.36755e-06	2
0.076	0.0391529	0.504493	0.307255	1.0021	3.653e-06	5.83173e-05	5.40756e-06	2
0.077	0.0391529	0.504493	0.307255	1.0021	3.66736e-06	5.8231e-05	5.44689e-06	2
0.078	0.0391529	0.504493	0.307255	1.0021	3.68336e-06	5.81497e-05	5.4857e-06	2
0.079	0.0391529	0.504493	0.307255	1.0021	3.70025e-06	5.80719e-05	5.52279e-06	2
0.08	0.0391529	0.504493	0.307255	1.0021	3.71674e-06	5.79953e-05	5.55932e-06	2
0.081	0.0391529	0.504493	0.307255	1.0021	3.73283e-06	5.79198e-05	5.59532e-06	2
0.082	0.0391529	0.504493	0.307255	1.0021	3.74995e-06	5.78479e-05	5.63104e-06	2
0.083	0.0391529	0.504493	0.307255	1.0021	3.76796e-06	5.7779e-05	5.66634e-06	2
0.084	0.0391529	0.504493	0.307255	1.0021	3.78562e-06	5.7711e-05	5.70127e-06	2
0.085	0.0391529	0.504493	0.307255	1.0021	3.80295e-06	5.76439e-05	5.73576e-06	2
0.086	0.0391529	0.504493	0.307255	1.0021	3.81995e-06	5.75778e-05	5.76983e-06	2
0.087	0.0391529	0.504493	0.307255	1.0021	3.83827e-06	5.75153e-05	5.80394e-06	2
0.088	0.0391529	0.504493	0.307255	1.0021	3.85671e-06	5.74548e-05	5.83808e-06	2
0.089	0.0391529	0.504493	0.307255	1.0021	3.87486e-06	5.73955e-05	5.87178e-06	2
0.09	0.0391529	0.504493	0.307255	1.0021	3.89294e-06	5.73373e-05	5.90373e-06	2
0.091	0.0391529	0.504493	0.307255	1.0021	3.91076e-06	5.72799e-05	5.93537e-06	2
0.092	0.0391529	0.504493	0.307255	1.0021	3.92883e-06	5.7224e-05	5.96684e-06	2
0.093	0.0391529	0.504493	0.307255	1.0021	3.94792e-06	5.71708e-05	5.99832e-06	2
0.094	0.0391529	0.504493	0.307255	1.0021	3.96676e-06	5.71182e-05	6.02954e-06	2
0.095	0.0391529	0.504493	0.307255	1.0021	3.98537e-06	5.70662e-05	6.06047e-06	2
0.096	0.0391529	0.504493	0.307255	1.0021	4.00386e-06	5.70149e-05	6.09066e-06	2
0.097	0.0391529	0.504493	0.307255	1.0021	4.02214e-06	5.69642e-05	6.12055e-06	2
0.098	0.0391529	0.504493	0.307255	1.0021	4.04032e-06	5.69142e-05	6.15028e-06	2
0.099	0.0391529	0.504493	0.307255	1.0021	4.05963e-06	5.68665e-05	6.18025e-06	2
0.1	0.0391529	0.504493	0.307255	1.0021	4.07868e-06	5.68196e-05	6.21023e-06	2
0.101	0.0391529	0.504493	0.307255	1.0021	4.0976e-06	5.67741e-05	6.23923e-06	2
0.102	0.0391529	0.504493	0.307255	1.0021	4.11642e-06	5.67292e-05	6.26731e-06	2
0.103	0.0391529	0.504493	0.307255	1.0021	4.13504e-06	5.66846e-05	6.29519e-06	2
0.104	0.0391529	0.504493	0.307255	1.0021	4.15345e-06	5.66406e-05	6.32287e-06	2
0.105	0.0391529	0.504493	0.307255	1.0021	4.17183e-06	5.65972e-05	6.35039e-06	2
0.106	0.0391529	0.504493	0.307255	1.0021	4.19125e-06	5.65559e-05	6.37801e-06	2
0.107	0.0391529	0.504493	0.307255	1.0021	4.21047e-06	5.65149e-05	6.40546e-06	2
0.108	0.0391529	0.504493	0.307255	1.0021	4.22952e-06	5.64744e-05	6.43273e-06	2
0.109	0.0391529	0.504493	0.307255	1.0021	4.24843e-06	5.64342e-05	6.45965e-06	2
0.11	0.0391529	0.504493	0.307255	1.0021	4.26723e-06	5.63944e-05	6.4862e-06	2
0.111	0.0391529	0.504493	0.307255	1.0021	4.28586e-06	5.6355e-05	6.51259e-06	2
0.112	0.0391529	0.504493	0.307255	1.0021	4.30412e-06	5.63165e-05	6.5391e-06	2
0.113	0.0391529	0.504493	0.307255	1.0021	4.32259e-06	5.6279e-05	6.56479e-06	2
0.114	0.0391529	0.504493	0.307255	1.0021	4.34184e-06	5.62431e-05	6.58979e-06	2
0.115	0.0391529	0.504493	0.307255	1.0021	4.36091e-06	5.62075e-05	6.61463e-06	2
0.116	0.0391529	0.504493	0.307255	1.0021	4.37982e-06	5.61721e-05	6.63932e-06	2
0.117	0.0391529	0.504493	0.307255	1.0021	4.39857e-06	5.6137e-05	6.66387e-06	2
0.118	0.0391529	0.504493	0.307255	1.0021	4.41715e-06	5.61021e-05	6.68826e-06	2
0.119	0.0391529	0.504493	0.307255	1.0021	4.43557e-06	5.60675e-05	6.71252e-06	2
0.12	0.0391529	0.504493	0.307255	1.0021	4.45382e-06	5.60331e-05	6.73662e-06	2
0.121	0.0391529	0.504493	0.307255	1.0021	4.47192e-06	5.5999e-05	6.76057e-06	2
0.122	0.0391529	0.504493	0.307255	1.0021	4.49035e-06	5.59661e-05	6.78431e-06	2
0.123	0.0391529	0.504493	0.307255	1.0021	4.50892e-06	5.59349e-05	6.80785e-06	2
0.124	0.0391529	0.504493	0.307255	1.0021	4.52726e-06	5.59041e-05	6.83134e-06	2
0.125	0.0391529	0.504493	0.307255	1.0021	4.54544e-06	5.58736e-05	6.85468e-06	2
0.126	0.0391529	0.504493	0.307255	1.0021	4.56352e-06	5.58433e-05	6.87637e-06	2
0.127	0.0391529	0.504493	0.307255	1.0021	4.58144e-06	5.58132e-05	6.89774e-06	2
0.128	0.0391529	0.504493	0.307255	1.0021	4.5992e-06	5.57833e-05	6.91894e-06	2
0.129	0.0391529	0.504493	0.307255	1.0021	4.61681e-06	5.57535e-05	6.94001e-06	2
0.13	0.0391529	0.504493	0.307255	1.0021	4.63427e-06	5.5724e-05	6.96095e-06	2
0.131	0.0391529	0.504493	0.307255	1.0021	4.65163e-06	5.56948e-05	6.98174e-06	2
0.132	0.0391529	0.504493	0.307255	1.0021	4.66935e-06	5.56668e-05	7.00227e-06	2
0.133	0.0391529	0.504493	0.307255	1.0021	4.68687e-06	5.56391e-05	7.02276e-06	2
0.134	0.0391529	0.504493	0.307255	1.0021	4.70401e-06	5.56124e-05	7.04353e-06	2
0.135	0.0391529	0.504493	0.307255	1.0021	4.72098e-06	5.55859e-05	7.06412e-06	2
0.136	0.0391529	0.504493	0.307255	1.0021	4.73783e-06	5.55595e-05	7.0844e-06	2
0.137	0.0391529	0.504493	0.307255	1.0021	4.75457e-06	5.55333e-05	7.10441e-06	2
0.138	0.0391529	0.504493	0.307255	1.0021	4.77115e-06	5.55072e-05	7.12398e-06	2
0.139	0.0391529	0.504493	0.307255	1.0021	4.78758e-06	5.54813e-05	7.14232e-06	2
0.14	0.0391529	0.504493	0.307255	1.0021	4.80386e-06	5.54555e-05	7.16052e-06	2
0.141	0.0391529	0.504493	0.307255	1.0021	4.82004e-06	5.54301e-05	7.17852e-06	2
0.142	0.0391529	0.504493	0.307255	1.0021	4.83638e-06	5.54059e-05	7.19605e-06	2
0.143	0.0391529	0.504493	0.307255	1.0021	4.85253e-06	5.53818e-05	7.21347e-06	2
0.144	0.0391529	0.504493	0.307255	1.0021	4.86812e-06	5.53586e-05	7.23099e-06	2
0.145	0.0391529	0.504493	0.307255	1.0021	4.88354e-06	5.53355e-05	7.24835e-06	2
0.146	0.0391529	0.504493	0.307255	1.0021	4.8988e-06	5.53125e-05	7.26554e-06	2
0.147	0.0391529	0.504493	0.307255	1.0021	4.91389e-06	5.52896e-05	7.28257e-06	2
0.148	0.0391529	0.504493	0.307255	1.0021	4.92881e-06	5.52668e-05	7.2994e-06	2
0.149	0.0391529	0.504493	0.307255	1.0021	4.94358e-06	5.52441e-05	7.31597e-06	2
0.15	0.0391529	0.504493	0.307255	1.0021	4.95825e-06	5.52215e-05	7.33213e-06	2
0.151	0.0391529	0.504493	0.307255	1.0021	4.97275e-06	5.5199e-05	7.34775e-06	2
0.152	0.0391529	0.504493	0.307255	1.0021	4.98729e-06	5.51779e-05	7.36231e-06	2
0.153	0.0391529	0.504493	0.307255	1.0021	5.0014e-06	5.51574e-05	7.37677e-06	2
0.154	0.0391529	0.504493	0.307255	1.0021	5.01506e-06	5.51373e-05	7.39116e-06	2
0.155	0.0391529	0.504493	0.307255	1.0021	5.02854e-06	5.51173e-05	7.40536e-06	2
0.156	0.0391529	0.504493	0.307255	1.0021	5.04184e-06	5.50974e-05	7.41937e-06	2
0.157	0.0391529	0.504493	0.307255	1.0021	5.05497e-06	5.50775e-05	7.43321e-06	2
0.158	0.0391529	0.504493	0.307255	1.0021	5.06792e-06	5.50577e-05	7.44686e-06	2
0.159	0.0391529	0.504493	0.307255	1.0021	5.0807e-06	5.5038e-05	7.46033e-06	2
0.16	0.0391529	0.504493	0.307255	1.0021	5.09331e-06	5.50184e-05	7.47363e-06	2
0.161	0.0391529	0.504493	0.307255	1.0021	5.10576e-06	5.49988e-05	7.48675e-06	2
0.162	0.0391529	0.504493	0.307255	1.0021	5.11778e-06	5.49802e-05	7.49941e-06	2
0.163	0.0391529	0.504493	0.307255	1.0021	5.12922e-06	5.49627e-05	7.51142e-06	2
0.164	0.0391529	0.504493	0.307255	1.0021	5.14048e-06	5.49452e-05	7.52242e-06	2
0.165	0.0391529	0.504493	0.307255	1.0021	5.15153e-06	5.49277e-05	7.53296e-06	2
0.166	0.0391529	0.504493	0.307255	1.0021	5.16239e-06	5.49102e-05	7.5433e-06	2
0.167	0.0391529	0.504493	0.307255	1.0021	5.17306e-06	5.48928e-05	7.55343e-06	2
0.168	0.0391529	0.504493	0.307255	1.0021	5.18354e-06	5.48754e-05	7.56335e-06	2
0.169	0.0391529	0.504493	0.307255	1.0021	5.19384e-06	5.48581e-05	7.57308e-06	2
0.17	0.0391529	0.504493	0.307255	1.0021	5.20396e-06	5.48408e-05	7.5826e-06	2
0.171	0.0391529	0.504493	0.307255	1.0021	5.21321e-06	5.48239e-05	7.59174e-06	2
0.172	0.0391529	0.504493	0.307255	1.0021	5.22199e-06	5.48076e-05	7.60036e-06	2
0.173	0.0391529	0.504493	0.307255	1.0021	5.23046e-06	5.47921e-05	7.60823e-06	2
0.174	0.0391529	0.504493	0.307255	1.0021	5.23873e-06	5.47765e-05	7.61587e-06	2
0.175	0.0391529	0.504493	0.307255	1.0021	5.24681e-06	5.47611e-05	7.62328e-06	2
0.176	0.0391529	0.504493	0.307255	1.0021	5.2547e-06	5.47456e-05	7.63048e-06	2
0.177	0.0391529	0.504493	0.307255	1.0021	5.26237e-06	5.47301e-05	7.63629e-06	2
0.178	0.0391529	0.504493	0.307255	1.0021	5.26985e-06	5.47145e-05	7.6418e-06	2
0.179	0.0391529	0.504493	0.307255	1.0021	5.2765e-06	5.46996e-05	7.64715e-06	2
0.18	0.0391529	0.504493	0.307255	1.0021	5.28247e-06	5.46849e-05	7.65227e-06	2
0.181	0.0391529	0.504493	0.307255	1.0021	5.28822e-06	5.46702e-05	7.65711e-06	2
0.182	0.0391529	0.504493	0.307255	1.0021	5.29362e-06	5.4656e-05	7.66136e-06	2
0.183	0.0391529	0.504493	0.307255	1.0021	5.2986e-06	5.46424e-05	7.66474e-06	2
0.184	0.0391529	0.504493	0.307255	1.0021	5.30338e-06	5.46289e-05	7.66788e-06	2
0.185	0.0391529	0.504493	0.307255	1.0021	5.30794e-06	5.46153e-05	7.67077e-06	2
0.186	0.0391529	0.504493	0.307255	1.0021	5.31231e-06	5.46017e-05	7.67342e-06	2
0.187	0.0391529	0.504493	0.307255	1.0021	5.31499e-06	5.45885e-05	7.67519e-06	2
0.188	0.0391529	0.504493	0.307255	1.0021	5.31723e-06	5.45754e-05	7.67656e-06	2
0.189	0.0391529	0.504493	0.307255	1.0021	5.31924e-06	5.45621e-05	7.67761e-06	2
0.19	0.0391529	0.504493	0.307255	1.0021	5.32099e-06	5.45488e-05	7.6777e-06	2
0.191	0.0391529	0.504493	0.307255	1.0021	5.32249e-06	5.45353e-05	7.67729e-06	2
0.192	0.0391529	0.504493	0.307255	1.0021	5.3233e-06	5.45228e-05	7.67561e-06	2
0.193	0.0391529	0.504493	0.307255	1.0021	5.32384e-06	5.45104e-05	7.67356e-06	2
0.194	0.0391529	0.504493	0.307255	1.0021	5.32258e-06	5.44981e-05	7.67024e-06	2
0.195	0.0391529	0.504493	0.307255	1.0021	5.32045e-06	5.44857e-05	7.66619e-06	2
0.196	0.0391529	0.504493	0.307255	1.0021	5.31809e-06	5.44732e-05	7.66184e-06	2
0.197	0.0391529	0.504493	0.307255	1.0021	5.31552e-06	5.44607e-05	7.6572e-06	2
0.198	0.0391529	0.504493	0.307255	1.0021	5.31274e-06	5.4448e-05	7.65227e-06	2
0.199	0.0391529	0.504493	0.307255	1.0021	5.30977e-06	5.44353e-05	7.64713e-06	2
0.2	0.0391529	0.504493	0.307255	1.0021	5.30617e-06	5.44227e-05	7.64136e-06	2
0.201	0.0391529	0.504493	0.307255	1.0021	5.29919e-06	5.44109e-05	7.6328e-06	2
0.202	0.0391529	0.504493	0.307255	1.0021	5.292e-06	5.43989e-05	7.62384e-06	2
0.203	0.0391529	0.504493	0.307255	1.0021	5.28456e-06	5.43867e-05	7.6141e-06	2
0.204	0.0391529	0.504493	0.307255	1.0021	5.27688e-06	5.43743e-05	7.60382e-06	2
0.205	0.0391529	0.504493	0.307255	1.0021	5.26899e-06	5.43617e-05	7.59314e-06	2
0.206	0.0391529	0.504493	0.307255	1.0021	5.26053e-06	5.43489e-05	7.58188e-06	2
0.207	0.0391529	0.504493	0.307255	1.0021	5.24864e-06	5.43355e-05	7.56776e-06	2
0.208	0.0391529	0.504493	0.307255	1.0021	5.23656e-06	5.4322e-05	7.55332e-06	2
0.209	0.0391529	0.504493	0.307255	1.0021	5.22426e-06	5.43084e-05	7.53852e-06	2
0.21	0.0391529	0.504493	0.307255	1.0021	5.21182e-06	5.42947e-05	7.52346e-06	2
0.211	0.0391529	0.504493	0.307255	1.0021	5.19925e-06	5.42808e-05	7.50816e-06	2
0.212	0.0391529	0.504493	0.307255	1.0021	5.18325e-06	5.42662e-05	7.48984e-06	2
0.213	0.0391529	0.504493	0.307255	1.0021	5.16574e-06	5.42511e-05	7.47011e-06	2
0.214	0.0391529	0.504493	0.307255	1.0021	5.14814e-06	5.42358e-05	7.45017e-06	2
0.215	0.0391529	0.504493	0.307255	1.0021	5.13046e-06	5.42203e-05	7.42998e-06	2
0.216	0.0391529	0.504493	0.307255	1.0021	5.11267e-06	5.42047e-05	7.40914e-06	2
0.217	0.0391529	0.504493	0.307255	1.0021	5.08931e-06	5.41877e-05	7.38308e-06	2
0.218	0.0391529	0.504493	0.307255	1.0021	5.06533e-06	5.417e-05	7.35603e-06	2
0.219	0.0391529	0.504493	0.307255	1.0021	5.04137e-06	5.41522e-05	7.32886e-06	2
0.22	0.0391529	0.504493	0.307255	1.0021	5.01746e-06	5.41343e-05	7.30159e-06	2
0.221	0.0391529	0.504493	0.307255	1.0021	4.98766e-06	5.41143e-05	7.26853e-06	2
0.222	0.0391529	0.504493	0.307255	1.0021	4.95608e-06	5.40936e-05	7.23357e-06	2
0.223	0.0391529	0.504493	0.307255	1.0021	4.92471e-06	5.40727e-05	7.19868e-06	2
0.224	0.0391529	0.504493	0.307255	1.0021	4.89104e-06	5.40509e-05	7.16121e-06	2
0.225	0.0391529	0.504493	0.307255	1.0021	4.84961e-06	5.40262e-05	7.11549e-06	2
0.226	0.0391529	0.504493	0.307255	1.0021	4.80873e-06	5.40014e-05	7.07017e-06	2
0.227	0.0391529	0.504493	0.307255	1.0021	4.76249e-06	5.39742e-05	7.01872e-06	2
0.228	0.0391529	0.504493	0.307255	1.0021	4.7077e-06	5.39433e-05	6.95766e-06	2
0.229	0.0391529	0.504493	0.307255	1.0021	4.64936e-06	5.39104e-05	6.89124e-06	2
0.23	0.0391529	0.504493	0.307255	1.0021	4.57477e-06	5.38698e-05	6.80349e-06	2
0.231	0.0391529	0.504493	0.307255	1.0021	4.49439e-06	5.38258e-05	6.70606e-06	2
0.232	0.0391529	0.504493	0.307255	1.0021	4.41355e-06	5.37812e-05	6.60634e-06	2
0.233	0.0391529	0.504493	0.307255	1.0021	4.33514e-06	5.37376e-05	6.50892e-06	2
0.234	0.0391529	0.504493	0.307255	1.0021	4.25792e-06	5.36947e-05	6.41298e-06	2
0.235	0.0391529	0.504493	0.307255	1.0021	4.18106e-06	5.3652e-05	6.31761e-06	2
0.236	0.0391529	0.504493	0.307255	1.0021	4.10344e-06	5.36092e-05	6.22161e-06	2
0.237	0.0391529	0.504493	0.307255	1.0021	4.02448e-06	5.35659e-05	6.12431e-06	2
0.238	0.0391529	0.504493	0.307255	1.0021	3.9431e-06	5.35218e-05	6.02428e-06	2
0.239	0.0391529	0.504493	0.307255	1.0021	3.85663e-06	5.34755e-05	5.91825e-06	2
0.24	0.0391529	0.504493	0.307255	1.0021	3.76199e-06	5.34259e-05	5.80155e-06	2
0.241	0.0391529	0.504493	0.307255	1.0021	3.66146e-06	5.33737e-05	5.67481e-06	2
0.242	0.0391529	0.504493	0.307255	1.0021	3.56833e-06	5.33248e-05	5.55477e-06	2
0.243	0.0391529	0.504493	0.307255	1.0021	3.48067e-06	5.32785e-05	5.44168e-06	2
0.244	0.0391529	0.504493	0.307255	1.0021	3.39575e-06	5.32338e-05	5.33246e-06	2
0.245	0.0391529	0.504493	0.307255	1.0021	3.31084e-06	5.31892e-05	5.22382e-06	2
0.246	0.0391529	0.504493	0.307255	1.0021	3.22311e-06	5.31437e-05	5.11212e-06	2
0.247	0.0391529	0.504493	0.307255	1.0021	3.12911e-06	5.30956e-05	4.99157e-06	2
0.248	0.0391529	0.504493	0.307255	1.0021	3.03705e-06	5.30484e-05	4.87073e-06	2
0.249	0.0391529	0.504493	0.307255	1.0021	2.94938e-06	5.30032e-05	4.75382e-06	2
0.25	0.0391529	0.504493	0.307255	1.0021	2.86608e-06	5.296e-05	4.64135e-06	2
0.251	0.0391529	0.504493	0.307255	1.0021	2.78735e-06	5.29186e-05	4.53347e-06	2
0.252	0.0391529	0.504493	0.307255	1.0021	2.71335e-06	5.28792e-05	4.43054e-06	2
0.253	0.0391529	0.504493	0.307255	1.0021	2.64399e-06	5.28417e-05	4.33271e-06	2
0.254	0.0391529	0.504493	0.307255	1.0021	2.57814e-06	5.28056e-05	4.23869e-06	2
0.255	0.0391529	0.504493	0.307255	1.0021	2.51479e-06	5.27704e-05	4.14705e-06	2
0.256	0.0391529	0.504493	0.307255	1.0021	2.45309e-06	5.27357e-05	4.05594e-06	2
0.257	0.0391529	0.504493	0.307255	1.0021	2.39459e-06	5.27017e-05	3.96615e-06	2
0.258	0.0391529	0.504493	0.307255	1.0021	2.34826e-06	5.26722e-05	3.88831e-06	2
0.259	0.0391529	0.504493	0.307255	1.0021	2.31121e-06	5.26464e-05	3.82242e-06	2
0.26	0.0391529	0.504493	0.307255	1.0021	2.27845e-06	5.26226e-05	3.76273e-06	2
0.261	0.0391529	0.504493	0.307255	1.0021	2.24851e-06	5.25999e-05	3.70731e-06	2
0.262	0.0391529	0.504493	0.307255	1.0021	2.22049e-06	5.25781e-05	3.65484e-06	2
0.263	0.0391529	0.504493	0.307255	1.0021	2.19377e-06	5.25569e-05	3.60434e-06	2
0.264	0.0391529	0.504493	0.307255	1.0021	2.16788e-06	5.25361e-05	3.55505e-06	2
0.265	0.0391529	0.504493	0.307255	1.0021	2.14237e-06	5.25152e-05	3.50576e-06	2
0.266	0.0391529	0.504493	0.307255	1.0021	2.11908e-06	5.24948e-05	3.45797e-06	2
0.267	0.0391529	0.504493	0.307255	1.0021	2.0994e-06	5.24755e-05	3.41375e-06	2
0.268	0.0391529	0.504493	0.307255	1.0021	2.08539e-06	5.24585e-05	3.37642e-06	2
0.269	0.0391529	0.504493	0.307255	1.0021	2.07258e-06	5.2442e-05	3.34096e-06	2
0.27	0.0391529	0.504493	0.307255	1.0021	2.06254e-06	5.24268e-05	3.30974e-06	2
0.271	0.0391529	0.504493	0.307255	1.0021	2.05231e-06	5.24116e-05	3.27834e-06	2
0.272	0.0391529	0.504493	0.307255	1.0021	2.04497e-06	5.2398e-05	3.25181e-06	2
0.273	0.0391529	0.504493	0.307255	1.0021	2.03748e-06	5.23843e-05	3.22512e-06	2
0.274	0.0391529	0.504493	0.307255	1.0021	2.03013e-06	5.23706e-05	3.19882e-06	2
0.275	0.0391529	0.504493	0.307255	1.0021	2.02468e-06	5.2358e-05	3.17605e-06	2
0.276	0.0391529	0.504493	0.307255	1.0021	2.01912e-06	5.23454e-05	3.1532e-06	2
0.277	0.0391529	0.504493	0.307255	1.0021	2.01345e-06	5.23327e-05	3.13025e-06	2
0.278	0.0391529	0.504493	0.307255	1.0021	2.00885e-06	5.23207e-05	3.10941e-06	2
0.279	0.0391529	0.504493	0.307255	1.0021	2.00476e-06	5.23092e-05	3.08963e-06	2
0.28	0.0391529	0.504493	0.307255	1.0021	2.00058e-06	5.22976e-05	3.06978e-06	2
0.281	0.0391529	0.504493	0.307255	1.0021	1.99632e-06	5.2286e-05	3.04988e-06	2
0.282	0.0391529	0.504493	0.307255	1.0021	1.99276e-06	5.22748e-05	3.03141e-06	2
0.283	0.0391529	0.504493	0.307255	1.0021	1.98979e-06	5.22641e-05	3.01415e-06	2
0.284	0.0391529	0.504493	0.307255	1.0021	1.98676e-06	5.22533e-05	2.99685e-06	2
0.285	0.0391529	0.504493	0.307255	1.0021	1.98366e-06	5.22425e-05	2.97951e-06	2
0.286	0.0391529	0.504493	0.307255	1.0021	1.98048e-06	5.22316e-05	2.96211e-06	2
0.287	0.0391529	0.504493	0.307255	1.0021	1.97817e-06	5.22213e-05	2.94652e-06	2
0.288	0.0391529	0.504493	0.307255	1.0021	1.97608e-06	5.22113e-05	2.93146e-06	2
0.289	0.0391529	0.504493	0.307255	1.0021	1.97394e-06	5.22012e-05	2.91639e-06	2
0.29	0.0391529	0.504493	0.307255	1.0021	1.97174e-06	5.21911e-05	2.90129e-06	2
0.291	0.0391529	0.504493	0.307255	1.0021	1.96949e-06	5.21809e-05	2.88618e-06	2
0.292	0.0391529	0.504493	0.307255	1.0021	1.96749e-06	5.2171e-05	2.87167e-06	2
0.293	0.0391529	0.504493	0.307255	1.0021	1.96617e-06	5.21616e-05	2.8586e-06	2
0.294	0.0391529	0.504493	0.307255	1.0021	1.9648e-06	5.21522e-05	2.84551e-06	2
0.295	0.0391529	0.504493	0.307255	1.0021	1.9634e-06	5.21428e-05	2.83241e-06	2
0.296	0.0391529	0.504493	0.307255	1.0021	1.96195e-06	5.21334e-05	2.81922e-06	2
0.297	0.0391529	0.504493	0.307255	1.0021	1.96045e-06	5.21239e-05	2.80601e-06	2
0.298	0.0391529	0.504493	0.307255	1.0021	1.95899e-06	5.21145e-05	2.79295e-06	2
0.299	0.0391529	0.504493	0.307255	1.0021	1.95826e-06	5.21057e-05	2.78139e-06	2
0.3	0.0391529	0.504493	0.307255	1.0021	1.95749e-06	5.20968e-05	2.7698e-06	2
