# Initial no freqs: 1
# Initial no harmonics: 1
# LO frequency set up
# Setting bias
# IF frequency set up
# USB frequency set up
# LSB frequency set up
# Vdc[n-1]: 2.93441 vGap: 1
# starting normalisation at 2.73046
# Response function set
# 
# Mixer currents curve
# IF Freq | Unpumped DC | KK | DC Current | Pump Current | IF Current | Signal Current | Image Current | DC dynamic impedance | Iterations
0.001	0.0336513	0.417598	0.344392	0.576538	4.3302e-05	5.96712e-05	3.65992e-05	2
0.002	0.0336513	0.417598	0.344392	0.576538	4.33798e-05	5.92519e-05	3.72277e-05	2
0.003	0.0336513	0.417598	0.344392	0.576538	4.3432e-05	5.92425e-05	3.73281e-05	2
0.004	0.0336513	0.417598	0.344392	0.576538	4.34295e-05	5.92503e-05	3.73118e-05	2
0.005	0.0336513	0.417598	0.344392	0.576538	4.34031e-05	5.92474e-05	3.72556e-05	2
0.006	0.0336513	0.417598	0.344392	0.576538	4.33689e-05	5.92112e-05	3.71943e-05	2
0.007	0.0336513	0.417598	0.344392	0.576538	4.33308e-05	5.91566e-05	3.71304e-05	2
0.008	0.0336513	0.417598	0.344392	0.576538	4.32904e-05	5.90908e-05	3.70651e-05	2
0.009	0.0336513	0.417598	0.344392	0.576538	4.32337e-05	5.89979e-05	3.72536e-05	2
0.01	0.0336513	0.417598	0.344392	0.576538	4.31646e-05	5.88836e-05	3.76633e-05	2
0.011	0.0336513	0.417598	0.344392	0.576538	4.31039e-05	5.8788e-05	3.80031e-05	2
0.012	0.0336513	0.417598	0.344392	0.576538	4.30482e-05	5.87423e-05	3.84094e-05	2
0.013	0.0336513	0.417598	0.344392	0.576538	4.29955e-05	5.86947e-05	3.87434e-05	2
0.014	0.0336513	0.417598	0.344392	0.576538	4.29463e-05	5.86415e-05	3.90195e-05	2
0.015	0.0336513	0.417598	0.344392	0.576538	4.29009e-05	5.85865e-05	3.92488e-05	2
0.016	0.0336513	0.417598	0.344392	0.576538	4.28675e-05	5.856e-05	3.94292e-05	2
0.017	0.0336513	0.417598	0.344392	0.576538	4.28363e-05	5.85287e-05	3.95804e-05	2
0.018	0.0336513	0.417598	0.344392	0.576538	4.27872e-05	5.84865e-05	3.98921e-05	2
0.019	0.0336513	0.417598	0.344392	0.576538	4.27351e-05	5.84353e-05	4.02327e-05	2
0.02	0.0336513	0.417598	0.344392	0.576538	4.26869e-05	5.83812e-05	4.0532e-05	2
0.021	0.0336513	0.417598	0.344392	0.576538	4.26422e-05	5.83248e-05	4.07963e-05	2
0.022	0.0336513	0.417598	0.344392	0.576538	4.26088e-05	5.82232e-05	4.10874e-05	2
0.023	0.0336513	0.417598	0.344392	0.576538	4.25787e-05	5.81203e-05	4.13529e-05	2
0.024	0.0336513	0.417598	0.344392	0.576538	4.25502e-05	5.80256e-05	4.15932e-05	2
0.025	0.0336513	0.417598	0.344392	0.576538	4.25117e-05	5.80108e-05	4.18305e-05	2
0.026	0.0336513	0.417598	0.344392	0.576538	4.24631e-05	5.79686e-05	4.22382e-05	2
0.027	0.0336513	0.417598	0.344392	0.576538	4.24172e-05	5.7921e-05	4.26348e-05	2
0.028	0.0336513	0.417598	0.344392	0.576538	4.23755e-05	5.7872e-05	4.29985e-05	2
0.029	0.0336513	0.417598	0.344392	0.576538	4.234e-05	5.78383e-05	4.33227e-05	2
0.03	0.0336513	0.417598	0.344392	0.576538	4.23079e-05	5.78039e-05	4.362e-05	2
0.031	0.0336513	0.417598	0.344392	0.576538	4.22791e-05	5.77691e-05	4.38936e-05	2
0.032	0.0336513	0.417598	0.344392	0.576538	4.22509e-05	5.77245e-05	4.41548e-05	2
0.033	0.0336513	0.417598	0.344392	0.576538	4.2217e-05	5.76417e-05	4.45646e-05	2
0.034	0.0336513	0.417598	0.344392	0.576538	4.21859e-05	5.75578e-05	4.4962e-05	2
0.035	0.0336513	0.417598	0.344392	0.576538	4.21585e-05	5.74754e-05	4.53338e-05	2
0.036	0.0336513	0.417598	0.344392	0.576538	4.21343e-05	5.73945e-05	4.5682e-05	2
0.037	0.0336513	0.417598	0.344392	0.576538	4.21115e-05	5.73253e-05	4.60128e-05	2
0.038	0.0336513	0.417598	0.344392	0.576538	4.20861e-05	5.72842e-05	4.63333e-05	2
0.039	0.0336513	0.417598	0.344392	0.576538	4.20553e-05	5.72325e-05	4.67599e-05	2
0.04	0.0336513	0.417598	0.344392	0.576538	4.20262e-05	5.71727e-05	4.7216e-05	2
0.041	0.0336513	0.417598	0.344392	0.576538	4.20013e-05	5.71134e-05	4.76483e-05	2
0.042	0.0336513	0.417598	0.344392	0.576538	4.19809e-05	5.7052e-05	4.80591e-05	2
0.043	0.0336513	0.417598	0.344392	0.576538	4.19644e-05	5.69767e-05	4.84584e-05	2
0.044	0.0336513	0.417598	0.344392	0.576538	4.19493e-05	5.68961e-05	4.88808e-05	2
0.045	0.0336513	0.417598	0.344392	0.576538	4.19304e-05	5.67965e-05	4.94203e-05	2
0.046	0.0336513	0.417598	0.344392	0.576538	4.19133e-05	5.67028e-05	4.99305e-05	2
0.047	0.0336513	0.417598	0.344392	0.576538	4.19005e-05	5.66113e-05	5.04185e-05	2
0.048	0.0336513	0.417598	0.344392	0.576538	4.18919e-05	5.6522e-05	5.08862e-05	2
0.049	0.0336513	0.417598	0.344392	0.576538	4.18835e-05	5.64191e-05	5.14229e-05	2
0.05	0.0336513	0.417598	0.344392	0.576538	4.18725e-05	5.63119e-05	5.20439e-05	2
0.051	0.0336513	0.417598	0.344392	0.576538	4.18636e-05	5.62184e-05	5.26449e-05	2
0.052	0.0336513	0.417598	0.344392	0.576538	4.18584e-05	5.61203e-05	5.32266e-05	2
0.053	0.0336513	0.417598	0.344392	0.576538	4.18516e-05	5.60002e-05	5.38636e-05	2
0.054	0.0336513	0.417598	0.344392	0.576538	4.18443e-05	5.58576e-05	5.46103e-05	2
0.055	0.0336513	0.417598	0.344392	0.576538	4.18421e-05	5.572e-05	5.53303e-05	2
0.056	0.0336513	0.417598	0.344392	0.576538	4.18427e-05	5.55879e-05	5.60195e-05	2
0.057	0.0336513	0.417598	0.344392	0.576538	4.18386e-05	5.54148e-05	5.68877e-05	2
0.058	0.0336513	0.417598	0.344392	0.576538	4.18394e-05	5.52416e-05	5.77572e-05	2
0.059	0.0336513	0.417598	0.344392	0.576538	4.18441e-05	5.50763e-05	5.85971e-05	2
0.06	0.0336513	0.417598	0.344392	0.576538	4.18366e-05	5.48495e-05	5.96552e-05	2
0.061	0.0336513	0.417598	0.344392	0.576538	4.18375e-05	5.46304e-05	6.06883e-05	2
0.062	0.0336513	0.417598	0.344392	0.576538	4.18227e-05	5.43303e-05	6.18768e-05	2
0.063	0.0336513	0.417598	0.344392	0.576538	4.18016e-05	5.40262e-05	6.31297e-05	2
0.064	0.0336513	0.417598	0.344392	0.576538	4.17307e-05	5.35931e-05	6.44968e-05	2
0.065	0.0336513	0.417598	0.344392	0.576538	4.16261e-05	5.30772e-05	6.58257e-05	2
0.066	0.0336513	0.417598	0.344392	0.576538	4.1498e-05	5.25152e-05	6.70357e-05	2
0.067	0.0336513	0.417598	0.344392	0.576538	4.13713e-05	5.19577e-05	6.81626e-05	2
0.068	0.0336513	0.417598	0.344392	0.576538	4.12509e-05	5.13953e-05	6.9301e-05	2
0.069	0.0336513	0.417598	0.344392	0.576538	4.11297e-05	5.08175e-05	7.04653e-05	2
0.07	0.0336513	0.417598	0.344392	0.576538	4.10076e-05	5.02101e-05	7.16987e-05	2
0.071	0.0336513	0.417598	0.344392	0.576538	4.08778e-05	4.95436e-05	7.30383e-05	2
0.072	0.0336513	0.417598	0.344392	0.576538	4.07345e-05	4.88058e-05	7.45254e-05	2
0.073	0.0336513	0.417598	0.344392	0.576538	4.0533e-05	4.79006e-05	7.6204e-05	2
0.074	0.0336513	0.417598	0.344392	0.576538	4.02231e-05	4.67793e-05	7.77134e-05	2
0.075	0.0336513	0.417598	0.344392	0.576538	3.98828e-05	4.564e-05	7.89199e-05	2
0.076	0.0336513	0.417598	0.344392	0.576538	3.95296e-05	4.45391e-05	7.99329e-05	2
0.077	0.0336513	0.417598	0.344392	0.576538	3.91743e-05	4.34465e-05	8.08405e-05	2
0.078	0.0336513	0.417598	0.344392	0.576538	3.88126e-05	4.23512e-05	8.16728e-05	2
0.079	0.0336513	0.417598	0.344392	0.576538	3.84375e-05	4.12433e-05	8.2428e-05	2
0.08	0.0336513	0.417598	0.344392	0.576538	3.80475e-05	4.01377e-05	8.30724e-05	2
0.081	0.0336513	0.417598	0.344392	0.576538	3.76451e-05	3.90506e-05	8.35844e-05	2
0.082	0.0336513	0.417598	0.344392	0.576538	3.72348e-05	3.79954e-05	8.39674e-05	2
0.083	0.0336513	0.417598	0.344392	0.576538	3.6814e-05	3.699e-05	8.41758e-05	2
0.084	0.0336513	0.417598	0.344392	0.576538	3.63936e-05	3.60898e-05	8.40999e-05	2
0.085	0.0336513	0.417598	0.344392	0.576538	3.60249e-05	3.53685e-05	8.38239e-05	2
0.086	0.0336513	0.417598	0.344392	0.576538	3.56943e-05	3.47566e-05	8.35217e-05	2
0.087	0.0336513	0.417598	0.344392	0.576538	3.53858e-05	3.42156e-05	8.32318e-05	2
0.088	0.0336513	0.417598	0.344392	0.576538	3.50813e-05	3.37368e-05	8.29557e-05	2
0.089	0.0336513	0.417598	0.344392	0.576538	3.47686e-05	3.33064e-05	8.26915e-05	2
0.09	0.0336513	0.417598	0.344392	0.576538	3.44373e-05	3.29446e-05	8.22842e-05	2
0.091	0.0336513	0.417598	0.344392	0.576538	3.41365e-05	3.27493e-05	8.16437e-05	2
0.092	0.0336513	0.417598	0.344392	0.576538	3.38806e-05	3.26798e-05	8.09243e-05	2
0.093	0.0336513	0.417598	0.344392	0.576538	3.36579e-05	3.2689e-05	8.02012e-05	2
0.094	0.0336513	0.417598	0.344392	0.576538	3.34561e-05	3.27542e-05	7.94887e-05	2
0.095	0.0336513	0.417598	0.344392	0.576538	3.32707e-05	3.28607e-05	7.87968e-05	2
0.096	0.0336513	0.417598	0.344392	0.576538	3.3095e-05	3.30051e-05	7.81127e-05	2
0.097	0.0336513	0.417598	0.344392	0.576538	3.29278e-05	3.31815e-05	7.74429e-05	2
0.098	0.0336513	0.417598	0.344392	0.576538	3.27663e-05	3.33867e-05	7.67857e-05	2
0.099	0.0336513	0.417598	0.344392	0.576538	3.26046e-05	3.36264e-05	7.61173e-05	2
0.1	0.0336513	0.417598	0.344392	0.576538	3.24393e-05	3.39362e-05	7.53793e-05	2
0.101	0.0336513	0.417598	0.344392	0.576538	3.22771e-05	3.43422e-05	7.45253e-05	2
0.102	0.0336513	0.417598	0.344392	0.576538	3.21538e-05	3.48065e-05	7.35941e-05	2
0.103	0.0336513	0.417598	0.344392	0.576538	3.20401e-05	3.52889e-05	7.26635e-05	2
0.104	0.0336513	0.417598	0.344392	0.576538	3.19502e-05	3.57735e-05	7.1765e-05	2
0.105	0.0336513	0.417598	0.344392	0.576538	3.18747e-05	3.62584e-05	7.08921e-05	2
0.106	0.0336513	0.417598	0.344392	0.576538	3.17983e-05	3.67457e-05	7.004e-05	2
0.107	0.0336513	0.417598	0.344392	0.576538	3.17424e-05	3.72213e-05	6.92266e-05	2
0.108	0.0336513	0.417598	0.344392	0.576538	3.16912e-05	3.7695e-05	6.84342e-05	2
0.109	0.0336513	0.417598	0.344392	0.576538	3.16379e-05	3.81689e-05	6.76547e-05	2
0.11	0.0336513	0.417598	0.344392	0.576538	3.16143e-05	3.86295e-05	6.69315e-05	2
0.111	0.0336513	0.417598	0.344392	0.576538	3.15527e-05	3.90868e-05	6.61708e-05	2
0.112	0.0336513	0.417598	0.344392	0.576538	3.15058e-05	3.956e-05	6.54449e-05	2
0.113	0.0336513	0.417598	0.344392	0.576538	3.14552e-05	4.00368e-05	6.47279e-05	2
0.114	0.0336513	0.417598	0.344392	0.576538	3.14033e-05	4.05109e-05	6.40211e-05	2
0.115	0.0336513	0.417598	0.344392	0.576538	3.13658e-05	4.09643e-05	6.33484e-05	2
0.116	0.0336513	0.417598	0.344392	0.576538	3.13276e-05	4.14141e-05	6.26871e-05	2
0.117	0.0336513	0.417598	0.344392	0.576538	3.12887e-05	4.18607e-05	6.20366e-05	2
0.118	0.0336513	0.417598	0.344392	0.576538	3.1249e-05	4.2303e-05	6.13967e-05	2
0.119	0.0336513	0.417598	0.344392	0.576538	3.12125e-05	4.27362e-05	6.07732e-05	2
0.12	0.0336513	0.417598	0.344392	0.576538	3.11846e-05	4.31537e-05	6.01731e-05	2
0.121	0.0336513	0.417598	0.344392	0.576538	3.11557e-05	4.35684e-05	5.95812e-05	2
0.122	0.0336513	0.417598	0.344392	0.576538	3.11241e-05	4.39847e-05	5.89941e-05	2
0.123	0.0336513	0.417598	0.344392	0.576538	3.10805e-05	4.44181e-05	5.83995e-05	2
0.124	0.0336513	0.417598	0.344392	0.576538	3.10325e-05	4.4855e-05	5.7809e-05	2
0.125	0.0336513	0.417598	0.344392	0.576538	3.09935e-05	4.52742e-05	5.72404e-05	2
0.126	0.0336513	0.417598	0.344392	0.576538	3.09551e-05	4.56861e-05	5.66816e-05	2
0.127	0.0336513	0.417598	0.344392	0.576538	3.09157e-05	4.60939e-05	5.61293e-05	2
0.128	0.0336513	0.417598	0.344392	0.576538	3.08749e-05	4.64984e-05	5.55825e-05	2
0.129	0.0336513	0.417598	0.344392	0.576538	3.08337e-05	4.68987e-05	5.50432e-05	2
0.13	0.0336513	0.417598	0.344392	0.576538	3.07921e-05	4.72952e-05	5.45113e-05	2
0.131	0.0336513	0.417598	0.344392	0.576538	3.07592e-05	4.76735e-05	5.40015e-05	2
0.132	0.0336513	0.417598	0.344392	0.576538	3.07273e-05	4.8046e-05	5.35004e-05	2
0.133	0.0336513	0.417598	0.344392	0.576538	3.06926e-05	4.84189e-05	5.3003e-05	2
0.134	0.0336513	0.417598	0.344392	0.576538	3.06447e-05	4.88112e-05	5.24974e-05	2
0.135	0.0336513	0.417598	0.344392	0.576538	3.05967e-05	4.91987e-05	5.19985e-05	2
0.136	0.0336513	0.417598	0.344392	0.576538	3.05479e-05	4.95815e-05	5.15047e-05	2
0.137	0.0336513	0.417598	0.344392	0.576538	3.05007e-05	4.99564e-05	5.10191e-05	2
0.138	0.0336513	0.417598	0.344392	0.576538	3.04589e-05	5.03189e-05	5.05469e-05	2
0.139	0.0336513	0.417598	0.344392	0.576538	3.04171e-05	5.06769e-05	5.00807e-05	2
0.14	0.0336513	0.417598	0.344392	0.576538	3.03753e-05	5.10307e-05	4.96203e-05	2
0.141	0.0336513	0.417598	0.344392	0.576538	3.03322e-05	5.13799e-05	4.91632e-05	2
0.142	0.0336513	0.417598	0.344392	0.576538	3.02885e-05	5.17247e-05	4.87109e-05	2
0.143	0.0336513	0.417598	0.344392	0.576538	3.02437e-05	5.20676e-05	4.82629e-05	2
0.144	0.0336513	0.417598	0.344392	0.576538	3.01863e-05	5.24267e-05	4.78076e-05	2
0.145	0.0336513	0.417598	0.344392	0.576538	3.01352e-05	5.2772e-05	4.73666e-05	2
0.146	0.0336513	0.417598	0.344392	0.576538	3.00845e-05	5.31126e-05	4.69315e-05	2
0.147	0.0336513	0.417598	0.344392	0.576538	3.00342e-05	5.34487e-05	4.65018e-05	2
0.148	0.0336513	0.417598	0.344392	0.576538	2.99841e-05	5.37805e-05	4.60774e-05	2
0.149	0.0336513	0.417598	0.344392	0.576538	2.9933e-05	5.41093e-05	4.56562e-05	2
0.15	0.0336513	0.417598	0.344392	0.576538	2.98801e-05	5.44354e-05	4.52366e-05	2
0.151	0.0336513	0.417598	0.344392	0.576538	2.98277e-05	5.47574e-05	4.48221e-05	2
0.152	0.0336513	0.417598	0.344392	0.576538	2.97782e-05	5.50714e-05	4.44168e-05	2
0.153	0.0336513	0.417598	0.344392	0.576538	2.97254e-05	5.53865e-05	4.40153e-05	2
0.154	0.0336513	0.417598	0.344392	0.576538	2.96655e-05	5.57081e-05	4.36114e-05	2
0.155	0.0336513	0.417598	0.344392	0.576538	2.96048e-05	5.60252e-05	4.32099e-05	2
0.156	0.0336513	0.417598	0.344392	0.576538	2.95447e-05	5.63379e-05	4.28135e-05	2
0.157	0.0336513	0.417598	0.344392	0.576538	2.94852e-05	5.66466e-05	4.24219e-05	2
0.158	0.0336513	0.417598	0.344392	0.576538	2.94263e-05	5.69512e-05	4.20352e-05	2
0.159	0.0336513	0.417598	0.344392	0.576538	2.9368e-05	5.72518e-05	4.16531e-05	2
0.16	0.0336513	0.417598	0.344392	0.576538	2.93114e-05	5.75471e-05	4.1277e-05	2
0.161	0.0336513	0.417598	0.344392	0.576538	2.9259e-05	5.78341e-05	4.09093e-05	2
0.162	0.0336513	0.417598	0.344392	0.576538	2.92009e-05	5.81256e-05	4.05405e-05	2
0.163	0.0336513	0.417598	0.344392	0.576538	2.91332e-05	5.84258e-05	4.01661e-05	2
0.164	0.0336513	0.417598	0.344392	0.576538	2.90656e-05	5.87211e-05	3.97954e-05	2
0.165	0.0336513	0.417598	0.344392	0.576538	2.49681e-05	3.81866e-05	2.49681e-05	3
0.166	0.0336513	0.417598	0.344392	0.576538	2.89333e-05	5.92992e-05	3.90678e-05	3
0.167	0.0336513	0.417598	0.344392	0.576538	2.88685e-05	5.95824e-05	3.87106e-05	2
0.168	0.0336513	0.417598	0.344392	0.576538	2.88041e-05	5.98614e-05	3.83571e-05	2
0.169	0.0336513	0.417598	0.344392	0.576538	2.87428e-05	6.01331e-05	3.80101e-05	2
0.17	0.0336513	0.417598	0.344392	0.576538	2.86842e-05	6.03993e-05	3.76694e-05	2
0.171	0.0336513	0.417598	0.344392	0.576538	2.86151e-05	6.06745e-05	3.73236e-05	2
0.172	0.0336513	0.417598	0.344392	0.576538	2.85434e-05	6.09497e-05	3.69792e-05	2
0.173	0.0336513	0.417598	0.344392	0.576538	2.84728e-05	6.12211e-05	3.66392e-05	2
0.174	0.0336513	0.417598	0.344392	0.576538	2.84035e-05	6.14887e-05	3.63035e-05	2
0.175	0.0336513	0.417598	0.344392	0.576538	2.83354e-05	6.17525e-05	3.5972e-05	2
0.176	0.0336513	0.417598	0.344392	0.576538	2.82684e-05	6.20128e-05	3.56445e-05	2
0.177	0.0336513	0.417598	0.344392	0.576538	2.82011e-05	6.22698e-05	3.53187e-05	2
0.178	0.0336513	0.417598	0.344392	0.576538	2.81369e-05	6.2521e-05	3.49989e-05	2
0.179	0.0336513	0.417598	0.344392	0.576538	2.80645e-05	6.27803e-05	3.46763e-05	2
0.18	0.0336513	0.417598	0.344392	0.576538	2.79857e-05	6.30455e-05	3.43516e-05	2
0.181	0.0336513	0.417598	0.344392	0.576538	2.79083e-05	6.33068e-05	3.40312e-05	2
0.182	0.0336513	0.417598	0.344392	0.576538	2.78316e-05	6.35637e-05	3.37134e-05	2
0.183	0.0336513	0.417598	0.344392	0.576538	2.77564e-05	6.38164e-05	3.33992e-05	2
0.184	0.0336513	0.417598	0.344392	0.576538	2.76826e-05	6.40658e-05	3.30889e-05	2
0.185	0.0336513	0.417598	0.344392	0.576538	2.76103e-05	6.43118e-05	3.27827e-05	2
0.186	0.0336513	0.417598	0.344392	0.576538	2.75395e-05	6.45543e-05	3.24803e-05	2
0.187	0.0336513	0.417598	0.344392	0.576538	2.74524e-05	6.48103e-05	3.21694e-05	2
0.188	0.0336513	0.417598	0.344392	0.576538	2.73682e-05	6.50614e-05	3.18647e-05	2
0.189	0.0336513	0.417598	0.344392	0.576538	2.72863e-05	6.53085e-05	3.15646e-05	2
0.19	0.0336513	0.417598	0.344392	0.576538	2.72061e-05	6.55516e-05	3.12681e-05	2
0.191	0.0336513	0.417598	0.344392	0.576538	2.71263e-05	6.57913e-05	3.09732e-05	2
0.192	0.0336513	0.417598	0.344392	0.576538	2.70484e-05	6.60277e-05	3.06824e-05	2
0.193	0.0336513	0.417598	0.344392	0.576538	2.69723e-05	6.62609e-05	3.03955e-05	2
0.194	0.0336513	0.417598	0.344392	0.576538	2.6883e-05	6.65023e-05	3.01031e-05	2
0.195	0.0336513	0.417598	0.344392	0.576538	2.67894e-05	6.67443e-05	2.98107e-05	2
0.196	0.0336513	0.417598	0.344392	0.576538	2.66977e-05	6.69824e-05	2.95218e-05	2
0.197	0.0336513	0.417598	0.344392	0.576538	2.66083e-05	6.72174e-05	2.92371e-05	2
0.198	0.0336513	0.417598	0.344392	0.576538	2.65248e-05	6.7446e-05	2.89602e-05	2
0.199	0.0336513	0.417598	0.344392	0.576538	2.64444e-05	6.76711e-05	2.8688e-05	2
0.2	0.0336513	0.417598	0.344392	0.576538	2.63631e-05	6.78956e-05	2.84179e-05	2
0.201	0.0336513	0.417598	0.344392	0.576538	2.62614e-05	6.81348e-05	2.81384e-05	2
0.202	0.0336513	0.417598	0.344392	0.576538	2.61626e-05	6.83703e-05	2.78634e-05	2
0.203	0.0336513	0.417598	0.344392	0.576538	2.60667e-05	6.86025e-05	2.75929e-05	2
0.204	0.0336513	0.417598	0.344392	0.576538	2.59733e-05	6.88309e-05	2.7326e-05	2
0.205	0.0336513	0.417598	0.344392	0.576538	2.58826e-05	6.90559e-05	2.70629e-05	2
0.206	0.0336513	0.417598	0.344392	0.576538	2.57922e-05	6.92793e-05	2.68029e-05	2
0.207	0.0336513	0.417598	0.344392	0.576538	2.56817e-05	6.95127e-05	2.65356e-05	2
0.208	0.0336513	0.417598	0.344392	0.576538	2.55758e-05	6.97422e-05	2.62739e-05	2
0.209	0.0336513	0.417598	0.344392	0.576538	2.54751e-05	6.9966e-05	2.60181e-05	2
0.21	0.0336513	0.417598	0.344392	0.576538	2.5378e-05	7.01867e-05	2.57667e-05	2
0.211	0.0336513	0.417598	0.344392	0.576538	2.52843e-05	7.04048e-05	2.55197e-05	2
0.212	0.0336513	0.417598	0.344392	0.576538	2.51731e-05	7.0631e-05	2.52675e-05	2
0.213	0.0336513	0.417598	0.344392	0.576538	2.50573e-05	7.08586e-05	2.50166e-05	2
0.214	0.0336513	0.417598	0.344392	0.576538	2.49462e-05	7.10829e-05	2.47708e-05	2
0.215	0.0336513	0.417598	0.344392	0.576538	2.48393e-05	7.13043e-05	2.45297e-05	2
0.216	0.0336513	0.417598	0.344392	0.576538	2.47364e-05	7.15227e-05	2.42933e-05	2
0.217	0.0336513	0.417598	0.344392	0.576538	2.46067e-05	7.17513e-05	2.40496e-05	2
0.218	0.0336513	0.417598	0.344392	0.576538	2.44782e-05	7.19771e-05	2.38088e-05	2
0.219	0.0336513	0.417598	0.344392	0.576538	2.43552e-05	7.21999e-05	2.35731e-05	2
0.22	0.0336513	0.417598	0.344392	0.576538	2.4244e-05	7.24257e-05	2.33539e-05	2
0.221	0.0336513	0.417598	0.344392	0.576538	2.40996e-05	7.26442e-05	2.31126e-05	2
0.222	0.0336513	0.417598	0.344392	0.576538	2.39558e-05	7.28688e-05	2.28829e-05	2
0.223	0.0336513	0.417598	0.344392	0.576538	2.38184e-05	7.30902e-05	2.26586e-05	2
0.224	0.0336513	0.417598	0.344392	0.576538	2.36755e-05	7.33105e-05	2.24372e-05	2
0.225	0.0336513	0.417598	0.344392	0.576538	2.35021e-05	7.35317e-05	2.22135e-05	2
0.226	0.0336513	0.417598	0.344392	0.576538	2.33374e-05	7.3751e-05	2.19965e-05	2
0.227	0.0336513	0.417598	0.344392	0.576538	2.31551e-05	7.39641e-05	2.17826e-05	2
0.228	0.0336513	0.417598	0.344392	0.576538	2.29418e-05	7.41691e-05	2.15709e-05	2
0.229	0.0336513	0.417598	0.344392	0.576538	2.27216e-05	7.43558e-05	2.1369e-05	2
0.23	0.0336513	0.417598	0.344392	0.576538	2.24418e-05	7.44758e-05	2.11821e-05	2
0.231	0.0336513	0.417598	0.344392	0.576538	2.21472e-05	7.45357e-05	2.10173e-05	2
0.232	0.0336513	0.417598	0.344392	0.576538	2.18553e-05	7.45644e-05	2.0868e-05	2
0.233	0.0336513	0.417598	0.344392	0.576538	2.1575e-05	7.4586e-05	2.07287e-05	2
0.234	0.0336513	0.417598	0.344392	0.576538	2.13006e-05	7.46084e-05	2.05965e-05	2
0.235	0.0336513	0.417598	0.344392	0.576538	2.10281e-05	7.46309e-05	2.0471e-05	2
0.236	0.0336513	0.417598	0.344392	0.576538	2.07522e-05	7.46516e-05	2.03515e-05	2
0.237	0.0336513	0.417598	0.344392	0.576538	2.04711e-05	7.46713e-05	2.02395e-05	2
0.238	0.0336513	0.417598	0.344392	0.576538	2.01792e-05	7.46851e-05	2.01357e-05	2
0.239	0.0336513	0.417598	0.344392	0.576538	1.98638e-05	7.4684e-05	2.00421e-05	2
0.24	0.0336513	0.417598	0.344392	0.576538	1.95083e-05	7.46408e-05	1.99648e-05	2
0.241	0.0336513	0.417598	0.344392	0.576538	1.91155e-05	7.45171e-05	1.99117e-05	2
0.242	0.0336513	0.417598	0.344392	0.576538	1.87449e-05	7.43635e-05	1.9871e-05	2
0.243	0.0336513	0.417598	0.344392	0.576538	1.83947e-05	7.42251e-05	1.98347e-05	2
0.244	0.0336513	0.417598	0.344392	0.576538	1.80529e-05	7.40974e-05	1.98036e-05	2
0.245	0.0336513	0.417598	0.344392	0.576538	1.77055e-05	7.39742e-05	1.97781e-05	2
0.246	0.0336513	0.417598	0.344392	0.576538	1.73368e-05	7.38413e-05	1.97615e-05	2
0.247	0.0336513	0.417598	0.344392	0.576538	1.69206e-05	7.36516e-05	1.97632e-05	2
0.248	0.0336513	0.417598	0.344392	0.576538	1.64908e-05	7.34011e-05	1.97795e-05	2
0.249	0.0336513	0.417598	0.344392	0.576538	1.60637e-05	7.31244e-05	1.98028e-05	2
0.25	0.0336513	0.417598	0.344392	0.576538	1.56416e-05	7.28327e-05	1.98304e-05	2
0.251	0.0336513	0.417598	0.344392	0.576538	1.52255e-05	7.25262e-05	1.98616e-05	2
0.252	0.0336513	0.417598	0.344392	0.576538	1.4818e-05	7.22103e-05	1.98946e-05	2
0.253	0.0336513	0.417598	0.344392	0.576538	1.44205e-05	7.18912e-05	1.99275e-05	2
0.254	0.0336513	0.417598	0.344392	0.576538	1.40277e-05	7.15682e-05	1.99611e-05	2
0.255	0.0336513	0.417598	0.344392	0.576538	1.36328e-05	7.12339e-05	1.99967e-05	2
0.256	0.0336513	0.417598	0.344392	0.576538	1.32288e-05	7.08712e-05	2.00395e-05	2
0.257	0.0336513	0.417598	0.344392	0.576538	1.28156e-05	7.0459e-05	2.0087e-05	2
0.258	0.0336513	0.417598	0.344392	0.576538	1.24536e-05	7.00276e-05	2.01257e-05	2
0.259	0.0336513	0.417598	0.344392	0.576538	1.21504e-05	6.96453e-05	2.01504e-05	2
0.26	0.0336513	0.417598	0.344392	0.576538	1.18751e-05	6.92981e-05	2.01677e-05	2
0.261	0.0336513	0.417598	0.344392	0.576538	1.16177e-05	6.89763e-05	2.01776e-05	2
0.262	0.0336513	0.417598	0.344392	0.576538	1.13712e-05	6.86723e-05	2.01839e-05	2
0.263	0.0336513	0.417598	0.344392	0.576538	1.113e-05	6.83787e-05	2.01888e-05	2
0.264	0.0336513	0.417598	0.344392	0.576538	1.08896e-05	6.80908e-05	2.01929e-05	2
0.265	0.0336513	0.417598	0.344392	0.576538	1.06419e-05	6.77908e-05	2.01987e-05	2
0.266	0.0336513	0.417598	0.344392	0.576538	1.03971e-05	6.74702e-05	2.02044e-05	2
0.267	0.0336513	0.417598	0.344392	0.576538	1.01701e-05	6.71425e-05	2.02065e-05	2
0.268	0.0336513	0.417598	0.344392	0.576538	9.9864e-06	6.68345e-05	2.01999e-05	2
0.269	0.0336513	0.417598	0.344392	0.576538	9.81411e-06	6.65387e-05	2.01929e-05	2
0.27	0.0336513	0.417598	0.344392	0.576538	9.66968e-06	6.6271e-05	2.01784e-05	2
0.271	0.0336513	0.417598	0.344392	0.576538	9.5206e-06	6.59999e-05	2.01644e-05	2
0.272	0.0336513	0.417598	0.344392	0.576538	9.40408e-06	6.577e-05	2.01421e-05	2
0.273	0.0336513	0.417598	0.344392	0.576538	9.28361e-06	6.55367e-05	2.01202e-05	2
0.274	0.0336513	0.417598	0.344392	0.576538	9.16288e-06	6.53051e-05	2.00976e-05	2
0.275	0.0336513	0.417598	0.344392	0.576538	9.06575e-06	6.5107e-05	2.00685e-05	2
0.276	0.0336513	0.417598	0.344392	0.576538	8.96573e-06	6.49057e-05	2.00409e-05	2
0.277	0.0336513	0.417598	0.344392	0.576538	8.86241e-06	6.47011e-05	2.00138e-05	2
0.278	0.0336513	0.417598	0.344392	0.576538	8.77264e-06	6.45175e-05	1.99828e-05	2
0.279	0.0336513	0.417598	0.344392	0.576538	8.69094e-06	6.43444e-05	1.99505e-05	2
0.28	0.0336513	0.417598	0.344392	0.576538	8.60725e-06	6.41687e-05	1.99187e-05	2
0.281	0.0336513	0.417598	0.344392	0.576538	8.52134e-06	6.39898e-05	1.98877e-05	2
0.282	0.0336513	0.417598	0.344392	0.576538	8.44564e-06	6.38262e-05	1.98545e-05	2
0.283	0.0336513	0.417598	0.344392	0.576538	8.37794e-06	6.36758e-05	1.98184e-05	2
0.284	0.0336513	0.417598	0.344392	0.576538	8.30764e-06	6.35228e-05	1.9782e-05	2
0.285	0.0336513	0.417598	0.344392	0.576538	8.23461e-06	6.33671e-05	1.97454e-05	2
0.286	0.0336513	0.417598	0.344392	0.576538	8.15875e-06	6.32085e-05	1.97085e-05	2
0.287	0.0336513	0.417598	0.344392	0.576538	8.09621e-06	6.3072e-05	1.96671e-05	2
0.288	0.0336513	0.417598	0.344392	0.576538	8.03611e-06	6.29407e-05	1.9624e-05	2
0.289	0.0336513	0.417598	0.344392	0.576538	7.97625e-06	6.28073e-05	1.9584e-05	2
0.29	0.0336513	0.417598	0.344392	0.576538	7.91576e-06	6.26714e-05	1.95471e-05	2
0.291	0.0336513	0.417598	0.344392	0.576538	7.85267e-06	6.25326e-05	1.951e-05	2
0.292	0.0336513	0.417598	0.344392	0.576538	7.79263e-06	6.24002e-05	1.94709e-05	2
0.293	0.0336513	0.417598	0.344392	0.576538	7.74418e-06	6.22874e-05	1.94281e-05	2
0.294	0.0336513	0.417598	0.344392	0.576538	7.69515e-06	6.21724e-05	1.93863e-05	2
0.295	0.0336513	0.417598	0.344392	0.576538	7.64437e-06	6.20548e-05	1.93446e-05	2
0.296	0.0336513	0.417598	0.344392	0.576538	7.59101e-06	6.19343e-05	1.93021e-05	2
0.297	0.0336513	0.417598	0.344392	0.576538	7.53495e-06	6.18107e-05	1.92587e-05	2
0.298	0.0336513	0.417598	0.344392	0.576538	7.47759e-06	6.16864e-05	1.92139e-05	2
0.299	0.0336513	0.417598	0.344392	0.576538	7.43582e-06	6.15856e-05	1.91664e-05	2
0.3	0.0336513	0.417598	0.344392	0.576538	7.39457e-06	6.14834e-05	1.91221e-05	2
