# Initial no freqs: 1
# Initial no harmonics: 1
# LO frequency set up
# Setting bias
# IF frequency set up
# USB frequency set up
# LSB frequency set up
# Vdc[n-1]: 2.93441 vGap: 1
# starting normalisation at 2.73046
# Response function set
# 
# Mixer currents curve
# IF Freq | Unpumped DC | KK | DC Current | Pump Current | IF Current | Signal Current | Image Current | DC dynamic impedance | Iterations
0.001	0.0391529	0.504493	0.252267	0.681149	1.85816e-05	9.7973e-06	4.54053e-05	2
0.002	0.0391529	0.504493	0.252267	0.681149	1.85758e-05	9.86362e-06	4.53229e-05	2
0.003	0.0391529	0.504493	0.252267	0.681149	1.85788e-05	9.8919e-06	4.52939e-05	2
0.004	0.0391529	0.504493	0.252267	0.681149	1.85853e-05	9.90946e-06	4.52831e-05	2
0.005	0.0391529	0.504493	0.252267	0.681149	1.85926e-05	9.93486e-06	4.52694e-05	2
0.006	0.0391529	0.504493	0.252267	0.681149	1.86008e-05	9.9602e-06	4.52557e-05	2
0.007	0.0391529	0.504493	0.252267	0.681149	1.86094e-05	9.98066e-06	4.52457e-05	2
0.008	0.0391529	0.504493	0.252267	0.681149	1.86184e-05	9.99801e-06	4.52385e-05	2
0.009	0.0391529	0.504493	0.252267	0.681149	1.86276e-05	1.00133e-05	4.52332e-05	2
0.01	0.0391529	0.504493	0.252267	0.681149	1.8637e-05	1.00284e-05	4.52225e-05	2
0.011	0.0391529	0.504493	0.252267	0.681149	1.86468e-05	1.00429e-05	4.52099e-05	2
0.012	0.0391529	0.504493	0.252267	0.681149	1.86566e-05	1.00562e-05	4.51997e-05	2
0.013	0.0391529	0.504493	0.252267	0.681149	1.86683e-05	1.00633e-05	4.51771e-05	2
0.014	0.0391529	0.504493	0.252267	0.681149	1.86815e-05	1.00661e-05	4.51452e-05	2
0.015	0.0391529	0.504493	0.252267	0.681149	1.86931e-05	1.00734e-05	4.51123e-05	2
0.016	0.0391529	0.504493	0.252267	0.681149	1.87031e-05	1.00852e-05	4.50774e-05	2
0.017	0.0391529	0.504493	0.252267	0.681149	1.8713e-05	1.00966e-05	4.50468e-05	2
0.018	0.0391529	0.504493	0.252267	0.681149	1.87229e-05	1.01077e-05	4.50201e-05	2
0.019	0.0391529	0.504493	0.252267	0.681149	1.87326e-05	1.01223e-05	4.49938e-05	2
0.02	0.0391529	0.504493	0.252267	0.681149	1.87422e-05	1.0137e-05	4.49698e-05	2
0.021	0.0391529	0.504493	0.252267	0.681149	1.87519e-05	1.01511e-05	4.4948e-05	2
0.022	0.0391529	0.504493	0.252267	0.681149	1.87615e-05	1.01647e-05	4.49282e-05	2
0.023	0.0391529	0.504493	0.252267	0.681149	1.87712e-05	1.01778e-05	4.49104e-05	2
0.024	0.0391529	0.504493	0.252267	0.681149	1.87809e-05	1.01906e-05	4.48929e-05	2
0.025	0.0391529	0.504493	0.252267	0.681149	1.87906e-05	1.02033e-05	4.48763e-05	2
0.026	0.0391529	0.504493	0.252267	0.681149	1.88004e-05	1.02157e-05	4.48613e-05	2
0.027	0.0391529	0.504493	0.252267	0.681149	1.88116e-05	1.02237e-05	4.48365e-05	2
0.028	0.0391529	0.504493	0.252267	0.681149	1.88229e-05	1.02314e-05	4.48129e-05	2
0.029	0.0391529	0.504493	0.252267	0.681149	1.88325e-05	1.02437e-05	4.47844e-05	2
0.03	0.0391529	0.504493	0.252267	0.681149	1.88422e-05	1.02558e-05	4.47579e-05	2
0.031	0.0391529	0.504493	0.252267	0.681149	1.88518e-05	1.02677e-05	4.47332e-05	2
0.032	0.0391529	0.504493	0.252267	0.681149	1.88613e-05	1.02795e-05	4.47102e-05	2
0.033	0.0391529	0.504493	0.252267	0.681149	1.88707e-05	1.02935e-05	4.46872e-05	2
0.034	0.0391529	0.504493	0.252267	0.681149	1.888e-05	1.0307e-05	4.46657e-05	2
0.035	0.0391529	0.504493	0.252267	0.681149	1.88894e-05	1.03203e-05	4.46455e-05	2
0.036	0.0391529	0.504493	0.252267	0.681149	1.88989e-05	1.03333e-05	4.46265e-05	2
0.037	0.0391529	0.504493	0.252267	0.681149	1.89084e-05	1.0346e-05	4.46086e-05	2
0.038	0.0391529	0.504493	0.252267	0.681149	1.89178e-05	1.03586e-05	4.45908e-05	2
0.039	0.0391529	0.504493	0.252267	0.681149	1.89273e-05	1.0371e-05	4.45741e-05	2
0.04	0.0391529	0.504493	0.252267	0.681149	1.89369e-05	1.03821e-05	4.45564e-05	2
0.041	0.0391529	0.504493	0.252267	0.681149	1.89468e-05	1.03911e-05	4.45352e-05	2
0.042	0.0391529	0.504493	0.252267	0.681149	1.89559e-05	1.0402e-05	4.45122e-05	2
0.043	0.0391529	0.504493	0.252267	0.681149	1.89646e-05	1.04145e-05	4.44879e-05	2
0.044	0.0391529	0.504493	0.252267	0.681149	1.89732e-05	1.04268e-05	4.44649e-05	2
0.045	0.0391529	0.504493	0.252267	0.681149	1.89819e-05	1.0439e-05	4.4443e-05	2
0.046	0.0391529	0.504493	0.252267	0.681149	1.89906e-05	1.04513e-05	4.44219e-05	2
0.047	0.0391529	0.504493	0.252267	0.681149	1.89991e-05	1.0465e-05	4.44009e-05	2
0.048	0.0391529	0.504493	0.252267	0.681149	1.90076e-05	1.04785e-05	4.43809e-05	2
0.049	0.0391529	0.504493	0.252267	0.681149	1.90163e-05	1.04918e-05	4.43618e-05	2
0.05	0.0391529	0.504493	0.252267	0.681149	1.9025e-05	1.05049e-05	4.43436e-05	2
0.051	0.0391529	0.504493	0.252267	0.681149	1.90338e-05	1.05178e-05	4.4326e-05	2
0.052	0.0391529	0.504493	0.252267	0.681149	1.90423e-05	1.05307e-05	4.43073e-05	2
0.053	0.0391529	0.504493	0.252267	0.681149	1.9051e-05	1.05433e-05	4.42895e-05	2
0.054	0.0391529	0.504493	0.252267	0.681149	1.90593e-05	1.05542e-05	4.42696e-05	2
0.055	0.0391529	0.504493	0.252267	0.681149	1.90674e-05	1.05645e-05	4.42487e-05	2
0.056	0.0391529	0.504493	0.252267	0.681149	1.90744e-05	1.05779e-05	4.42239e-05	2
0.057	0.0391529	0.504493	0.252267	0.681149	1.90815e-05	1.05911e-05	4.42001e-05	2
0.058	0.0391529	0.504493	0.252267	0.681149	1.90886e-05	1.06041e-05	4.41773e-05	2
0.059	0.0391529	0.504493	0.252267	0.681149	1.90959e-05	1.06169e-05	4.41554e-05	2
0.06	0.0391529	0.504493	0.252267	0.681149	1.9103e-05	1.06301e-05	4.4134e-05	2
0.061	0.0391529	0.504493	0.252267	0.681149	1.91101e-05	1.0644e-05	4.4113e-05	2
0.062	0.0391529	0.504493	0.252267	0.681149	1.91173e-05	1.06576e-05	4.40927e-05	2
0.063	0.0391529	0.504493	0.252267	0.681149	1.91246e-05	1.06708e-05	4.40732e-05	2
0.064	0.0391529	0.504493	0.252267	0.681149	1.91321e-05	1.06839e-05	4.40545e-05	2
0.065	0.0391529	0.504493	0.252267	0.681149	1.91396e-05	1.06968e-05	4.40365e-05	2
0.066	0.0391529	0.504493	0.252267	0.681149	1.91473e-05	1.07097e-05	4.40191e-05	2
0.067	0.0391529	0.504493	0.252267	0.681149	1.9155e-05	1.07224e-05	4.40024e-05	2
0.068	0.0391529	0.504493	0.252267	0.681149	1.91623e-05	1.07331e-05	4.39832e-05	2
0.069	0.0391529	0.504493	0.252267	0.681149	1.9169e-05	1.07453e-05	4.39624e-05	2
0.07	0.0391529	0.504493	0.252267	0.681149	1.91754e-05	1.07582e-05	4.3941e-05	2
0.071	0.0391529	0.504493	0.252267	0.681149	1.9182e-05	1.07709e-05	4.39203e-05	2
0.072	0.0391529	0.504493	0.252267	0.681149	1.91886e-05	1.07835e-05	4.39004e-05	2
0.073	0.0391529	0.504493	0.252267	0.681149	1.91954e-05	1.07961e-05	4.3881e-05	2
0.074	0.0391529	0.504493	0.252267	0.681149	1.9202e-05	1.08091e-05	4.38619e-05	2
0.075	0.0391529	0.504493	0.252267	0.681149	1.92086e-05	1.08225e-05	4.38432e-05	2
0.076	0.0391529	0.504493	0.252267	0.681149	1.92152e-05	1.08356e-05	4.38251e-05	2
0.077	0.0391529	0.504493	0.252267	0.681149	1.9222e-05	1.08484e-05	4.38076e-05	2
0.078	0.0391529	0.504493	0.252267	0.681149	1.92289e-05	1.08611e-05	4.37908e-05	2
0.079	0.0391529	0.504493	0.252267	0.681149	1.92357e-05	1.08737e-05	4.37739e-05	2
0.08	0.0391529	0.504493	0.252267	0.681149	1.92424e-05	1.08862e-05	4.3757e-05	2
0.081	0.0391529	0.504493	0.252267	0.681149	1.9249e-05	1.08979e-05	4.37397e-05	2
0.082	0.0391529	0.504493	0.252267	0.681149	1.92551e-05	1.0909e-05	4.37205e-05	2
0.083	0.0391529	0.504493	0.252267	0.681149	1.92604e-05	1.09219e-05	4.36992e-05	2
0.084	0.0391529	0.504493	0.252267	0.681149	1.92658e-05	1.09342e-05	4.36786e-05	2
0.085	0.0391529	0.504493	0.252267	0.681149	1.92713e-05	1.09464e-05	4.36586e-05	2
0.086	0.0391529	0.504493	0.252267	0.681149	1.92769e-05	1.09585e-05	4.36393e-05	2
0.087	0.0391529	0.504493	0.252267	0.681149	1.92826e-05	1.09706e-05	4.36205e-05	2
0.088	0.0391529	0.504493	0.252267	0.681149	1.92881e-05	1.09834e-05	4.36018e-05	2
0.089	0.0391529	0.504493	0.252267	0.681149	1.92935e-05	1.09963e-05	4.35835e-05	2
0.09	0.0391529	0.504493	0.252267	0.681149	1.9299e-05	1.1009e-05	4.35659e-05	2
0.091	0.0391529	0.504493	0.252267	0.681149	1.93047e-05	1.10217e-05	4.35488e-05	2
0.092	0.0391529	0.504493	0.252267	0.681149	1.93105e-05	1.10343e-05	4.35323e-05	2
0.093	0.0391529	0.504493	0.252267	0.681149	1.93163e-05	1.10468e-05	4.35161e-05	2
0.094	0.0391529	0.504493	0.252267	0.681149	1.93222e-05	1.10592e-05	4.35005e-05	2
0.095	0.0391529	0.504493	0.252267	0.681149	1.93278e-05	1.10706e-05	4.34838e-05	2
0.096	0.0391529	0.504493	0.252267	0.681149	1.93319e-05	1.10827e-05	4.34644e-05	2
0.097	0.0391529	0.504493	0.252267	0.681149	1.93358e-05	1.10951e-05	4.34449e-05	2
0.098	0.0391529	0.504493	0.252267	0.681149	1.93397e-05	1.11073e-05	4.3426e-05	2
0.099	0.0391529	0.504493	0.252267	0.681149	1.93438e-05	1.11189e-05	4.34076e-05	2
0.1	0.0391529	0.504493	0.252267	0.681149	1.9348e-05	1.11306e-05	4.33897e-05	2
0.101	0.0391529	0.504493	0.252267	0.681149	1.93523e-05	1.11422e-05	4.33723e-05	2
0.102	0.0391529	0.504493	0.252267	0.681149	1.93564e-05	1.11544e-05	4.33551e-05	2
0.103	0.0391529	0.504493	0.252267	0.681149	1.93605e-05	1.11665e-05	4.33383e-05	2
0.104	0.0391529	0.504493	0.252267	0.681149	1.93648e-05	1.11786e-05	4.33221e-05	2
0.105	0.0391529	0.504493	0.252267	0.681149	1.93692e-05	1.11905e-05	4.33064e-05	2
0.106	0.0391529	0.504493	0.252267	0.681149	1.93737e-05	1.12025e-05	4.32912e-05	2
0.107	0.0391529	0.504493	0.252267	0.681149	1.93781e-05	1.12143e-05	4.32762e-05	2
0.108	0.0391529	0.504493	0.252267	0.681149	1.93827e-05	1.1226e-05	4.32616e-05	2
0.109	0.0391529	0.504493	0.252267	0.681149	1.93859e-05	1.1237e-05	4.32449e-05	2
0.11	0.0391529	0.504493	0.252267	0.681149	1.93874e-05	1.12486e-05	4.32265e-05	2
0.111	0.0391529	0.504493	0.252267	0.681149	1.93891e-05	1.12601e-05	4.32087e-05	2
0.112	0.0391529	0.504493	0.252267	0.681149	1.93909e-05	1.12716e-05	4.31914e-05	2
0.113	0.0391529	0.504493	0.252267	0.681149	1.93928e-05	1.12828e-05	4.31746e-05	2
0.114	0.0391529	0.504493	0.252267	0.681149	1.93949e-05	1.1294e-05	4.31582e-05	2
0.115	0.0391529	0.504493	0.252267	0.681149	1.93969e-05	1.13052e-05	4.31423e-05	2
0.116	0.0391529	0.504493	0.252267	0.681149	1.93989e-05	1.13169e-05	4.31265e-05	2
0.117	0.0391529	0.504493	0.252267	0.681149	1.94011e-05	1.13285e-05	4.31112e-05	2
0.118	0.0391529	0.504493	0.252267	0.681149	1.94034e-05	1.134e-05	4.30964e-05	2
0.119	0.0391529	0.504493	0.252267	0.681149	1.94058e-05	1.13515e-05	4.30821e-05	2
0.12	0.0391529	0.504493	0.252267	0.681149	1.94083e-05	1.13628e-05	4.30681e-05	2
0.121	0.0391529	0.504493	0.252267	0.681149	1.94107e-05	1.13739e-05	4.30544e-05	2
0.122	0.0391529	0.504493	0.252267	0.681149	1.94127e-05	1.13848e-05	4.30405e-05	2
0.123	0.0391529	0.504493	0.252267	0.681149	1.94121e-05	1.13961e-05	4.30232e-05	2
0.124	0.0391529	0.504493	0.252267	0.681149	1.94117e-05	1.14073e-05	4.30064e-05	2
0.125	0.0391529	0.504493	0.252267	0.681149	1.94114e-05	1.14184e-05	4.299e-05	2
0.126	0.0391529	0.504493	0.252267	0.681149	1.94113e-05	1.14296e-05	4.29742e-05	2
0.127	0.0391529	0.504493	0.252267	0.681149	1.94113e-05	1.14406e-05	4.29589e-05	2
0.128	0.0391529	0.504493	0.252267	0.681149	1.94114e-05	1.14516e-05	4.2944e-05	2
0.129	0.0391529	0.504493	0.252267	0.681149	1.94114e-05	1.1463e-05	4.29294e-05	2
0.13	0.0391529	0.504493	0.252267	0.681149	1.94115e-05	1.14744e-05	4.29152e-05	2
0.131	0.0391529	0.504493	0.252267	0.681149	1.94118e-05	1.14859e-05	4.29013e-05	2
0.132	0.0391529	0.504493	0.252267	0.681149	1.94122e-05	1.14973e-05	4.28879e-05	2
0.133	0.0391529	0.504493	0.252267	0.681149	1.94128e-05	1.15087e-05	4.28749e-05	2
0.134	0.0391529	0.504493	0.252267	0.681149	1.94136e-05	1.152e-05	4.28623e-05	2
0.135	0.0391529	0.504493	0.252267	0.681149	1.94144e-05	1.15313e-05	4.28501e-05	2
0.136	0.0391529	0.504493	0.252267	0.681149	1.9413e-05	1.15427e-05	4.28354e-05	2
0.137	0.0391529	0.504493	0.252267	0.681149	1.94114e-05	1.15538e-05	4.28207e-05	2
0.138	0.0391529	0.504493	0.252267	0.681149	1.94101e-05	1.15648e-05	4.28064e-05	2
0.139	0.0391529	0.504493	0.252267	0.681149	1.94089e-05	1.15759e-05	4.27925e-05	2
0.14	0.0391529	0.504493	0.252267	0.681149	1.94079e-05	1.15869e-05	4.2779e-05	2
0.141	0.0391529	0.504493	0.252267	0.681149	1.94071e-05	1.15978e-05	4.2766e-05	2
0.142	0.0391529	0.504493	0.252267	0.681149	1.94064e-05	1.16088e-05	4.27533e-05	2
0.143	0.0391529	0.504493	0.252267	0.681149	1.94056e-05	1.16202e-05	4.27407e-05	2
0.144	0.0391529	0.504493	0.252267	0.681149	1.9405e-05	1.16316e-05	4.27285e-05	2
0.145	0.0391529	0.504493	0.252267	0.681149	1.94045e-05	1.1643e-05	4.27167e-05	2
0.146	0.0391529	0.504493	0.252267	0.681149	1.94043e-05	1.16543e-05	4.27052e-05	2
0.147	0.0391529	0.504493	0.252267	0.681149	1.94041e-05	1.16657e-05	4.26941e-05	2
0.148	0.0391529	0.504493	0.252267	0.681149	1.9404e-05	1.16769e-05	4.26834e-05	2
0.149	0.0391529	0.504493	0.252267	0.681149	1.94019e-05	1.1689e-05	4.26711e-05	2
0.15	0.0391529	0.504493	0.252267	0.681149	1.93993e-05	1.17003e-05	4.26582e-05	2
0.151	0.0391529	0.504493	0.252267	0.681149	1.93969e-05	1.17115e-05	4.26456e-05	2
0.152	0.0391529	0.504493	0.252267	0.681149	1.93946e-05	1.17227e-05	4.26334e-05	2
0.153	0.0391529	0.504493	0.252267	0.681149	1.93924e-05	1.17338e-05	4.26216e-05	2
0.154	0.0391529	0.504493	0.252267	0.681149	1.93905e-05	1.1745e-05	4.26102e-05	2
0.155	0.0391529	0.504493	0.252267	0.681149	1.93888e-05	1.17561e-05	4.25992e-05	2
0.156	0.0391529	0.504493	0.252267	0.681149	1.9387e-05	1.17673e-05	4.25884e-05	2
0.157	0.0391529	0.504493	0.252267	0.681149	1.93853e-05	1.17789e-05	4.25779e-05	2
0.158	0.0391529	0.504493	0.252267	0.681149	1.93836e-05	1.17904e-05	4.25677e-05	2
0.159	0.0391529	0.504493	0.252267	0.681149	1.93822e-05	1.1802e-05	4.25579e-05	2
0.16	0.0391529	0.504493	0.252267	0.681149	1.93807e-05	1.18133e-05	4.25487e-05	2
0.161	0.0391529	0.504493	0.252267	0.681149	1.93794e-05	1.18247e-05	4.25398e-05	2
0.162	0.0391529	0.504493	0.252267	0.681149	1.93761e-05	1.18367e-05	4.25294e-05	2
0.163	0.0391529	0.504493	0.252267	0.681149	1.93727e-05	1.18486e-05	4.25191e-05	2
0.164	0.0391529	0.504493	0.252267	0.681149	1.93691e-05	1.18597e-05	4.25085e-05	2
0.165	0.0391529	0.504493	0.252267	0.681149	1.93657e-05	1.18708e-05	4.24983e-05	2
0.166	0.0391529	0.504493	0.252267	0.681149	1.93624e-05	1.18819e-05	4.24885e-05	2
0.167	0.0391529	0.504493	0.252267	0.681149	1.93594e-05	1.18929e-05	4.24791e-05	2
0.168	0.0391529	0.504493	0.252267	0.681149	1.93565e-05	1.1904e-05	4.24701e-05	2
0.169	0.0391529	0.504493	0.252267	0.681149	1.93536e-05	1.19149e-05	4.2462e-05	2
0.17	0.0391529	0.504493	0.252267	0.681149	1.93506e-05	1.19261e-05	4.24542e-05	2
0.171	0.0391529	0.504493	0.252267	0.681149	1.93477e-05	1.19375e-05	4.24467e-05	2
0.172	0.0391529	0.504493	0.252267	0.681149	1.93449e-05	1.19489e-05	4.24396e-05	2
0.173	0.0391529	0.504493	0.252267	0.681149	1.93423e-05	1.19602e-05	4.24328e-05	2
0.174	0.0391529	0.504493	0.252267	0.681149	1.93397e-05	1.19717e-05	4.24261e-05	2
0.175	0.0391529	0.504493	0.252267	0.681149	1.93347e-05	1.19843e-05	4.24172e-05	2
0.176	0.0391529	0.504493	0.252267	0.681149	1.93297e-05	1.19968e-05	4.2409e-05	2
0.177	0.0391529	0.504493	0.252267	0.681149	1.93248e-05	1.2009e-05	4.2401e-05	2
0.178	0.0391529	0.504493	0.252267	0.681149	1.93198e-05	1.20206e-05	4.2393e-05	2
0.179	0.0391529	0.504493	0.252267	0.681149	1.93147e-05	1.20322e-05	4.23859e-05	2
0.18	0.0391529	0.504493	0.252267	0.681149	1.93097e-05	1.20436e-05	4.23793e-05	2
0.181	0.0391529	0.504493	0.252267	0.681149	1.93049e-05	1.2055e-05	4.23731e-05	2
0.182	0.0391529	0.504493	0.252267	0.681149	1.93003e-05	1.20663e-05	4.23673e-05	2
0.183	0.0391529	0.504493	0.252267	0.681149	1.92959e-05	1.20777e-05	4.2362e-05	2
0.184	0.0391529	0.504493	0.252267	0.681149	1.92914e-05	1.20895e-05	4.2357e-05	2
0.185	0.0391529	0.504493	0.252267	0.681149	1.92871e-05	1.21014e-05	4.23523e-05	2
0.186	0.0391529	0.504493	0.252267	0.681149	1.9283e-05	1.21132e-05	4.23479e-05	2
0.187	0.0391529	0.504493	0.252267	0.681149	1.92784e-05	1.21253e-05	4.23433e-05	2
0.188	0.0391529	0.504493	0.252267	0.681149	1.92723e-05	1.21382e-05	4.23373e-05	2
0.189	0.0391529	0.504493	0.252267	0.681149	1.92662e-05	1.21509e-05	4.2332e-05	2
0.19	0.0391529	0.504493	0.252267	0.681149	1.92599e-05	1.21632e-05	4.23278e-05	2
0.191	0.0391529	0.504493	0.252267	0.681149	1.92535e-05	1.21751e-05	4.2324e-05	2
0.192	0.0391529	0.504493	0.252267	0.681149	1.92471e-05	1.21866e-05	4.23203e-05	2
0.193	0.0391529	0.504493	0.252267	0.681149	1.92409e-05	1.21981e-05	4.23171e-05	2
0.194	0.0391529	0.504493	0.252267	0.681149	1.92349e-05	1.22096e-05	4.23142e-05	2
0.195	0.0391529	0.504493	0.252267	0.681149	1.9229e-05	1.2221e-05	4.23116e-05	2
0.196	0.0391529	0.504493	0.252267	0.681149	1.92234e-05	1.22325e-05	4.23093e-05	2
0.197	0.0391529	0.504493	0.252267	0.681149	1.92178e-05	1.2244e-05	4.23074e-05	2
0.198	0.0391529	0.504493	0.252267	0.681149	1.92123e-05	1.22558e-05	4.23059e-05	2
0.199	0.0391529	0.504493	0.252267	0.681149	1.92069e-05	1.22674e-05	4.23047e-05	2
0.2	0.0391529	0.504493	0.252267	0.681149	1.92003e-05	1.22792e-05	4.23039e-05	2
0.201	0.0391529	0.504493	0.252267	0.681149	1.9193e-05	1.22914e-05	4.23027e-05	2
0.202	0.0391529	0.504493	0.252267	0.681149	1.91858e-05	1.23035e-05	4.23018e-05	2
0.203	0.0391529	0.504493	0.252267	0.681149	1.91788e-05	1.23156e-05	4.23012e-05	2
0.204	0.0391529	0.504493	0.252267	0.681149	1.91718e-05	1.23275e-05	4.23012e-05	2
0.205	0.0391529	0.504493	0.252267	0.681149	1.91646e-05	1.23388e-05	4.23015e-05	2
0.206	0.0391529	0.504493	0.252267	0.681149	1.91575e-05	1.23499e-05	4.23022e-05	2
0.207	0.0391529	0.504493	0.252267	0.681149	1.91506e-05	1.23609e-05	4.23032e-05	2
0.208	0.0391529	0.504493	0.252267	0.681149	1.91439e-05	1.2372e-05	4.23045e-05	2
0.209	0.0391529	0.504493	0.252267	0.681149	1.91374e-05	1.23831e-05	4.23061e-05	2
0.21	0.0391529	0.504493	0.252267	0.681149	1.91307e-05	1.23939e-05	4.2309e-05	2
0.211	0.0391529	0.504493	0.252267	0.681149	1.91239e-05	1.24048e-05	4.23123e-05	2
0.212	0.0391529	0.504493	0.252267	0.681149	1.91172e-05	1.24159e-05	4.2316e-05	2
0.213	0.0391529	0.504493	0.252267	0.681149	1.91082e-05	1.24279e-05	4.23178e-05	2
0.214	0.0391529	0.504493	0.252267	0.681149	1.90988e-05	1.24403e-05	4.23194e-05	2
0.215	0.0391529	0.504493	0.252267	0.681149	1.90896e-05	1.24526e-05	4.23214e-05	2
0.216	0.0391529	0.504493	0.252267	0.681149	1.90806e-05	1.24649e-05	4.23237e-05	2
0.217	0.0391529	0.504493	0.252267	0.681149	1.90716e-05	1.2477e-05	4.23265e-05	2
0.218	0.0391529	0.504493	0.252267	0.681149	1.90627e-05	1.2489e-05	4.23299e-05	2
0.219	0.0391529	0.504493	0.252267	0.681149	1.90535e-05	1.25003e-05	4.23335e-05	2
0.22	0.0391529	0.504493	0.252267	0.681149	1.90442e-05	1.25113e-05	4.23386e-05	2
0.221	0.0391529	0.504493	0.252267	0.681149	1.9035e-05	1.25221e-05	4.23442e-05	2
0.222	0.0391529	0.504493	0.252267	0.681149	1.9026e-05	1.2533e-05	4.23501e-05	2
0.223	0.0391529	0.504493	0.252267	0.681149	1.90172e-05	1.25438e-05	4.23562e-05	2
0.224	0.0391529	0.504493	0.252267	0.681149	1.90087e-05	1.25547e-05	4.23627e-05	2
0.225	0.0391529	0.504493	0.252267	0.681149	1.89995e-05	1.25659e-05	4.23693e-05	2
0.226	0.0391529	0.504493	0.252267	0.681149	1.89871e-05	1.25782e-05	4.23735e-05	2
0.227	0.0391529	0.504493	0.252267	0.681149	1.89748e-05	1.25904e-05	4.23782e-05	2
0.228	0.0391529	0.504493	0.252267	0.681149	1.89628e-05	1.26026e-05	4.23832e-05	2
0.229	0.0391529	0.504493	0.252267	0.681149	1.89508e-05	1.26145e-05	4.23893e-05	2
0.23	0.0391529	0.504493	0.252267	0.681149	1.89387e-05	1.26262e-05	4.23967e-05	2
0.231	0.0391529	0.504493	0.252267	0.681149	1.89266e-05	1.26378e-05	4.24047e-05	2
0.232	0.0391529	0.504493	0.252267	0.681149	1.89147e-05	1.26491e-05	4.24132e-05	2
0.233	0.0391529	0.504493	0.252267	0.681149	1.89025e-05	1.26599e-05	4.2422e-05	2
0.234	0.0391529	0.504493	0.252267	0.681149	1.88906e-05	1.26706e-05	4.2431e-05	2
0.235	0.0391529	0.504493	0.252267	0.681149	1.88788e-05	1.26812e-05	4.24404e-05	2
0.236	0.0391529	0.504493	0.252267	0.681149	1.88674e-05	1.26918e-05	4.24501e-05	2
0.237	0.0391529	0.504493	0.252267	0.681149	1.88561e-05	1.27024e-05	4.24601e-05	2
0.238	0.0391529	0.504493	0.252267	0.681149	1.88419e-05	1.27127e-05	4.24705e-05	2
0.239	0.0391529	0.504493	0.252267	0.681149	1.88249e-05	1.27229e-05	4.24806e-05	2
0.24	0.0391529	0.504493	0.252267	0.681149	1.88083e-05	1.27332e-05	4.2491e-05	2
0.241	0.0391529	0.504493	0.252267	0.681149	1.87918e-05	1.27434e-05	4.25018e-05	2
0.242	0.0391529	0.504493	0.252267	0.681149	1.87757e-05	1.27536e-05	4.2513e-05	2
0.243	0.0391529	0.504493	0.252267	0.681149	1.87599e-05	1.27638e-05	4.25245e-05	2
0.244	0.0391529	0.504493	0.252267	0.681149	1.87443e-05	1.2774e-05	4.25363e-05	2
0.245	0.0391529	0.504493	0.252267	0.681149	1.87289e-05	1.27841e-05	4.25488e-05	2
0.246	0.0391529	0.504493	0.252267	0.681149	1.8713e-05	1.27935e-05	4.25633e-05	2
0.247	0.0391529	0.504493	0.252267	0.681149	1.86971e-05	1.28025e-05	4.25784e-05	2
0.248	0.0391529	0.504493	0.252267	0.681149	1.86814e-05	1.28116e-05	4.25938e-05	2
0.249	0.0391529	0.504493	0.252267	0.681149	1.8666e-05	1.28205e-05	4.26096e-05	2
0.25	0.0391529	0.504493	0.252267	0.681149	1.86488e-05	1.28293e-05	4.26249e-05	2
0.251	0.0391529	0.504493	0.252267	0.681149	1.86282e-05	1.2838e-05	4.26391e-05	2
0.252	0.0391529	0.504493	0.252267	0.681149	1.86077e-05	1.28469e-05	4.26537e-05	2
0.253	0.0391529	0.504493	0.252267	0.681149	1.85871e-05	1.28554e-05	4.26704e-05	2
0.254	0.0391529	0.504493	0.252267	0.681149	1.85667e-05	1.2864e-05	4.26876e-05	2
0.255	0.0391529	0.504493	0.252267	0.681149	1.85467e-05	1.28725e-05	4.27051e-05	2
0.256	0.0391529	0.504493	0.252267	0.681149	1.8527e-05	1.28811e-05	4.27231e-05	2
0.257	0.0391529	0.504493	0.252267	0.681149	1.85077e-05	1.28896e-05	4.27414e-05	2
0.258	0.0391529	0.504493	0.252267	0.681149	1.84886e-05	1.28981e-05	4.27602e-05	2
0.259	0.0391529	0.504493	0.252267	0.681149	1.84693e-05	1.29062e-05	4.27812e-05	2
0.26	0.0391529	0.504493	0.252267	0.681149	1.84498e-05	1.29138e-05	4.28033e-05	2
0.261	0.0391529	0.504493	0.252267	0.681149	1.84304e-05	1.29211e-05	4.28257e-05	2
0.262	0.0391529	0.504493	0.252267	0.681149	1.84072e-05	1.29279e-05	4.2847e-05	2
0.263	0.0391529	0.504493	0.252267	0.681149	1.83833e-05	1.29347e-05	4.28684e-05	2
0.264	0.0391529	0.504493	0.252267	0.681149	1.83596e-05	1.29414e-05	4.28907e-05	2
0.265	0.0391529	0.504493	0.252267	0.681149	1.83357e-05	1.29479e-05	4.29157e-05	2
0.266	0.0391529	0.504493	0.252267	0.681149	1.83119e-05	1.29545e-05	4.29409e-05	2
0.267	0.0391529	0.504493	0.252267	0.681149	1.82885e-05	1.29611e-05	4.29665e-05	2
0.268	0.0391529	0.504493	0.252267	0.681149	1.82655e-05	1.29679e-05	4.29924e-05	2
0.269	0.0391529	0.504493	0.252267	0.681149	1.82425e-05	1.29744e-05	4.302e-05	2
0.27	0.0391529	0.504493	0.252267	0.681149	1.82196e-05	1.29806e-05	4.30496e-05	2
0.271	0.0391529	0.504493	0.252267	0.681149	1.81971e-05	1.29869e-05	4.30797e-05	2
0.272	0.0391529	0.504493	0.252267	0.681149	1.81748e-05	1.29931e-05	4.31102e-05	2
0.273	0.0391529	0.504493	0.252267	0.681149	1.81488e-05	1.29988e-05	4.31411e-05	2
0.274	0.0391529	0.504493	0.252267	0.681149	1.81212e-05	1.30039e-05	4.31741e-05	2
0.275	0.0391529	0.504493	0.252267	0.681149	1.8094e-05	1.30089e-05	4.32074e-05	2
0.276	0.0391529	0.504493	0.252267	0.681149	1.80671e-05	1.30141e-05	4.3241e-05	2
0.277	0.0391529	0.504493	0.252267	0.681149	1.80403e-05	1.30188e-05	4.32785e-05	2
0.278	0.0391529	0.504493	0.252267	0.681149	1.80138e-05	1.30236e-05	4.33167e-05	2
0.279	0.0391529	0.504493	0.252267	0.681149	1.79874e-05	1.30286e-05	4.33554e-05	2
0.28	0.0391529	0.504493	0.252267	0.681149	1.79613e-05	1.30335e-05	4.33983e-05	2
0.281	0.0391529	0.504493	0.252267	0.681149	1.79356e-05	1.30384e-05	4.34415e-05	2
0.282	0.0391529	0.504493	0.252267	0.681149	1.79107e-05	1.30435e-05	4.34873e-05	2
0.283	0.0391529	0.504493	0.252267	0.681149	1.78856e-05	1.30488e-05	4.35341e-05	2
0.284	0.0391529	0.504493	0.252267	0.681149	1.7859e-05	1.30559e-05	4.35778e-05	2
0.285	0.0391529	0.504493	0.252267	0.681149	1.78359e-05	1.30652e-05	4.36178e-05	2
0.286	0.0391529	0.504493	0.252267	0.681149	1.78162e-05	1.30767e-05	4.36527e-05	2
0.287	0.0391529	0.504493	0.252267	0.681149	1.77982e-05	1.30892e-05	4.36853e-05	2
0.288	0.0391529	0.504493	0.252267	0.681149	1.77809e-05	1.31019e-05	4.37179e-05	2
0.289	0.0391529	0.504493	0.252267	0.681149	1.77648e-05	1.31151e-05	4.37507e-05	2
0.29	0.0391529	0.504493	0.252267	0.681149	1.77499e-05	1.3129e-05	4.37841e-05	2
0.291	0.0391529	0.504493	0.252267	0.681149	1.77365e-05	1.31436e-05	4.38185e-05	2
0.292	0.0391529	0.504493	0.252267	0.681149	1.77252e-05	1.31597e-05	4.38536e-05	2
0.293	0.0391529	0.504493	0.252267	0.681149	1.77187e-05	1.31792e-05	4.38856e-05	2
0.294	0.0391529	0.504493	0.252267	0.681149	1.77183e-05	1.32064e-05	4.38975e-05	2
0.295	0.0391529	0.504493	0.252267	0.681149	1.77238e-05	1.32378e-05	4.38961e-05	2
0.296	0.0391529	0.504493	0.252267	0.681149	1.77326e-05	1.32717e-05	4.38864e-05	2
0.297	0.0391529	0.504493	0.252267	0.681149	1.77444e-05	1.33077e-05	4.38705e-05	2
0.298	0.0391529	0.504493	0.252267	0.681149	1.77594e-05	1.3346e-05	4.38483e-05	2
0.299	0.0391529	0.504493	0.252267	0.681149	1.77782e-05	1.3387e-05	4.38188e-05	2
0.3	0.0391529	0.504493	0.252267	0.681149	1.78009e-05	1.34309e-05	4.37808e-05	2
