# Initial no freqs: 1
# Initial no harmonics: 1
# LO frequency set up
# Setting bias
# IF frequency set up
# USB frequency set up
# LSB frequency set up
# Vdc[n-1]: 2.93441 vGap: 1
# starting normalisation at 2.73046
# Response function set
# 
# Mixer currents curve
# IF Freq | Unpumped DC | KK | DC Current | Pump Current | IF Current | Signal Current | Image Current | DC dynamic impedance | Iterations
0.001	0.0391529	0.504493	0.16801	0.762477	9.10633e-06	5.8603e-05	8.51336e-06	2
0.002	0.0391529	0.504493	0.16801	0.762477	9.12283e-06	5.86528e-05	8.45158e-06	2
0.003	0.0391529	0.504493	0.16801	0.762477	9.05309e-06	5.86243e-05	8.75961e-06	2
0.004	0.0391529	0.504493	0.16801	0.762477	9.0118e-06	5.85963e-05	8.94046e-06	2
0.005	0.0391529	0.504493	0.16801	0.762477	8.99156e-06	5.85616e-05	9.06231e-06	2
0.006	0.0391529	0.504493	0.16801	0.762477	9.0089e-06	5.84612e-05	9.22294e-06	2
0.007	0.0391529	0.504493	0.16801	0.762477	9.02384e-06	5.83954e-05	9.34964e-06	2
0.008	0.0391529	0.504493	0.16801	0.762477	9.03286e-06	5.83394e-05	9.44116e-06	2
0.009	0.0391529	0.504493	0.16801	0.762477	9.01413e-06	5.82725e-05	9.6242e-06	2
0.01	0.0391529	0.504493	0.16801	0.762477	8.98958e-06	5.82072e-05	9.81591e-06	2
0.011	0.0391529	0.504493	0.16801	0.762477	8.96941e-06	5.81499e-05	9.97484e-06	2
0.012	0.0391529	0.504493	0.16801	0.762477	8.9444e-06	5.81245e-05	1.00945e-05	2
0.013	0.0391529	0.504493	0.16801	0.762477	8.92673e-06	5.81027e-05	1.01957e-05	2
0.014	0.0391529	0.504493	0.16801	0.762477	8.91447e-06	5.80529e-05	1.03281e-05	2
0.015	0.0391529	0.504493	0.16801	0.762477	8.88342e-06	5.79842e-05	1.05291e-05	2
0.016	0.0391529	0.504493	0.16801	0.762477	8.85567e-06	5.79188e-05	1.07068e-05	2
0.017	0.0391529	0.504493	0.16801	0.762477	8.83085e-06	5.7857e-05	1.08652e-05	2
0.018	0.0391529	0.504493	0.16801	0.762477	8.80864e-06	5.77989e-05	1.10076e-05	2
0.019	0.0391529	0.504493	0.16801	0.762477	8.77733e-06	5.77301e-05	1.11806e-05	2
0.02	0.0391529	0.504493	0.16801	0.762477	8.73675e-06	5.76505e-05	1.13876e-05	2
0.021	0.0391529	0.504493	0.16801	0.762477	8.70052e-06	5.75785e-05	1.15784e-05	2
0.022	0.0391529	0.504493	0.16801	0.762477	8.66854e-06	5.74894e-05	1.17598e-05	2
0.023	0.0391529	0.504493	0.16801	0.762477	8.6268e-06	5.73878e-05	1.19561e-05	2
0.024	0.0391529	0.504493	0.16801	0.762477	8.57105e-06	5.72727e-05	1.21871e-05	2
0.025	0.0391529	0.504493	0.16801	0.762477	8.5199e-06	5.71637e-05	1.23997e-05	2
0.026	0.0391529	0.504493	0.16801	0.762477	8.4718e-06	5.7061e-05	1.2585e-05	2
0.027	0.0391529	0.504493	0.16801	0.762477	8.40369e-06	5.69263e-05	1.28277e-05	2
0.028	0.0391529	0.504493	0.16801	0.762477	8.33774e-06	5.67935e-05	1.30624e-05	2
0.029	0.0391529	0.504493	0.16801	0.762477	8.27688e-06	5.66677e-05	1.32808e-05	2
0.03	0.0391529	0.504493	0.16801	0.762477	8.19056e-06	5.64976e-05	1.35586e-05	2
0.031	0.0391529	0.504493	0.16801	0.762477	8.11092e-06	5.6335e-05	1.38186e-05	2
0.032	0.0391529	0.504493	0.16801	0.762477	8.01254e-06	5.61191e-05	1.41116e-05	2
0.033	0.0391529	0.504493	0.16801	0.762477	7.90946e-06	5.58975e-05	1.44045e-05	2
0.034	0.0391529	0.504493	0.16801	0.762477	7.77111e-06	5.5624e-05	1.46779e-05	2
0.035	0.0391529	0.504493	0.16801	0.762477	7.62372e-06	5.53286e-05	1.49064e-05	2
0.036	0.0391529	0.504493	0.16801	0.762477	7.48032e-06	5.50363e-05	1.50817e-05	2
0.037	0.0391529	0.504493	0.16801	0.762477	7.34908e-06	5.47659e-05	1.52325e-05	2
0.038	0.0391529	0.504493	0.16801	0.762477	7.22395e-06	5.45077e-05	1.53842e-05	2
0.039	0.0391529	0.504493	0.16801	0.762477	7.1012e-06	5.42552e-05	1.55381e-05	2
0.04	0.0391529	0.504493	0.16801	0.762477	6.97848e-06	5.40036e-05	1.5706e-05	2
0.041	0.0391529	0.504493	0.16801	0.762477	6.85198e-06	5.37435e-05	1.5894e-05	2
0.042	0.0391529	0.504493	0.16801	0.762477	6.7167e-06	5.34572e-05	1.61071e-05	2
0.043	0.0391529	0.504493	0.16801	0.762477	6.55907e-06	5.31308e-05	1.63413e-05	2
0.044	0.0391529	0.504493	0.16801	0.762477	6.38473e-06	5.2782e-05	1.65047e-05	2
0.045	0.0391529	0.504493	0.16801	0.762477	6.22787e-06	5.24644e-05	1.66063e-05	2
0.046	0.0391529	0.504493	0.16801	0.762477	6.08791e-06	5.21783e-05	1.66793e-05	2
0.047	0.0391529	0.504493	0.16801	0.762477	5.95951e-06	5.19141e-05	1.67418e-05	2
0.048	0.0391529	0.504493	0.16801	0.762477	5.839e-06	5.16652e-05	1.67995e-05	2
0.049	0.0391529	0.504493	0.16801	0.762477	5.72466e-06	5.14277e-05	1.68526e-05	2
0.05	0.0391529	0.504493	0.16801	0.762477	5.61748e-06	5.12026e-05	1.68972e-05	2
0.051	0.0391529	0.504493	0.16801	0.762477	5.51819e-06	5.09911e-05	1.69305e-05	2
0.052	0.0391529	0.504493	0.16801	0.762477	5.42654e-06	5.07862e-05	1.69558e-05	2
0.053	0.0391529	0.504493	0.16801	0.762477	5.34298e-06	5.05998e-05	1.69659e-05	2
0.054	0.0391529	0.504493	0.16801	0.762477	5.27266e-06	5.04407e-05	1.69441e-05	2
0.055	0.0391529	0.504493	0.16801	0.762477	5.22122e-06	5.03162e-05	1.69012e-05	2
0.056	0.0391529	0.504493	0.16801	0.762477	5.17924e-06	5.02101e-05	1.68627e-05	2
0.057	0.0391529	0.504493	0.16801	0.762477	5.14233e-06	5.01142e-05	1.68339e-05	2
0.058	0.0391529	0.504493	0.16801	0.762477	5.10785e-06	5.0023e-05	1.68161e-05	2
0.059	0.0391529	0.504493	0.16801	0.762477	5.07389e-06	4.99323e-05	1.68102e-05	2
0.06	0.0391529	0.504493	0.16801	0.762477	5.04324e-06	4.98442e-05	1.67971e-05	2
0.061	0.0391529	0.504493	0.16801	0.762477	5.02589e-06	4.97785e-05	1.67565e-05	2
0.062	0.0391529	0.504493	0.16801	0.762477	5.01764e-06	4.97336e-05	1.67052e-05	2
0.063	0.0391529	0.504493	0.16801	0.762477	5.01403e-06	4.97043e-05	1.66536e-05	2
0.064	0.0391529	0.504493	0.16801	0.762477	5.01368e-06	4.96821e-05	1.66059e-05	2
0.065	0.0391529	0.504493	0.16801	0.762477	5.01556e-06	4.96651e-05	1.65631e-05	2
0.066	0.0391529	0.504493	0.16801	0.762477	5.01922e-06	4.96523e-05	1.6525e-05	2
0.067	0.0391529	0.504493	0.16801	0.762477	5.02408e-06	4.96422e-05	1.64918e-05	2
0.068	0.0391529	0.504493	0.16801	0.762477	5.02978e-06	4.96339e-05	1.64637e-05	2
0.069	0.0391529	0.504493	0.16801	0.762477	5.03632e-06	4.96267e-05	1.64394e-05	2
0.07	0.0391529	0.504493	0.16801	0.762477	5.04565e-06	4.96236e-05	1.64128e-05	2
0.071	0.0391529	0.504493	0.16801	0.762477	5.05948e-06	4.96358e-05	1.63756e-05	2
0.072	0.0391529	0.504493	0.16801	0.762477	5.08082e-06	4.96657e-05	1.63212e-05	2
0.073	0.0391529	0.504493	0.16801	0.762477	5.10369e-06	4.96977e-05	1.62679e-05	2
0.074	0.0391529	0.504493	0.16801	0.762477	5.12883e-06	4.97367e-05	1.62126e-05	2
0.075	0.0391529	0.504493	0.16801	0.762477	5.1552e-06	4.97798e-05	1.61576e-05	2
0.076	0.0391529	0.504493	0.16801	0.762477	5.18113e-06	4.98229e-05	1.61083e-05	2
0.077	0.0391529	0.504493	0.16801	0.762477	5.20854e-06	4.98717e-05	1.60582e-05	2
0.078	0.0391529	0.504493	0.16801	0.762477	5.23615e-06	4.9922e-05	1.60103e-05	2
0.079	0.0391529	0.504493	0.16801	0.762477	5.2627e-06	4.99794e-05	1.59676e-05	2
0.08	0.0391529	0.504493	0.16801	0.762477	5.28878e-06	5.00431e-05	1.59281e-05	2
0.081	0.0391529	0.504493	0.16801	0.762477	5.31564e-06	5.01106e-05	1.58867e-05	2
0.082	0.0391529	0.504493	0.16801	0.762477	5.34213e-06	5.01771e-05	1.58486e-05	2
0.083	0.0391529	0.504493	0.16801	0.762477	5.36822e-06	5.02422e-05	1.58138e-05	2
0.084	0.0391529	0.504493	0.16801	0.762477	5.39413e-06	5.03073e-05	1.57816e-05	2
0.085	0.0391529	0.504493	0.16801	0.762477	5.42059e-06	5.03757e-05	1.57464e-05	2
0.086	0.0391529	0.504493	0.16801	0.762477	5.44678e-06	5.04438e-05	1.57138e-05	2
0.087	0.0391529	0.504493	0.16801	0.762477	5.47145e-06	5.05233e-05	1.5685e-05	2
0.088	0.0391529	0.504493	0.16801	0.762477	5.49571e-06	5.0604e-05	1.56588e-05	2
0.089	0.0391529	0.504493	0.16801	0.762477	5.51992e-06	5.06852e-05	1.56334e-05	2
0.09	0.0391529	0.504493	0.16801	0.762477	5.54438e-06	5.07686e-05	1.56075e-05	2
0.091	0.0391529	0.504493	0.16801	0.762477	5.56862e-06	5.08515e-05	1.55835e-05	2
0.092	0.0391529	0.504493	0.16801	0.762477	5.59246e-06	5.0933e-05	1.55611e-05	2
0.093	0.0391529	0.504493	0.16801	0.762477	5.61608e-06	5.1014e-05	1.55405e-05	2
0.094	0.0391529	0.504493	0.16801	0.762477	5.63832e-06	5.11046e-05	1.55226e-05	2
0.095	0.0391529	0.504493	0.16801	0.762477	5.66025e-06	5.12006e-05	1.55023e-05	2
0.096	0.0391529	0.504493	0.16801	0.762477	5.68204e-06	5.12963e-05	1.5483e-05	2
0.097	0.0391529	0.504493	0.16801	0.762477	5.70366e-06	5.13913e-05	1.54651e-05	2
0.098	0.0391529	0.504493	0.16801	0.762477	5.72511e-06	5.14858e-05	1.54484e-05	2
0.099	0.0391529	0.504493	0.16801	0.762477	5.7464e-06	5.15797e-05	1.54331e-05	2
0.1	0.0391529	0.504493	0.16801	0.762477	5.76727e-06	5.16752e-05	1.54192e-05	2
0.101	0.0391529	0.504493	0.16801	0.762477	5.7862e-06	5.17877e-05	1.54046e-05	2
0.102	0.0391529	0.504493	0.16801	0.762477	5.80501e-06	5.18996e-05	1.53906e-05	2
0.103	0.0391529	0.504493	0.16801	0.762477	5.82374e-06	5.20112e-05	1.53786e-05	2
0.104	0.0391529	0.504493	0.16801	0.762477	5.84233e-06	5.21223e-05	1.53677e-05	2
0.105	0.0391529	0.504493	0.16801	0.762477	5.86078e-06	5.22326e-05	1.53577e-05	2
0.106	0.0391529	0.504493	0.16801	0.762477	5.87886e-06	5.2344e-05	1.53486e-05	2
0.107	0.0391529	0.504493	0.16801	0.762477	5.89472e-06	5.24706e-05	1.53406e-05	2
0.108	0.0391529	0.504493	0.16801	0.762477	5.91057e-06	5.25969e-05	1.53304e-05	2
0.109	0.0391529	0.504493	0.16801	0.762477	5.9263e-06	5.2722e-05	1.53209e-05	2
0.11	0.0391529	0.504493	0.16801	0.762477	5.94193e-06	5.28459e-05	1.53119e-05	2
0.111	0.0391529	0.504493	0.16801	0.762477	5.95747e-06	5.29687e-05	1.53036e-05	2
0.112	0.0391529	0.504493	0.16801	0.762477	5.97083e-06	5.31051e-05	1.52969e-05	2
0.113	0.0391529	0.504493	0.16801	0.762477	5.98324e-06	5.32462e-05	1.52912e-05	2
0.114	0.0391529	0.504493	0.16801	0.762477	5.99561e-06	5.33859e-05	1.52857e-05	2
0.115	0.0391529	0.504493	0.16801	0.762477	6.00792e-06	5.35244e-05	1.52776e-05	2
0.116	0.0391529	0.504493	0.16801	0.762477	6.02025e-06	5.36614e-05	1.52707e-05	2
0.117	0.0391529	0.504493	0.16801	0.762477	6.02902e-06	5.38183e-05	1.52652e-05	2
0.118	0.0391529	0.504493	0.16801	0.762477	6.03743e-06	5.39751e-05	1.52601e-05	2
0.119	0.0391529	0.504493	0.16801	0.762477	6.04585e-06	5.41298e-05	1.52552e-05	2
0.12	0.0391529	0.504493	0.16801	0.762477	6.05427e-06	5.42824e-05	1.52506e-05	2
0.121	0.0391529	0.504493	0.16801	0.762477	6.05881e-06	5.44529e-05	1.5246e-05	2
0.122	0.0391529	0.504493	0.16801	0.762477	6.06206e-06	5.46273e-05	1.52402e-05	2
0.123	0.0391529	0.504493	0.16801	0.762477	6.06531e-06	5.47986e-05	1.52326e-05	2
0.124	0.0391529	0.504493	0.16801	0.762477	6.06685e-06	5.49739e-05	1.52243e-05	2
0.125	0.0391529	0.504493	0.16801	0.762477	6.06283e-06	5.51674e-05	1.52136e-05	2
0.126	0.0391529	0.504493	0.16801	0.762477	6.05905e-06	5.53568e-05	1.52031e-05	2
0.127	0.0391529	0.504493	0.16801	0.762477	6.05099e-06	5.55539e-05	1.5189e-05	2
0.128	0.0391529	0.504493	0.16801	0.762477	6.03609e-06	5.57647e-05	1.51692e-05	2
0.129	0.0391529	0.504493	0.16801	0.762477	6.01738e-06	5.59703e-05	1.51434e-05	2
0.13	0.0391529	0.504493	0.16801	0.762477	5.98227e-06	5.61709e-05	1.50897e-05	2
0.131	0.0391529	0.504493	0.16801	0.762477	5.93827e-06	5.63455e-05	1.50133e-05	2
0.132	0.0391529	0.504493	0.16801	0.762477	5.89089e-06	5.6499e-05	1.49269e-05	2
0.133	0.0391529	0.504493	0.16801	0.762477	5.84361e-06	5.66389e-05	1.48385e-05	2
0.134	0.0391529	0.504493	0.16801	0.762477	5.79597e-06	5.67729e-05	1.47501e-05	2
0.135	0.0391529	0.504493	0.16801	0.762477	5.74729e-06	5.69024e-05	1.46608e-05	2
0.136	0.0391529	0.504493	0.16801	0.762477	5.69662e-06	5.70294e-05	1.45699e-05	2
0.137	0.0391529	0.504493	0.16801	0.762477	5.64336e-06	5.71546e-05	1.44768e-05	2
0.138	0.0391529	0.504493	0.16801	0.762477	5.5862e-06	5.72771e-05	1.43792e-05	2
0.139	0.0391529	0.504493	0.16801	0.762477	5.52203e-06	5.73961e-05	1.42714e-05	2
0.14	0.0391529	0.504493	0.16801	0.762477	5.44613e-06	5.75019e-05	1.41441e-05	2
0.141	0.0391529	0.504493	0.16801	0.762477	5.35759e-06	5.75692e-05	1.39888e-05	2
0.142	0.0391529	0.504493	0.16801	0.762477	5.27166e-06	5.76027e-05	1.38295e-05	2
0.143	0.0391529	0.504493	0.16801	0.762477	5.18977e-06	5.76312e-05	1.36775e-05	2
0.144	0.0391529	0.504493	0.16801	0.762477	5.10926e-06	5.76574e-05	1.35294e-05	2
0.145	0.0391529	0.504493	0.16801	0.762477	5.02727e-06	5.76827e-05	1.33816e-05	2
0.146	0.0391529	0.504493	0.16801	0.762477	4.94004e-06	5.77039e-05	1.32281e-05	2
0.147	0.0391529	0.504493	0.16801	0.762477	4.84096e-06	5.77029e-05	1.30538e-05	2
0.148	0.0391529	0.504493	0.16801	0.762477	4.73784e-06	5.76659e-05	1.28643e-05	2
0.149	0.0391529	0.504493	0.16801	0.762477	4.63563e-06	5.76084e-05	1.26712e-05	2
0.15	0.0391529	0.504493	0.16801	0.762477	4.53534e-06	5.75372e-05	1.24787e-05	2
0.151	0.0391529	0.504493	0.16801	0.762477	4.43745e-06	5.74529e-05	1.22875e-05	2
0.152	0.0391529	0.504493	0.16801	0.762477	4.34271e-06	5.73589e-05	1.20993e-05	2
0.153	0.0391529	0.504493	0.16801	0.762477	4.25164e-06	5.72587e-05	1.1916e-05	2
0.154	0.0391529	0.504493	0.16801	0.762477	4.1631e-06	5.71538e-05	1.17363e-05	2
0.155	0.0391529	0.504493	0.16801	0.762477	4.07569e-06	5.70429e-05	1.1558e-05	2
0.156	0.0391529	0.504493	0.16801	0.762477	3.98753e-06	5.69204e-05	1.13768e-05	2
0.157	0.0391529	0.504493	0.16801	0.762477	3.89943e-06	5.67778e-05	1.11899e-05	2
0.158	0.0391529	0.504493	0.16801	0.762477	3.82414e-06	5.66183e-05	1.10128e-05	2
0.159	0.0391529	0.504493	0.16801	0.762477	3.76241e-06	5.64717e-05	1.08576e-05	2
0.16	0.0391529	0.504493	0.16801	0.762477	3.7075e-06	5.63371e-05	1.0716e-05	2
0.161	0.0391529	0.504493	0.16801	0.762477	3.65719e-06	5.62121e-05	1.05843e-05	2
0.162	0.0391529	0.504493	0.16801	0.762477	3.60997e-06	5.60941e-05	1.04598e-05	2
0.163	0.0391529	0.504493	0.16801	0.762477	3.56467e-06	5.5981e-05	1.03401e-05	2
0.164	0.0391529	0.504493	0.16801	0.762477	3.52045e-06	5.58714e-05	1.02237e-05	2
0.165	0.0391529	0.504493	0.16801	0.762477	3.47589e-06	5.57596e-05	1.01069e-05	2
0.166	0.0391529	0.504493	0.16801	0.762477	3.43303e-06	5.56415e-05	9.99009e-06	2
0.167	0.0391529	0.504493	0.16801	0.762477	3.39453e-06	5.55204e-05	9.87765e-06	2
0.168	0.0391529	0.504493	0.16801	0.762477	3.36446e-06	5.54025e-05	9.77564e-06	2
0.169	0.0391529	0.504493	0.16801	0.762477	3.33666e-06	5.52895e-05	9.6787e-06	2
0.17	0.0391529	0.504493	0.16801	0.762477	3.31396e-06	5.51848e-05	9.59117e-06	2
0.171	0.0391529	0.504493	0.16801	0.762477	3.29093e-06	5.50813e-05	9.50409e-06	2
0.172	0.0391529	0.504493	0.16801	0.762477	3.27373e-06	5.49889e-05	9.42826e-06	2
0.173	0.0391529	0.504493	0.16801	0.762477	3.25628e-06	5.48975e-05	9.35274e-06	2
0.174	0.0391529	0.504493	0.16801	0.762477	3.23917e-06	5.4808e-05	9.27869e-06	2
0.175	0.0391529	0.504493	0.16801	0.762477	3.22617e-06	5.47274e-05	9.21309e-06	2
0.176	0.0391529	0.504493	0.16801	0.762477	3.21295e-06	5.46474e-05	9.14776e-06	2
0.177	0.0391529	0.504493	0.16801	0.762477	3.1995e-06	5.4568e-05	9.08269e-06	2
0.178	0.0391529	0.504493	0.16801	0.762477	3.18843e-06	5.44942e-05	9.02261e-06	2
0.179	0.0391529	0.504493	0.16801	0.762477	3.17853e-06	5.44236e-05	8.96483e-06	2
0.18	0.0391529	0.504493	0.16801	0.762477	3.16846e-06	5.43534e-05	8.90735e-06	2
0.181	0.0391529	0.504493	0.16801	0.762477	3.15821e-06	5.42838e-05	8.85012e-06	2
0.182	0.0391529	0.504493	0.16801	0.762477	3.14961e-06	5.42182e-05	8.79671e-06	2
0.183	0.0391529	0.504493	0.16801	0.762477	3.14245e-06	5.4156e-05	8.74668e-06	2
0.184	0.0391529	0.504493	0.16801	0.762477	3.13514e-06	5.40943e-05	8.69685e-06	2
0.185	0.0391529	0.504493	0.16801	0.762477	3.12767e-06	5.40329e-05	8.64722e-06	2
0.186	0.0391529	0.504493	0.16801	0.762477	3.12006e-06	5.39719e-05	8.59779e-06	2
0.187	0.0391529	0.504493	0.16801	0.762477	3.11451e-06	5.39157e-05	8.55278e-06	2
0.188	0.0391529	0.504493	0.16801	0.762477	3.10951e-06	5.38611e-05	8.50921e-06	2
0.189	0.0391529	0.504493	0.16801	0.762477	3.10438e-06	5.38068e-05	8.46568e-06	2
0.19	0.0391529	0.504493	0.16801	0.762477	3.09908e-06	5.37526e-05	8.42178e-06	2
0.191	0.0391529	0.504493	0.16801	0.762477	3.09366e-06	5.36987e-05	8.37806e-06	2
0.192	0.0391529	0.504493	0.16801	0.762477	3.08885e-06	5.36466e-05	8.33591e-06	2
0.193	0.0391529	0.504493	0.16801	0.762477	3.08568e-06	5.35981e-05	8.29723e-06	2
0.194	0.0391529	0.504493	0.16801	0.762477	3.08239e-06	5.35499e-05	8.25875e-06	2
0.195	0.0391529	0.504493	0.16801	0.762477	3.079e-06	5.35019e-05	8.22042e-06	2
0.196	0.0391529	0.504493	0.16801	0.762477	3.07557e-06	5.34541e-05	8.18258e-06	2
0.197	0.0391529	0.504493	0.16801	0.762477	3.07204e-06	5.34065e-05	8.14492e-06	2
0.198	0.0391529	0.504493	0.16801	0.762477	3.06861e-06	5.33596e-05	8.10774e-06	2
0.199	0.0391529	0.504493	0.16801	0.762477	3.0669e-06	5.33161e-05	8.07399e-06	2
0.2	0.0391529	0.504493	0.16801	0.762477	3.06516e-06	5.32729e-05	8.04035e-06	2
0.201	0.0391529	0.504493	0.16801	0.762477	3.06329e-06	5.32298e-05	8.00643e-06	2
0.202	0.0391529	0.504493	0.16801	0.762477	3.06131e-06	5.31869e-05	7.97237e-06	2
0.203	0.0391529	0.504493	0.16801	0.762477	3.05924e-06	5.31441e-05	7.93844e-06	2
0.204	0.0391529	0.504493	0.16801	0.762477	3.05709e-06	5.31015e-05	7.90464e-06	2
0.205	0.0391529	0.504493	0.16801	0.762477	3.05508e-06	5.30596e-05	7.87138e-06	2
0.206	0.0391529	0.504493	0.16801	0.762477	3.05474e-06	5.3021e-05	7.84138e-06	2
0.207	0.0391529	0.504493	0.16801	0.762477	3.05433e-06	5.29825e-05	7.81154e-06	2
0.208	0.0391529	0.504493	0.16801	0.762477	3.05385e-06	5.29442e-05	7.78182e-06	2
0.209	0.0391529	0.504493	0.16801	0.762477	3.05331e-06	5.2906e-05	7.75233e-06	2
0.21	0.0391529	0.504493	0.16801	0.762477	3.05273e-06	5.2868e-05	7.72308e-06	2
0.211	0.0391529	0.504493	0.16801	0.762477	3.05207e-06	5.28302e-05	7.69395e-06	2
0.212	0.0391529	0.504493	0.16801	0.762477	3.05135e-06	5.27925e-05	7.66491e-06	2
0.213	0.0391529	0.504493	0.16801	0.762477	3.051e-06	5.27557e-05	7.63652e-06	2
0.214	0.0391529	0.504493	0.16801	0.762477	3.0518e-06	5.27211e-05	7.6101e-06	2
0.215	0.0391529	0.504493	0.16801	0.762477	3.05254e-06	5.26867e-05	7.58376e-06	2
0.216	0.0391529	0.504493	0.16801	0.762477	3.0532e-06	5.26524e-05	7.5575e-06	2
0.217	0.0391529	0.504493	0.16801	0.762477	3.05379e-06	5.26182e-05	7.53132e-06	2
0.218	0.0391529	0.504493	0.16801	0.762477	3.05432e-06	5.25842e-05	7.50523e-06	2
0.219	0.0391529	0.504493	0.16801	0.762477	3.0548e-06	5.25502e-05	7.47923e-06	2
0.22	0.0391529	0.504493	0.16801	0.762477	3.05522e-06	5.25164e-05	7.45333e-06	2
0.221	0.0391529	0.504493	0.16801	0.762477	3.0556e-06	5.24827e-05	7.42758e-06	2
0.222	0.0391529	0.504493	0.16801	0.762477	3.05675e-06	5.24509e-05	7.40348e-06	2
0.223	0.0391529	0.504493	0.16801	0.762477	3.0586e-06	5.24206e-05	7.38099e-06	2
0.224	0.0391529	0.504493	0.16801	0.762477	3.06039e-06	5.23904e-05	7.35856e-06	2
0.225	0.0391529	0.504493	0.16801	0.762477	3.06212e-06	5.23603e-05	7.3362e-06	2
0.226	0.0391529	0.504493	0.16801	0.762477	3.06372e-06	5.23301e-05	7.31355e-06	2
0.227	0.0391529	0.504493	0.16801	0.762477	3.06526e-06	5.23e-05	7.29094e-06	2
0.228	0.0391529	0.504493	0.16801	0.762477	3.06677e-06	5.22701e-05	7.26839e-06	2
0.229	0.0391529	0.504493	0.16801	0.762477	3.06823e-06	5.22403e-05	7.2459e-06	2
0.23	0.0391529	0.504493	0.16801	0.762477	3.06963e-06	5.22105e-05	7.22348e-06	2
0.231	0.0391529	0.504493	0.16801	0.762477	3.07107e-06	5.21811e-05	7.20132e-06	2
0.232	0.0391529	0.504493	0.16801	0.762477	3.0734e-06	5.21537e-05	7.18097e-06	2
0.233	0.0391529	0.504493	0.16801	0.762477	3.0757e-06	5.21265e-05	7.16068e-06	2
0.234	0.0391529	0.504493	0.16801	0.762477	3.07795e-06	5.20992e-05	7.14049e-06	2
0.235	0.0391529	0.504493	0.16801	0.762477	3.08017e-06	5.20721e-05	7.1204e-06	2
0.236	0.0391529	0.504493	0.16801	0.762477	3.08237e-06	5.2045e-05	7.10048e-06	2
0.237	0.0391529	0.504493	0.16801	0.762477	3.08455e-06	5.2018e-05	7.08072e-06	2
0.238	0.0391529	0.504493	0.16801	0.762477	3.08668e-06	5.19911e-05	7.06094e-06	2
0.239	0.0391529	0.504493	0.16801	0.762477	3.08869e-06	5.19642e-05	7.04099e-06	2
0.24	0.0391529	0.504493	0.16801	0.762477	3.09065e-06	5.19373e-05	7.0211e-06	2
0.241	0.0391529	0.504493	0.16801	0.762477	3.09275e-06	5.19109e-05	7.00154e-06	2
0.242	0.0391529	0.504493	0.16801	0.762477	3.09561e-06	5.18865e-05	6.98355e-06	2
0.243	0.0391529	0.504493	0.16801	0.762477	3.09843e-06	5.18622e-05	6.96561e-06	2
0.244	0.0391529	0.504493	0.16801	0.762477	3.10121e-06	5.18379e-05	6.94771e-06	2
0.245	0.0391529	0.504493	0.16801	0.762477	3.10394e-06	5.18137e-05	6.92985e-06	2
0.246	0.0391529	0.504493	0.16801	0.762477	3.10661e-06	5.17896e-05	6.91203e-06	2
0.247	0.0391529	0.504493	0.16801	0.762477	3.10924e-06	5.17655e-05	6.89425e-06	2
0.248	0.0391529	0.504493	0.16801	0.762477	3.11184e-06	5.17416e-05	6.87656e-06	2
0.249	0.0391529	0.504493	0.16801	0.762477	3.1144e-06	5.17176e-05	6.85893e-06	2
0.25	0.0391529	0.504493	0.16801	0.762477	3.11698e-06	5.16938e-05	6.84154e-06	2
0.251	0.0391529	0.504493	0.16801	0.762477	3.11949e-06	5.167e-05	6.82411e-06	2
0.252	0.0391529	0.504493	0.16801	0.762477	3.12271e-06	5.16482e-05	6.80823e-06	2
0.253	0.0391529	0.504493	0.16801	0.762477	3.12597e-06	5.16267e-05	6.79252e-06	2
0.254	0.0391529	0.504493	0.16801	0.762477	3.12919e-06	5.16053e-05	6.77686e-06	2
0.255	0.0391529	0.504493	0.16801	0.762477	3.1324e-06	5.1584e-05	6.76122e-06	2
0.256	0.0391529	0.504493	0.16801	0.762477	3.13559e-06	5.15628e-05	6.7456e-06	2
0.257	0.0391529	0.504493	0.16801	0.762477	3.13875e-06	5.15416e-05	6.73003e-06	2
0.258	0.0391529	0.504493	0.16801	0.762477	3.14188e-06	5.15205e-05	6.71449e-06	2
0.259	0.0391529	0.504493	0.16801	0.762477	3.14497e-06	5.14995e-05	6.69899e-06	2
0.26	0.0391529	0.504493	0.16801	0.762477	3.14801e-06	5.14785e-05	6.68351e-06	2
0.261	0.0391529	0.504493	0.16801	0.762477	3.15102e-06	5.14576e-05	6.66807e-06	2
0.262	0.0391529	0.504493	0.16801	0.762477	3.15431e-06	5.14377e-05	6.65343e-06	2
0.263	0.0391529	0.504493	0.16801	0.762477	3.15784e-06	5.14186e-05	6.63949e-06	2
0.264	0.0391529	0.504493	0.16801	0.762477	3.16134e-06	5.13995e-05	6.62555e-06	2
0.265	0.0391529	0.504493	0.16801	0.762477	3.16479e-06	5.13805e-05	6.61159e-06	2
0.266	0.0391529	0.504493	0.16801	0.762477	3.1682e-06	5.13615e-05	6.59766e-06	2
0.267	0.0391529	0.504493	0.16801	0.762477	3.17159e-06	5.13425e-05	6.58376e-06	2
0.268	0.0391529	0.504493	0.16801	0.762477	3.17493e-06	5.13236e-05	6.56989e-06	2
0.269	0.0391529	0.504493	0.16801	0.762477	3.17828e-06	5.13049e-05	6.55603e-06	2
0.27	0.0391529	0.504493	0.16801	0.762477	3.1816e-06	5.12862e-05	6.5422e-06	2
0.271	0.0391529	0.504493	0.16801	0.762477	3.1849e-06	5.12675e-05	6.52839e-06	2
0.272	0.0391529	0.504493	0.16801	0.762477	3.18828e-06	5.12494e-05	6.51495e-06	2
0.273	0.0391529	0.504493	0.16801	0.762477	3.19191e-06	5.12325e-05	6.50228e-06	2
0.274	0.0391529	0.504493	0.16801	0.762477	3.19551e-06	5.12157e-05	6.48963e-06	2
0.275	0.0391529	0.504493	0.16801	0.762477	3.19906e-06	5.11989e-05	6.477e-06	2
0.276	0.0391529	0.504493	0.16801	0.762477	3.20258e-06	5.11821e-05	6.46444e-06	2
0.277	0.0391529	0.504493	0.16801	0.762477	3.20607e-06	5.11653e-05	6.45189e-06	2
0.278	0.0391529	0.504493	0.16801	0.762477	3.20954e-06	5.11485e-05	6.43935e-06	2
0.279	0.0391529	0.504493	0.16801	0.762477	3.21297e-06	5.11318e-05	6.42685e-06	2
0.28	0.0391529	0.504493	0.16801	0.762477	3.21638e-06	5.11151e-05	6.41436e-06	2
0.281	0.0391529	0.504493	0.16801	0.762477	3.21976e-06	5.10985e-05	6.4019e-06	2
0.282	0.0391529	0.504493	0.16801	0.762477	3.22317e-06	5.10826e-05	6.38979e-06	2
0.283	0.0391529	0.504493	0.16801	0.762477	3.22671e-06	5.10677e-05	6.37825e-06	2
0.284	0.0391529	0.504493	0.16801	0.762477	3.23023e-06	5.1053e-05	6.36674e-06	2
0.285	0.0391529	0.504493	0.16801	0.762477	3.23372e-06	5.10383e-05	6.35524e-06	2
0.286	0.0391529	0.504493	0.16801	0.762477	3.23718e-06	5.10236e-05	6.34377e-06	2
0.287	0.0391529	0.504493	0.16801	0.762477	3.24062e-06	5.1009e-05	6.33232e-06	2
0.288	0.0391529	0.504493	0.16801	0.762477	3.24403e-06	5.09944e-05	6.32088e-06	2
0.289	0.0391529	0.504493	0.16801	0.762477	3.24742e-06	5.09798e-05	6.30948e-06	2
0.29	0.0391529	0.504493	0.16801	0.762477	3.25076e-06	5.09653e-05	6.29804e-06	2
0.291	0.0391529	0.504493	0.16801	0.762477	3.25411e-06	5.09508e-05	6.28675e-06	2
0.292	0.0391529	0.504493	0.16801	0.762477	3.25738e-06	5.09377e-05	6.27609e-06	2
0.293	0.0391529	0.504493	0.16801	0.762477	3.26063e-06	5.09249e-05	6.26551e-06	2
0.294	0.0391529	0.504493	0.16801	0.762477	3.26385e-06	5.09121e-05	6.25495e-06	2
0.295	0.0391529	0.504493	0.16801	0.762477	3.26705e-06	5.08993e-05	6.24441e-06	2
0.296	0.0391529	0.504493	0.16801	0.762477	3.27022e-06	5.08866e-05	6.23387e-06	2
0.297	0.0391529	0.504493	0.16801	0.762477	3.27336e-06	5.0874e-05	6.22332e-06	2
0.298	0.0391529	0.504493	0.16801	0.762477	3.27648e-06	5.08615e-05	6.21278e-06	2
0.299	0.0391529	0.504493	0.16801	0.762477	3.27957e-06	5.0849e-05	6.20226e-06	2
0.3	0.0391529	0.504493	0.16801	0.762477	3.28258e-06	5.08367e-05	6.1918e-06	2
