# Initial no freqs: 1
# Initial no harmonics: 1
# LO frequency set up
# Setting bias
# IF frequency set up
# USB frequency set up
# LSB frequency set up
# Vdc[n-1]: 2.93441 vGap: 1
# starting normalisation at 2.73046
# Response function set
# 
# Mixer currents curve
# IF Freq | Unpumped DC | KK | DC Current | Pump Current | IF Current | Signal Current | Image Current | DC dynamic impedance | Iterations
0.001	0.0391529	0.504493	0.205979	0.681575	1.40143e-05	3.38103e-06	4.65327e-05	1
0.002	0.0391529	0.504493	0.205979	0.681575	1.40291e-05	3.33246e-06	4.64324e-05	2
0.003	0.0391529	0.504493	0.205979	0.681575	1.40382e-05	3.31713e-06	4.64e-05	2
0.004	0.0391529	0.504493	0.205979	0.681575	1.40461e-05	3.31016e-06	4.63847e-05	2
0.005	0.0391529	0.504493	0.205979	0.681575	1.40536e-05	3.30958e-06	4.63746e-05	2
0.006	0.0391529	0.504493	0.205979	0.681575	1.40595e-05	3.33506e-06	4.63554e-05	2
0.007	0.0391529	0.504493	0.205979	0.681575	1.40656e-05	3.35375e-06	4.63419e-05	2
0.008	0.0391529	0.504493	0.205979	0.681575	1.40716e-05	3.3646e-06	4.63352e-05	2
0.009	0.0391529	0.504493	0.205979	0.681575	1.40784e-05	3.36895e-06	4.63218e-05	2
0.01	0.0391529	0.504493	0.205979	0.681575	1.40856e-05	3.37366e-06	4.63033e-05	2
0.011	0.0391529	0.504493	0.205979	0.681575	1.40928e-05	3.37778e-06	4.62887e-05	2
0.012	0.0391529	0.504493	0.205979	0.681575	1.41e-05	3.38158e-06	4.62769e-05	2
0.013	0.0391529	0.504493	0.205979	0.681575	1.41071e-05	3.38538e-06	4.6267e-05	2
0.014	0.0391529	0.504493	0.205979	0.681575	1.4114e-05	3.3914e-06	4.62575e-05	2
0.015	0.0391529	0.504493	0.205979	0.681575	1.41211e-05	3.39694e-06	4.62503e-05	2
0.016	0.0391529	0.504493	0.205979	0.681575	1.41284e-05	3.39912e-06	4.62447e-05	2
0.017	0.0391529	0.504493	0.205979	0.681575	1.41358e-05	3.40086e-06	4.62399e-05	2
0.018	0.0391529	0.504493	0.205979	0.681575	1.41432e-05	3.4026e-06	4.62358e-05	2
0.019	0.0391529	0.504493	0.205979	0.681575	1.41502e-05	3.40947e-06	4.62299e-05	2
0.02	0.0391529	0.504493	0.205979	0.681575	1.4157e-05	3.41854e-06	4.62235e-05	2
0.021	0.0391529	0.504493	0.205979	0.681575	1.4164e-05	3.42692e-06	4.62178e-05	2
0.022	0.0391529	0.504493	0.205979	0.681575	1.4171e-05	3.43475e-06	4.62131e-05	2
0.023	0.0391529	0.504493	0.205979	0.681575	1.41798e-05	3.44266e-06	4.62078e-05	2
0.024	0.0391529	0.504493	0.205979	0.681575	1.41884e-05	3.44931e-06	4.6203e-05	2
0.025	0.0391529	0.504493	0.205979	0.681575	1.41969e-05	3.45558e-06	4.61989e-05	2
0.026	0.0391529	0.504493	0.205979	0.681575	1.42054e-05	3.4615e-06	4.61954e-05	2
0.027	0.0391529	0.504493	0.205979	0.681575	1.42137e-05	3.46757e-06	4.61922e-05	2
0.028	0.0391529	0.504493	0.205979	0.681575	1.42218e-05	3.47438e-06	4.61888e-05	2
0.029	0.0391529	0.504493	0.205979	0.681575	1.423e-05	3.4789e-06	4.61818e-05	2
0.03	0.0391529	0.504493	0.205979	0.681575	1.42388e-05	3.48118e-06	4.61737e-05	2
0.031	0.0391529	0.504493	0.205979	0.681575	1.42479e-05	3.48124e-06	4.61678e-05	2
0.032	0.0391529	0.504493	0.205979	0.681575	1.42568e-05	3.48255e-06	4.61619e-05	2
0.033	0.0391529	0.504493	0.205979	0.681575	1.42653e-05	3.48799e-06	4.61547e-05	2
0.034	0.0391529	0.504493	0.205979	0.681575	1.42737e-05	3.49333e-06	4.61481e-05	2
0.035	0.0391529	0.504493	0.205979	0.681575	1.42821e-05	3.4985e-06	4.61421e-05	2
0.036	0.0391529	0.504493	0.205979	0.681575	1.42905e-05	3.50375e-06	4.61348e-05	2
0.037	0.0391529	0.504493	0.205979	0.681575	1.42989e-05	3.50901e-06	4.61268e-05	2
0.038	0.0391529	0.504493	0.205979	0.681575	1.43077e-05	3.51413e-06	4.61224e-05	2
0.039	0.0391529	0.504493	0.205979	0.681575	1.43164e-05	3.51907e-06	4.61187e-05	2
0.04	0.0391529	0.504493	0.205979	0.681575	1.43252e-05	3.52387e-06	4.61156e-05	2
0.041	0.0391529	0.504493	0.205979	0.681575	1.43336e-05	3.52959e-06	4.61122e-05	2
0.042	0.0391529	0.504493	0.205979	0.681575	1.43418e-05	3.53646e-06	4.61084e-05	2
0.043	0.0391529	0.504493	0.205979	0.681575	1.43499e-05	3.54273e-06	4.61043e-05	2
0.044	0.0391529	0.504493	0.205979	0.681575	1.4358e-05	3.54865e-06	4.61002e-05	2
0.045	0.0391529	0.504493	0.205979	0.681575	1.43661e-05	3.55357e-06	4.60967e-05	2
0.046	0.0391529	0.504493	0.205979	0.681575	1.4374e-05	3.56007e-06	4.60941e-05	2
0.047	0.0391529	0.504493	0.205979	0.681575	1.43816e-05	3.5673e-06	4.60914e-05	2
0.048	0.0391529	0.504493	0.205979	0.681575	1.43893e-05	3.57438e-06	4.60891e-05	2
0.049	0.0391529	0.504493	0.205979	0.681575	1.4397e-05	3.58136e-06	4.60869e-05	2
0.05	0.0391529	0.504493	0.205979	0.681575	1.44047e-05	3.58845e-06	4.60831e-05	2
0.051	0.0391529	0.504493	0.205979	0.681575	1.44124e-05	3.59537e-06	4.60796e-05	2
0.052	0.0391529	0.504493	0.205979	0.681575	1.44202e-05	3.60213e-06	4.60765e-05	2
0.053	0.0391529	0.504493	0.205979	0.681575	1.44278e-05	3.60863e-06	4.60745e-05	2
0.054	0.0391529	0.504493	0.205979	0.681575	1.44357e-05	3.61492e-06	4.60742e-05	2
0.055	0.0391529	0.504493	0.205979	0.681575	1.44433e-05	3.62205e-06	4.60736e-05	2
0.056	0.0391529	0.504493	0.205979	0.681575	1.44507e-05	3.62959e-06	4.60728e-05	2
0.057	0.0391529	0.504493	0.205979	0.681575	1.44581e-05	3.63617e-06	4.60708e-05	2
0.058	0.0391529	0.504493	0.205979	0.681575	1.44655e-05	3.64253e-06	4.60688e-05	2
0.059	0.0391529	0.504493	0.205979	0.681575	1.44726e-05	3.64992e-06	4.60664e-05	2
0.06	0.0391529	0.504493	0.205979	0.681575	1.4479e-05	3.65855e-06	4.60632e-05	2
0.061	0.0391529	0.504493	0.205979	0.681575	1.44855e-05	3.66671e-06	4.60612e-05	2
0.062	0.0391529	0.504493	0.205979	0.681575	1.44921e-05	3.67464e-06	4.60604e-05	2
0.063	0.0391529	0.504493	0.205979	0.681575	1.44987e-05	3.68258e-06	4.60589e-05	2
0.064	0.0391529	0.504493	0.205979	0.681575	1.45053e-05	3.69049e-06	4.60568e-05	2
0.065	0.0391529	0.504493	0.205979	0.681575	1.4512e-05	3.69827e-06	4.60551e-05	2
0.066	0.0391529	0.504493	0.205979	0.681575	1.45187e-05	3.7059e-06	4.60536e-05	2
0.067	0.0391529	0.504493	0.205979	0.681575	1.45255e-05	3.71328e-06	4.60524e-05	2
0.068	0.0391529	0.504493	0.205979	0.681575	1.45324e-05	3.72037e-06	4.60514e-05	2
0.069	0.0391529	0.504493	0.205979	0.681575	1.4539e-05	3.72831e-06	4.60509e-05	2
0.07	0.0391529	0.504493	0.205979	0.681575	1.45455e-05	3.73622e-06	4.60508e-05	2
0.071	0.0391529	0.504493	0.205979	0.681575	1.4552e-05	3.74294e-06	4.60488e-05	2
0.072	0.0391529	0.504493	0.205979	0.681575	1.45584e-05	3.74984e-06	4.60469e-05	2
0.073	0.0391529	0.504493	0.205979	0.681575	1.45639e-05	3.75948e-06	4.6044e-05	2
0.074	0.0391529	0.504493	0.205979	0.681575	1.45694e-05	3.76891e-06	4.60413e-05	2
0.075	0.0391529	0.504493	0.205979	0.681575	1.45751e-05	3.77769e-06	4.60388e-05	2
0.076	0.0391529	0.504493	0.205979	0.681575	1.45809e-05	3.78635e-06	4.60367e-05	2
0.077	0.0391529	0.504493	0.205979	0.681575	1.45865e-05	3.79487e-06	4.60345e-05	2
0.078	0.0391529	0.504493	0.205979	0.681575	1.45922e-05	3.80322e-06	4.6033e-05	2
0.079	0.0391529	0.504493	0.205979	0.681575	1.4598e-05	3.81145e-06	4.60318e-05	2
0.08	0.0391529	0.504493	0.205979	0.681575	1.46038e-05	3.81958e-06	4.60308e-05	2
0.081	0.0391529	0.504493	0.205979	0.681575	1.46097e-05	3.82761e-06	4.60301e-05	2
0.082	0.0391529	0.504493	0.205979	0.681575	1.46157e-05	3.83501e-06	4.60295e-05	2
0.083	0.0391529	0.504493	0.205979	0.681575	1.46214e-05	3.8432e-06	4.60285e-05	2
0.084	0.0391529	0.504493	0.205979	0.681575	1.46271e-05	3.8513e-06	4.60278e-05	2
0.085	0.0391529	0.504493	0.205979	0.681575	1.46329e-05	3.85917e-06	4.60278e-05	2
0.086	0.0391529	0.504493	0.205979	0.681575	1.46379e-05	3.86897e-06	4.60273e-05	2
0.087	0.0391529	0.504493	0.205979	0.681575	1.46429e-05	3.87879e-06	4.60269e-05	2
0.088	0.0391529	0.504493	0.205979	0.681575	1.4648e-05	3.88848e-06	4.60267e-05	2
0.089	0.0391529	0.504493	0.205979	0.681575	1.46532e-05	3.89806e-06	4.60268e-05	2
0.09	0.0391529	0.504493	0.205979	0.681575	1.46584e-05	3.90746e-06	4.60268e-05	2
0.091	0.0391529	0.504493	0.205979	0.681575	1.46637e-05	3.91682e-06	4.60265e-05	2
0.092	0.0391529	0.504493	0.205979	0.681575	1.46689e-05	3.92606e-06	4.60265e-05	2
0.093	0.0391529	0.504493	0.205979	0.681575	1.46746e-05	3.93541e-06	4.60273e-05	2
0.094	0.0391529	0.504493	0.205979	0.681575	1.46804e-05	3.9447e-06	4.60284e-05	2
0.095	0.0391529	0.504493	0.205979	0.681575	1.46863e-05	3.95389e-06	4.60298e-05	2
0.096	0.0391529	0.504493	0.205979	0.681575	1.46922e-05	3.96304e-06	4.60312e-05	2
0.097	0.0391529	0.504493	0.205979	0.681575	1.46978e-05	3.97207e-06	4.60321e-05	2
0.098	0.0391529	0.504493	0.205979	0.681575	1.47034e-05	3.98057e-06	4.60325e-05	2
0.099	0.0391529	0.504493	0.205979	0.681575	1.47082e-05	3.99029e-06	4.60312e-05	2
0.1	0.0391529	0.504493	0.205979	0.681575	1.47131e-05	4.00012e-06	4.60302e-05	2
0.101	0.0391529	0.504493	0.205979	0.681575	1.472e-05	4.01124e-06	4.60353e-05	2
0.102	0.0391529	0.504493	0.205979	0.681575	1.47273e-05	4.02251e-06	4.60417e-05	2
0.103	0.0391529	0.504493	0.205979	0.681575	1.47346e-05	4.03373e-06	4.60482e-05	2
0.104	0.0391529	0.504493	0.205979	0.681575	1.47418e-05	4.04487e-06	4.60545e-05	2
0.105	0.0391529	0.504493	0.205979	0.681575	1.4749e-05	4.0559e-06	4.60609e-05	2
0.106	0.0391529	0.504493	0.205979	0.681575	1.47563e-05	4.06683e-06	4.60674e-05	2
0.107	0.0391529	0.504493	0.205979	0.681575	1.47636e-05	4.07767e-06	4.6074e-05	2
0.108	0.0391529	0.504493	0.205979	0.681575	1.47709e-05	4.08841e-06	4.60809e-05	2
0.109	0.0391529	0.504493	0.205979	0.681575	1.47785e-05	4.09914e-06	4.60885e-05	2
0.11	0.0391529	0.504493	0.205979	0.681575	1.47873e-05	4.11101e-06	4.61026e-05	2
0.111	0.0391529	0.504493	0.205979	0.681575	1.47959e-05	4.12299e-06	4.61162e-05	2
0.112	0.0391529	0.504493	0.205979	0.681575	1.48037e-05	4.13612e-06	4.61285e-05	2
0.113	0.0391529	0.504493	0.205979	0.681575	1.48115e-05	4.14907e-06	4.61405e-05	2
0.114	0.0391529	0.504493	0.205979	0.681575	1.48193e-05	4.16191e-06	4.61526e-05	2
0.115	0.0391529	0.504493	0.205979	0.681575	1.48271e-05	4.17466e-06	4.61649e-05	2
0.116	0.0391529	0.504493	0.205979	0.681575	1.4835e-05	4.18732e-06	4.61772e-05	2
0.117	0.0391529	0.504493	0.205979	0.681575	1.4843e-05	4.1999e-06	4.61897e-05	2
0.118	0.0391529	0.504493	0.205979	0.681575	1.48508e-05	4.21235e-06	4.62019e-05	2
0.119	0.0391529	0.504493	0.205979	0.681575	1.4859e-05	4.22484e-06	4.6218e-05	2
0.12	0.0391529	0.504493	0.205979	0.681575	1.48675e-05	4.23736e-06	4.62361e-05	2
0.121	0.0391529	0.504493	0.205979	0.681575	1.4876e-05	4.24982e-06	4.62544e-05	2
0.122	0.0391529	0.504493	0.205979	0.681575	1.48846e-05	4.26221e-06	4.62726e-05	2
0.123	0.0391529	0.504493	0.205979	0.681575	1.48933e-05	4.27453e-06	4.62909e-05	2
0.124	0.0391529	0.504493	0.205979	0.681575	1.49016e-05	4.28747e-06	4.63089e-05	2
0.125	0.0391529	0.504493	0.205979	0.681575	1.49089e-05	4.30327e-06	4.63255e-05	2
0.126	0.0391529	0.504493	0.205979	0.681575	1.4916e-05	4.31845e-06	4.63415e-05	2
0.127	0.0391529	0.504493	0.205979	0.681575	1.49231e-05	4.33347e-06	4.63575e-05	2
0.128	0.0391529	0.504493	0.205979	0.681575	1.49303e-05	4.34838e-06	4.63735e-05	2
0.129	0.0391529	0.504493	0.205979	0.681575	1.49376e-05	4.36322e-06	4.6393e-05	2
0.13	0.0391529	0.504493	0.205979	0.681575	1.49451e-05	4.37798e-06	4.6414e-05	2
0.131	0.0391529	0.504493	0.205979	0.681575	1.49525e-05	4.39267e-06	4.64349e-05	2
0.132	0.0391529	0.504493	0.205979	0.681575	1.49599e-05	4.40729e-06	4.64557e-05	2
0.133	0.0391529	0.504493	0.205979	0.681575	1.49673e-05	4.42171e-06	4.64766e-05	2
0.134	0.0391529	0.504493	0.205979	0.681575	1.49748e-05	4.43603e-06	4.64974e-05	2
0.135	0.0391529	0.504493	0.205979	0.681575	1.49823e-05	4.45029e-06	4.65183e-05	2
0.136	0.0391529	0.504493	0.205979	0.681575	1.499e-05	4.46448e-06	4.65393e-05	2
0.137	0.0391529	0.504493	0.205979	0.681575	1.49974e-05	4.47923e-06	4.65601e-05	2
0.138	0.0391529	0.504493	0.205979	0.681575	1.50039e-05	4.49635e-06	4.65796e-05	2
0.139	0.0391529	0.504493	0.205979	0.681575	1.50102e-05	4.51344e-06	4.66009e-05	2
0.14	0.0391529	0.504493	0.205979	0.681575	1.50162e-05	4.52994e-06	4.66238e-05	2
0.141	0.0391529	0.504493	0.205979	0.681575	1.50222e-05	4.54637e-06	4.66468e-05	2
0.142	0.0391529	0.504493	0.205979	0.681575	1.50284e-05	4.56274e-06	4.66699e-05	2
0.143	0.0391529	0.504493	0.205979	0.681575	1.50347e-05	4.57905e-06	4.6693e-05	2
0.144	0.0391529	0.504493	0.205979	0.681575	1.50411e-05	4.59531e-06	4.67161e-05	2
0.145	0.0391529	0.504493	0.205979	0.681575	1.50474e-05	4.61149e-06	4.67392e-05	2
0.146	0.0391529	0.504493	0.205979	0.681575	1.50537e-05	4.6276e-06	4.67623e-05	2
0.147	0.0391529	0.504493	0.205979	0.681575	1.50602e-05	4.64361e-06	4.67854e-05	2
0.148	0.0391529	0.504493	0.205979	0.681575	1.50667e-05	4.65952e-06	4.68086e-05	2
0.149	0.0391529	0.504493	0.205979	0.681575	1.50733e-05	4.67535e-06	4.68323e-05	2
0.15	0.0391529	0.504493	0.205979	0.681575	1.5079e-05	4.69171e-06	4.68594e-05	2
0.151	0.0391529	0.504493	0.205979	0.681575	1.50845e-05	4.70898e-06	4.68862e-05	2
0.152	0.0391529	0.504493	0.205979	0.681575	1.50896e-05	4.72686e-06	4.69125e-05	2
0.153	0.0391529	0.504493	0.205979	0.681575	1.50948e-05	4.7446e-06	4.69387e-05	2
0.154	0.0391529	0.504493	0.205979	0.681575	1.50998e-05	4.76198e-06	4.69645e-05	2
0.155	0.0391529	0.504493	0.205979	0.681575	1.5105e-05	4.77933e-06	4.69904e-05	2
0.156	0.0391529	0.504493	0.205979	0.681575	1.51104e-05	4.79666e-06	4.70164e-05	2
0.157	0.0391529	0.504493	0.205979	0.681575	1.51158e-05	4.81396e-06	4.70424e-05	2
0.158	0.0391529	0.504493	0.205979	0.681575	1.51214e-05	4.83122e-06	4.70685e-05	2
0.159	0.0391529	0.504493	0.205979	0.681575	1.51269e-05	4.84843e-06	4.70947e-05	2
0.16	0.0391529	0.504493	0.205979	0.681575	1.51317e-05	4.8652e-06	4.71236e-05	2
0.161	0.0391529	0.504493	0.205979	0.681575	1.51366e-05	4.88188e-06	4.71531e-05	2
0.162	0.0391529	0.504493	0.205979	0.681575	1.51416e-05	4.89843e-06	4.71826e-05	2
0.163	0.0391529	0.504493	0.205979	0.681575	1.51458e-05	4.91735e-06	4.72113e-05	2
0.164	0.0391529	0.504493	0.205979	0.681575	1.51499e-05	4.93688e-06	4.72398e-05	2
0.165	0.0391529	0.504493	0.205979	0.681575	1.5154e-05	4.95662e-06	4.72682e-05	2
0.166	0.0391529	0.504493	0.205979	0.681575	1.51579e-05	4.97678e-06	4.72963e-05	2
0.167	0.0391529	0.504493	0.205979	0.681575	1.51617e-05	4.99663e-06	4.73243e-05	2
0.168	0.0391529	0.504493	0.205979	0.681575	1.51653e-05	5.01609e-06	4.73522e-05	2
0.169	0.0391529	0.504493	0.205979	0.681575	1.51691e-05	5.0355e-06	4.73801e-05	2
0.17	0.0391529	0.504493	0.205979	0.681575	1.51719e-05	5.05437e-06	4.74102e-05	2
0.171	0.0391529	0.504493	0.205979	0.681575	1.51748e-05	5.07321e-06	4.74407e-05	2
0.172	0.0391529	0.504493	0.205979	0.681575	1.51778e-05	5.09206e-06	4.74713e-05	2
0.173	0.0391529	0.504493	0.205979	0.681575	1.51808e-05	5.11091e-06	4.7502e-05	2
0.174	0.0391529	0.504493	0.205979	0.681575	1.5184e-05	5.12979e-06	4.75329e-05	2
0.175	0.0391529	0.504493	0.205979	0.681575	1.51872e-05	5.14895e-06	4.75638e-05	2
0.176	0.0391529	0.504493	0.205979	0.681575	1.51893e-05	5.17095e-06	4.75936e-05	2
0.177	0.0391529	0.504493	0.205979	0.681575	1.51915e-05	5.19293e-06	4.76236e-05	2
0.178	0.0391529	0.504493	0.205979	0.681575	1.5194e-05	5.2149e-06	4.76537e-05	2
0.179	0.0391529	0.504493	0.205979	0.681575	1.51955e-05	5.23698e-06	4.76851e-05	2
0.18	0.0391529	0.504493	0.205979	0.681575	1.51962e-05	5.25898e-06	4.77181e-05	2
0.181	0.0391529	0.504493	0.205979	0.681575	1.51967e-05	5.28065e-06	4.7751e-05	2
0.182	0.0391529	0.504493	0.205979	0.681575	1.51972e-05	5.30224e-06	4.77841e-05	2
0.183	0.0391529	0.504493	0.205979	0.681575	1.5198e-05	5.32381e-06	4.78173e-05	2
0.184	0.0391529	0.504493	0.205979	0.681575	1.5199e-05	5.34541e-06	4.78508e-05	2
0.185	0.0391529	0.504493	0.205979	0.681575	1.52002e-05	5.36708e-06	4.78844e-05	2
0.186	0.0391529	0.504493	0.205979	0.681575	1.52015e-05	5.38877e-06	4.79182e-05	2
0.187	0.0391529	0.504493	0.205979	0.681575	1.5203e-05	5.41049e-06	4.79523e-05	2
0.188	0.0391529	0.504493	0.205979	0.681575	1.52021e-05	5.43286e-06	4.79871e-05	2
0.189	0.0391529	0.504493	0.205979	0.681575	1.52e-05	5.45638e-06	4.80219e-05	2
0.19	0.0391529	0.504493	0.205979	0.681575	1.51982e-05	5.47996e-06	4.80571e-05	2
0.191	0.0391529	0.504493	0.205979	0.681575	1.51966e-05	5.50362e-06	4.80925e-05	2
0.192	0.0391529	0.504493	0.205979	0.681575	1.51953e-05	5.52738e-06	4.81282e-05	2
0.193	0.0391529	0.504493	0.205979	0.681575	1.5194e-05	5.55188e-06	4.81637e-05	2
0.194	0.0391529	0.504493	0.205979	0.681575	1.51928e-05	5.57642e-06	4.81994e-05	2
0.195	0.0391529	0.504493	0.205979	0.681575	1.51915e-05	5.60072e-06	4.82353e-05	2
0.196	0.0391529	0.504493	0.205979	0.681575	1.51884e-05	5.62441e-06	4.82728e-05	2
0.197	0.0391529	0.504493	0.205979	0.681575	1.51853e-05	5.64815e-06	4.83108e-05	2
0.198	0.0391529	0.504493	0.205979	0.681575	1.51826e-05	5.67197e-06	4.83492e-05	2
0.199	0.0391529	0.504493	0.205979	0.681575	1.51803e-05	5.69598e-06	4.83879e-05	2
0.2	0.0391529	0.504493	0.205979	0.681575	1.51772e-05	5.72115e-06	4.84267e-05	2
0.201	0.0391529	0.504493	0.205979	0.681575	1.51732e-05	5.74816e-06	4.84652e-05	2
0.202	0.0391529	0.504493	0.205979	0.681575	1.51695e-05	5.77531e-06	4.85042e-05	2
0.203	0.0391529	0.504493	0.205979	0.681575	1.5164e-05	5.80196e-06	4.85444e-05	2
0.204	0.0391529	0.504493	0.205979	0.681575	1.51587e-05	5.82877e-06	4.85851e-05	2
0.205	0.0391529	0.504493	0.205979	0.681575	1.51537e-05	5.85579e-06	4.86263e-05	2
0.206	0.0391529	0.504493	0.205979	0.681575	1.51491e-05	5.88327e-06	4.86679e-05	2
0.207	0.0391529	0.504493	0.205979	0.681575	1.51445e-05	5.91152e-06	4.87095e-05	2
0.208	0.0391529	0.504493	0.205979	0.681575	1.51401e-05	5.93974e-06	4.87515e-05	2
0.209	0.0391529	0.504493	0.205979	0.681575	1.5134e-05	5.96775e-06	4.87952e-05	2
0.21	0.0391529	0.504493	0.205979	0.681575	1.51276e-05	5.99596e-06	4.88401e-05	2
0.211	0.0391529	0.504493	0.205979	0.681575	1.51217e-05	6.02451e-06	4.88855e-05	2
0.212	0.0391529	0.504493	0.205979	0.681575	1.51148e-05	6.05509e-06	4.8931e-05	2
0.213	0.0391529	0.504493	0.205979	0.681575	1.51078e-05	6.08641e-06	4.8977e-05	2
0.214	0.0391529	0.504493	0.205979	0.681575	1.51004e-05	6.11786e-06	4.90242e-05	2
0.215	0.0391529	0.504493	0.205979	0.681575	1.50912e-05	6.14948e-06	4.90735e-05	2
0.216	0.0391529	0.504493	0.205979	0.681575	1.50826e-05	6.18153e-06	4.91236e-05	2
0.217	0.0391529	0.504493	0.205979	0.681575	1.50746e-05	6.21402e-06	4.91746e-05	2
0.218	0.0391529	0.504493	0.205979	0.681575	1.50671e-05	6.24693e-06	4.92263e-05	2
0.219	0.0391529	0.504493	0.205979	0.681575	1.50586e-05	6.28014e-06	4.92795e-05	2
0.22	0.0391529	0.504493	0.205979	0.681575	1.50485e-05	6.31426e-06	4.93341e-05	2
0.221	0.0391529	0.504493	0.205979	0.681575	1.50389e-05	6.34917e-06	4.93895e-05	2
0.222	0.0391529	0.504493	0.205979	0.681575	1.50298e-05	6.38445e-06	4.94458e-05	2
0.223	0.0391529	0.504493	0.205979	0.681575	1.50183e-05	6.42194e-06	4.9503e-05	2
0.224	0.0391529	0.504493	0.205979	0.681575	1.50043e-05	6.46062e-06	4.95616e-05	2
0.225	0.0391529	0.504493	0.205979	0.681575	1.49912e-05	6.50008e-06	4.96216e-05	2
0.226	0.0391529	0.504493	0.205979	0.681575	1.49789e-05	6.54026e-06	4.9683e-05	2
0.227	0.0391529	0.504493	0.205979	0.681575	1.49624e-05	6.58072e-06	4.97452e-05	2
0.228	0.0391529	0.504493	0.205979	0.681575	1.49462e-05	6.62212e-06	4.98092e-05	2
0.229	0.0391529	0.504493	0.205979	0.681575	1.49311e-05	6.66456e-06	4.98751e-05	2
0.23	0.0391529	0.504493	0.205979	0.681575	1.49093e-05	6.70646e-06	4.99375e-05	2
0.231	0.0391529	0.504493	0.205979	0.681575	1.48889e-05	6.74981e-06	5.00024e-05	2
0.232	0.0391529	0.504493	0.205979	0.681575	1.48618e-05	6.7916e-06	5.00593e-05	2
0.233	0.0391529	0.504493	0.205979	0.681575	1.48321e-05	6.83429e-06	5.01145e-05	2
0.234	0.0391529	0.504493	0.205979	0.681575	1.47832e-05	6.86902e-06	5.01288e-05	2
0.235	0.0391529	0.504493	0.205979	0.681575	1.47227e-05	6.89407e-06	5.01091e-05	2
0.236	0.0391529	0.504493	0.205979	0.681575	1.46549e-05	6.9111e-06	5.00609e-05	2
0.237	0.0391529	0.504493	0.205979	0.681575	1.45867e-05	6.9269e-06	5.00062e-05	2
0.238	0.0391529	0.504493	0.205979	0.681575	1.45182e-05	6.94364e-06	4.99507e-05	2
0.239	0.0391529	0.504493	0.205979	0.681575	1.44483e-05	6.96123e-06	4.98935e-05	2
0.24	0.0391529	0.504493	0.205979	0.681575	1.43758e-05	6.97971e-06	4.98336e-05	2
0.241	0.0391529	0.504493	0.205979	0.681575	1.42984e-05	6.99864e-06	4.97683e-05	2
0.242	0.0391529	0.504493	0.205979	0.681575	1.4213e-05	7.01663e-06	4.96906e-05	2
0.243	0.0391529	0.504493	0.205979	0.681575	1.41059e-05	7.02479e-06	4.95659e-05	2
0.244	0.0391529	0.504493	0.205979	0.681575	1.39631e-05	7.00376e-06	4.93309e-05	2
0.245	0.0391529	0.504493	0.205979	0.681575	1.38121e-05	6.96801e-06	4.90491e-05	2
0.246	0.0391529	0.504493	0.205979	0.681575	1.36597e-05	6.92611e-06	4.87471e-05	2
0.247	0.0391529	0.504493	0.205979	0.681575	1.35052e-05	6.88015e-06	4.84285e-05	2
0.248	0.0391529	0.504493	0.205979	0.681575	1.33466e-05	6.82966e-06	4.80904e-05	2
0.249	0.0391529	0.504493	0.205979	0.681575	1.31821e-05	6.77231e-06	4.77266e-05	2
0.25	0.0391529	0.504493	0.205979	0.681575	1.3012e-05	6.70697e-06	4.73349e-05	2
0.251	0.0391529	0.504493	0.205979	0.681575	1.28373e-05	6.63315e-06	4.69154e-05	2
0.252	0.0391529	0.504493	0.205979	0.681575	1.26592e-05	6.55181e-06	4.64722e-05	2
0.253	0.0391529	0.504493	0.205979	0.681575	1.24771e-05	6.46205e-06	4.60013e-05	2
0.254	0.0391529	0.504493	0.205979	0.681575	1.22946e-05	6.36053e-06	4.55019e-05	2
0.255	0.0391529	0.504493	0.205979	0.681575	1.2129e-05	6.26233e-06	4.50313e-05	2
0.256	0.0391529	0.504493	0.205979	0.681575	1.19753e-05	6.1712e-06	4.45892e-05	2
0.257	0.0391529	0.504493	0.205979	0.681575	1.18284e-05	6.08497e-06	4.4164e-05	2
0.258	0.0391529	0.504493	0.205979	0.681575	1.16836e-05	6.00015e-06	4.37421e-05	2
0.259	0.0391529	0.504493	0.205979	0.681575	1.15367e-05	5.91339e-06	4.33108e-05	2
0.26	0.0391529	0.504493	0.205979	0.681575	1.13832e-05	5.81147e-06	4.28382e-05	2
0.261	0.0391529	0.504493	0.205979	0.681575	1.12415e-05	5.70459e-06	4.23728e-05	2
0.262	0.0391529	0.504493	0.205979	0.681575	1.11151e-05	5.60514e-06	4.19434e-05	2
0.263	0.0391529	0.504493	0.205979	0.681575	1.09994e-05	5.51417e-06	4.15444e-05	2
0.264	0.0391529	0.504493	0.205979	0.681575	1.08912e-05	5.42771e-06	4.11647e-05	2
0.265	0.0391529	0.504493	0.205979	0.681575	1.07887e-05	5.34496e-06	4.08002e-05	2
0.266	0.0391529	0.504493	0.205979	0.681575	1.0691e-05	5.26503e-06	4.04475e-05	2
0.267	0.0391529	0.504493	0.205979	0.681575	1.05963e-05	5.18638e-06	4.01012e-05	2
0.268	0.0391529	0.504493	0.205979	0.681575	1.05037e-05	5.10797e-06	3.97575e-05	2
0.269	0.0391529	0.504493	0.205979	0.681575	1.04111e-05	5.02642e-06	3.94081e-05	2
0.27	0.0391529	0.504493	0.205979	0.681575	1.0321e-05	4.94043e-06	3.90542e-05	2
0.271	0.0391529	0.504493	0.205979	0.681575	1.02369e-05	4.85203e-06	3.87047e-05	2
0.272	0.0391529	0.504493	0.205979	0.681575	1.01694e-05	4.77088e-06	3.83977e-05	2
0.273	0.0391529	0.504493	0.205979	0.681575	1.01066e-05	4.69084e-06	3.81005e-05	2
0.274	0.0391529	0.504493	0.205979	0.681575	1.00535e-05	4.6199e-06	3.78369e-05	2
0.275	0.0391529	0.504493	0.205979	0.681575	1.00063e-05	4.55484e-06	3.75938e-05	2
0.276	0.0391529	0.504493	0.205979	0.681575	9.9595e-06	4.4891e-06	3.73496e-05	2
0.277	0.0391529	0.504493	0.205979	0.681575	9.92095e-06	4.4327e-06	3.71375e-05	2
0.278	0.0391529	0.504493	0.205979	0.681575	9.88517e-06	4.37881e-06	3.69349e-05	2
0.279	0.0391529	0.504493	0.205979	0.681575	9.84858e-06	4.32617e-06	3.67318e-05	2
0.28	0.0391529	0.504493	0.205979	0.681575	9.81346e-06	4.27695e-06	3.65368e-05	2
0.281	0.0391529	0.504493	0.205979	0.681575	9.78444e-06	4.23548e-06	3.63672e-05	2
0.282	0.0391529	0.504493	0.205979	0.681575	9.75565e-06	4.19344e-06	3.61972e-05	2
0.283	0.0391529	0.504493	0.205979	0.681575	9.72697e-06	4.15077e-06	3.60272e-05	2
0.284	0.0391529	0.504493	0.205979	0.681575	9.69909e-06	4.10835e-06	3.58591e-05	2
0.285	0.0391529	0.504493	0.205979	0.681575	9.67678e-06	4.07385e-06	3.5716e-05	2
0.286	0.0391529	0.504493	0.205979	0.681575	9.6547e-06	4.03887e-06	3.55725e-05	2
0.287	0.0391529	0.504493	0.205979	0.681575	9.63121e-06	4.00615e-06	3.54292e-05	2
0.288	0.0391529	0.504493	0.205979	0.681575	9.60763e-06	3.97353e-06	3.52856e-05	2
0.289	0.0391529	0.504493	0.205979	0.681575	9.58558e-06	3.94304e-06	3.51483e-05	2
0.29	0.0391529	0.504493	0.205979	0.681575	9.56695e-06	3.91754e-06	3.50267e-05	2
0.291	0.0391529	0.504493	0.205979	0.681575	9.54853e-06	3.89155e-06	3.49048e-05	2
0.292	0.0391529	0.504493	0.205979	0.681575	9.53034e-06	3.8651e-06	3.47827e-05	2
0.293	0.0391529	0.504493	0.205979	0.681575	9.51237e-06	3.83819e-06	3.46602e-05	2
0.294	0.0391529	0.504493	0.205979	0.681575	9.49328e-06	3.8131e-06	3.45382e-05	2
0.295	0.0391529	0.504493	0.205979	0.681575	9.47698e-06	3.79416e-06	3.44327e-05	2
0.296	0.0391529	0.504493	0.205979	0.681575	9.46122e-06	3.77543e-06	3.43292e-05	2
0.297	0.0391529	0.504493	0.205979	0.681575	9.4456e-06	3.75618e-06	3.42259e-05	2
0.298	0.0391529	0.504493	0.205979	0.681575	9.43021e-06	3.73646e-06	3.41223e-05	2
0.299	0.0391529	0.504493	0.205979	0.681575	9.41504e-06	3.71628e-06	3.40184e-05	2
0.3	0.0391529	0.504493	0.205979	0.681575	9.39981e-06	3.69615e-06	3.39145e-05	2
