# Initial no freqs: 1
# Initial no harmonics: 1
# LO frequency set up
# Setting bias
# IF frequency set up
# USB frequency set up
# LSB frequency set up
# Vdc[n-1]: 2.93441 vGap: 1
# starting normalisation at 2.73046
# Response function set
# 
# Mixer currents curve
# IF Freq | Unpumped DC | KK | DC Current | Pump Current | IF Current | Signal Current | Image Current | DC dynamic impedance | Iterations
0.001	0.0391529	0.504493	0.304677	0.74856	1.01875e-05	1.82279e-05	4.89495e-05	1
0.002	0.0391529	0.504493	0.304677	0.74856	1.02224e-05	1.80787e-05	4.91242e-05	2
0.003	0.0391529	0.504493	0.304677	0.74856	1.02458e-05	1.80141e-05	4.90287e-05	2
0.004	0.0391529	0.504493	0.304677	0.74856	1.02818e-05	1.80099e-05	4.88247e-05	2
0.005	0.0391529	0.504493	0.304677	0.74856	1.03587e-05	1.8028e-05	4.86303e-05	2
0.006	0.0391529	0.504493	0.304677	0.74856	1.04372e-05	1.80066e-05	4.8471e-05	2
0.007	0.0391529	0.504493	0.304677	0.74856	1.05143e-05	1.79241e-05	4.8377e-05	2
0.008	0.0391529	0.504493	0.304677	0.74856	1.06552e-05	1.78209e-05	4.81887e-05	2
0.009	0.0391529	0.504493	0.304677	0.74856	1.08073e-05	1.77974e-05	4.80233e-05	2
0.01	0.0391529	0.504493	0.304677	0.74856	1.09536e-05	1.78241e-05	4.78993e-05	2
0.011	0.0391529	0.504493	0.304677	0.74856	1.11093e-05	1.79067e-05	4.77506e-05	2
0.012	0.0391529	0.504493	0.304677	0.74856	1.12629e-05	1.8036e-05	4.74927e-05	2
0.013	0.0391529	0.504493	0.304677	0.74856	1.14046e-05	1.81958e-05	4.71155e-05	2
0.014	0.0391529	0.504493	0.304677	0.74856	1.15397e-05	1.83532e-05	4.67522e-05	2
0.015	0.0391529	0.504493	0.304677	0.74856	1.16673e-05	1.84956e-05	4.64112e-05	2
0.016	0.0391529	0.504493	0.304677	0.74856	1.17928e-05	1.86262e-05	4.60958e-05	2
0.017	0.0391529	0.504493	0.304677	0.74856	1.192e-05	1.87609e-05	4.57991e-05	2
0.018	0.0391529	0.504493	0.304677	0.74856	1.20671e-05	1.89026e-05	4.54195e-05	2
0.019	0.0391529	0.504493	0.304677	0.74856	1.22105e-05	1.90471e-05	4.50392e-05	2
0.02	0.0391529	0.504493	0.304677	0.74856	1.23537e-05	1.92113e-05	4.4664e-05	2
0.021	0.0391529	0.504493	0.304677	0.74856	1.24819e-05	1.93854e-05	4.41919e-05	2
0.022	0.0391529	0.504493	0.304677	0.74856	1.26108e-05	1.95886e-05	4.36653e-05	2
0.023	0.0391529	0.504493	0.304677	0.74856	1.27332e-05	1.97823e-05	4.31543e-05	2
0.024	0.0391529	0.504493	0.304677	0.74856	1.28501e-05	1.99699e-05	4.26476e-05	2
0.025	0.0391529	0.504493	0.304677	0.74856	1.29636e-05	2.01654e-05	4.21413e-05	2
0.026	0.0391529	0.504493	0.304677	0.74856	1.30704e-05	2.03501e-05	4.16555e-05	2
0.027	0.0391529	0.504493	0.304677	0.74856	1.31718e-05	2.05259e-05	4.11772e-05	2
0.028	0.0391529	0.504493	0.304677	0.74856	1.32709e-05	2.06985e-05	4.06881e-05	2
0.029	0.0391529	0.504493	0.304677	0.74856	1.33574e-05	2.08623e-05	4.00688e-05	2
0.03	0.0391529	0.504493	0.304677	0.74856	1.3428e-05	2.10184e-05	3.94067e-05	2
0.031	0.0391529	0.504493	0.304677	0.74856	1.34919e-05	2.11623e-05	3.87674e-05	2
0.032	0.0391529	0.504493	0.304677	0.74856	1.35504e-05	2.13008e-05	3.81524e-05	2
0.033	0.0391529	0.504493	0.304677	0.74856	1.36041e-05	2.14339e-05	3.75612e-05	2
0.034	0.0391529	0.504493	0.304677	0.74856	1.36531e-05	2.15575e-05	3.69956e-05	2
0.035	0.0391529	0.504493	0.304677	0.74856	1.36972e-05	2.16714e-05	3.64512e-05	2
0.036	0.0391529	0.504493	0.304677	0.74856	1.37377e-05	2.17777e-05	3.59311e-05	2
0.037	0.0391529	0.504493	0.304677	0.74856	1.37467e-05	2.18712e-05	3.53189e-05	2
0.038	0.0391529	0.504493	0.304677	0.74856	1.37485e-05	2.19554e-05	3.47234e-05	2
0.039	0.0391529	0.504493	0.304677	0.74856	1.37472e-05	2.20274e-05	3.41517e-05	2
0.04	0.0391529	0.504493	0.304677	0.74856	1.37427e-05	2.20776e-05	3.35794e-05	2
0.041	0.0391529	0.504493	0.304677	0.74856	1.37354e-05	2.21209e-05	3.30412e-05	2
0.042	0.0391529	0.504493	0.304677	0.74856	1.37259e-05	2.21597e-05	3.25339e-05	2
0.043	0.0391529	0.504493	0.304677	0.74856	1.37146e-05	2.21972e-05	3.20538e-05	2
0.044	0.0391529	0.504493	0.304677	0.74856	1.36744e-05	2.22108e-05	3.15421e-05	2
0.045	0.0391529	0.504493	0.304677	0.74856	1.36215e-05	2.22096e-05	3.10462e-05	2
0.046	0.0391529	0.504493	0.304677	0.74856	1.35681e-05	2.22034e-05	3.05894e-05	2
0.047	0.0391529	0.504493	0.304677	0.74856	1.35148e-05	2.21933e-05	3.01689e-05	2
0.048	0.0391529	0.504493	0.304677	0.74856	1.34619e-05	2.21803e-05	2.97818e-05	2
0.049	0.0391529	0.504493	0.304677	0.74856	1.34093e-05	2.21677e-05	2.94242e-05	2
0.05	0.0391529	0.504493	0.304677	0.74856	1.33519e-05	2.21483e-05	2.90881e-05	2
0.051	0.0391529	0.504493	0.304677	0.74856	1.32496e-05	2.20779e-05	2.8726e-05	2
0.052	0.0391529	0.504493	0.304677	0.74856	1.31475e-05	2.19975e-05	2.84043e-05	2
0.053	0.0391529	0.504493	0.304677	0.74856	1.30478e-05	2.19161e-05	2.81243e-05	2
0.054	0.0391529	0.504493	0.304677	0.74856	1.29505e-05	2.18344e-05	2.78823e-05	2
0.055	0.0391529	0.504493	0.304677	0.74856	1.28559e-05	2.17532e-05	2.76745e-05	2
0.056	0.0391529	0.504493	0.304677	0.74856	1.27585e-05	2.167e-05	2.74958e-05	2
0.057	0.0391529	0.504493	0.304677	0.74856	1.26225e-05	2.15482e-05	2.73425e-05	2
0.058	0.0391529	0.504493	0.304677	0.74856	1.2491e-05	2.1428e-05	2.72273e-05	2
0.059	0.0391529	0.504493	0.304677	0.74856	1.23644e-05	2.13103e-05	2.71439e-05	2
0.06	0.0391529	0.504493	0.304677	0.74856	1.22427e-05	2.11956e-05	2.7088e-05	2
0.061	0.0391529	0.504493	0.304677	0.74856	1.21258e-05	2.1084e-05	2.70561e-05	2
0.062	0.0391529	0.504493	0.304677	0.74856	1.19777e-05	2.09396e-05	2.70617e-05	2
0.063	0.0391529	0.504493	0.304677	0.74856	1.18189e-05	2.07772e-05	2.71036e-05	2
0.064	0.0391529	0.504493	0.304677	0.74856	1.16647e-05	2.06136e-05	2.71739e-05	2
0.065	0.0391529	0.504493	0.304677	0.74856	1.1517e-05	2.04552e-05	2.72658e-05	2
0.066	0.0391529	0.504493	0.304677	0.74856	1.1376e-05	2.03029e-05	2.73734e-05	2
0.067	0.0391529	0.504493	0.304677	0.74856	1.11926e-05	2.01049e-05	2.75387e-05	2
0.068	0.0391529	0.504493	0.304677	0.74856	1.10143e-05	1.99111e-05	2.77211e-05	2
0.069	0.0391529	0.504493	0.304677	0.74856	1.08454e-05	1.97264e-05	2.79127e-05	2
0.07	0.0391529	0.504493	0.304677	0.74856	1.06854e-05	1.95503e-05	2.81108e-05	2
0.071	0.0391529	0.504493	0.304677	0.74856	1.04901e-05	1.93353e-05	2.83649e-05	2
0.072	0.0391529	0.504493	0.304677	0.74856	1.02921e-05	1.91169e-05	2.86384e-05	2
0.073	0.0391529	0.504493	0.304677	0.74856	1.01056e-05	1.89105e-05	2.89119e-05	2
0.074	0.0391529	0.504493	0.304677	0.74856	9.91477e-06	1.86982e-05	2.92026e-05	2
0.075	0.0391529	0.504493	0.304677	0.74856	9.68888e-06	1.84449e-05	2.95509e-05	2
0.076	0.0391529	0.504493	0.304677	0.74856	9.47474e-06	1.81968e-05	2.99003e-05	2
0.077	0.0391529	0.504493	0.304677	0.74856	9.24594e-06	1.79299e-05	3.02791e-05	2
0.078	0.0391529	0.504493	0.304677	0.74856	8.99031e-06	1.76308e-05	3.07025e-05	2
0.079	0.0391529	0.504493	0.304677	0.74856	8.73944e-06	1.73345e-05	3.11246e-05	2
0.08	0.0391529	0.504493	0.304677	0.74856	8.45291e-06	1.69886e-05	3.16017e-05	2
0.081	0.0391529	0.504493	0.304677	0.74856	8.17705e-06	1.66486e-05	3.20634e-05	2
0.082	0.0391529	0.504493	0.304677	0.74856	7.92261e-06	1.63321e-05	3.2492e-05	2
0.083	0.0391529	0.504493	0.304677	0.74856	7.69122e-06	1.6043e-05	3.28845e-05	2
0.084	0.0391529	0.504493	0.304677	0.74856	7.47364e-06	1.5772e-05	3.32544e-05	2
0.085	0.0391529	0.504493	0.304677	0.74856	7.26569e-06	1.55137e-05	3.36079e-05	2
0.086	0.0391529	0.504493	0.304677	0.74856	7.06293e-06	1.5263e-05	3.39513e-05	2
0.087	0.0391529	0.504493	0.304677	0.74856	6.86313e-06	1.50171e-05	3.42879e-05	2
0.088	0.0391529	0.504493	0.304677	0.74856	6.66324e-06	1.47713e-05	3.46226e-05	2
0.089	0.0391529	0.504493	0.304677	0.74856	6.45596e-06	1.45143e-05	3.49674e-05	2
0.09	0.0391529	0.504493	0.304677	0.74856	6.23821e-06	1.42436e-05	3.53227e-05	2
0.091	0.0391529	0.504493	0.304677	0.74856	6.02227e-06	1.39694e-05	3.56701e-05	2
0.092	0.0391529	0.504493	0.304677	0.74856	5.83596e-06	1.37279e-05	3.59732e-05	2
0.093	0.0391529	0.504493	0.304677	0.74856	5.66561e-06	1.35075e-05	3.62525e-05	2
0.094	0.0391529	0.504493	0.304677	0.74856	5.50371e-06	1.32992e-05	3.65184e-05	2
0.095	0.0391529	0.504493	0.304677	0.74856	5.34364e-06	1.3095e-05	3.67797e-05	2
0.096	0.0391529	0.504493	0.304677	0.74856	5.17969e-06	1.28876e-05	3.70441e-05	2
0.097	0.0391529	0.504493	0.304677	0.74856	5.00759e-06	1.26679e-05	3.73169e-05	2
0.098	0.0391529	0.504493	0.304677	0.74856	4.84658e-06	1.24563e-05	3.75734e-05	2
0.099	0.0391529	0.504493	0.304677	0.74856	4.69822e-06	1.22573e-05	3.78122e-05	2
0.1	0.0391529	0.504493	0.304677	0.74856	4.56079e-06	1.20697e-05	3.80364e-05	2
0.101	0.0391529	0.504493	0.304677	0.74856	4.43396e-06	1.18923e-05	3.82472e-05	2
0.102	0.0391529	0.504493	0.304677	0.74856	4.31722e-06	1.17251e-05	3.84459e-05	2
0.103	0.0391529	0.504493	0.304677	0.74856	4.20984e-06	1.15679e-05	3.86327e-05	2
0.104	0.0391529	0.504493	0.304677	0.74856	4.10918e-06	1.14177e-05	3.88113e-05	2
0.105	0.0391529	0.504493	0.304677	0.74856	4.01323e-06	1.12717e-05	3.89847e-05	2
0.106	0.0391529	0.504493	0.304677	0.74856	3.92062e-06	1.11266e-05	3.91554e-05	2
0.107	0.0391529	0.504493	0.304677	0.74856	3.83501e-06	1.09835e-05	3.93208e-05	2
0.108	0.0391529	0.504493	0.304677	0.74856	3.77386e-06	1.08618e-05	3.94591e-05	2
0.109	0.0391529	0.504493	0.304677	0.74856	3.72919e-06	1.07606e-05	3.95765e-05	2
0.11	0.0391529	0.504493	0.304677	0.74856	3.69118e-06	1.06693e-05	3.96851e-05	2
0.111	0.0391529	0.504493	0.304677	0.74856	3.65723e-06	1.05843e-05	3.97881e-05	2
0.112	0.0391529	0.504493	0.304677	0.74856	3.62579e-06	1.05037e-05	3.98877e-05	2
0.113	0.0391529	0.504493	0.304677	0.74856	3.59585e-06	1.04256e-05	3.99855e-05	2
0.114	0.0391529	0.504493	0.304677	0.74856	3.56657e-06	1.03481e-05	4.00831e-05	2
0.115	0.0391529	0.504493	0.304677	0.74856	3.53735e-06	1.0269e-05	4.01823e-05	2
0.116	0.0391529	0.504493	0.304677	0.74856	3.51218e-06	1.0191e-05	4.02792e-05	2
0.117	0.0391529	0.504493	0.304677	0.74856	3.49375e-06	1.0118e-05	4.03699e-05	2
0.118	0.0391529	0.504493	0.304677	0.74856	3.48614e-06	1.00566e-05	4.04477e-05	2
0.119	0.0391529	0.504493	0.304677	0.74856	3.48022e-06	9.99787e-06	4.05231e-05	2
0.12	0.0391529	0.504493	0.304677	0.74856	3.4792e-06	9.9466e-06	4.05911e-05	2
0.121	0.0391529	0.504493	0.304677	0.74856	3.4773e-06	9.89409e-06	4.06608e-05	2
0.122	0.0391529	0.504493	0.304677	0.74856	3.4807e-06	9.85093e-06	4.07213e-05	2
0.123	0.0391529	0.504493	0.304677	0.74856	3.48336e-06	9.80675e-06	4.07831e-05	2
0.124	0.0391529	0.504493	0.304677	0.74856	3.4859e-06	9.76266e-06	4.08451e-05	2
0.125	0.0391529	0.504493	0.304677	0.74856	3.49192e-06	9.72547e-06	4.09003e-05	2
0.126	0.0391529	0.504493	0.304677	0.74856	3.49738e-06	9.68749e-06	4.09566e-05	2
0.127	0.0391529	0.504493	0.304677	0.74856	3.50223e-06	9.64812e-06	4.10144e-05	2
0.128	0.0391529	0.504493	0.304677	0.74856	3.50897e-06	9.61278e-06	4.10683e-05	2
0.129	0.0391529	0.504493	0.304677	0.74856	3.51657e-06	9.5794e-06	4.11202e-05	2
0.13	0.0391529	0.504493	0.304677	0.74856	3.52372e-06	9.5454e-06	4.1173e-05	2
0.131	0.0391529	0.504493	0.304677	0.74856	3.53042e-06	9.51083e-06	4.12264e-05	2
0.132	0.0391529	0.504493	0.304677	0.74856	3.5384e-06	9.47918e-06	4.12769e-05	2
0.133	0.0391529	0.504493	0.304677	0.74856	3.54744e-06	9.45001e-06	4.13251e-05	2
0.134	0.0391529	0.504493	0.304677	0.74856	3.55614e-06	9.42039e-06	4.13739e-05	2
0.135	0.0391529	0.504493	0.304677	0.74856	3.56449e-06	9.39035e-06	4.14231e-05	2
0.136	0.0391529	0.504493	0.304677	0.74856	3.5725e-06	9.3599e-06	4.14728e-05	2
0.137	0.0391529	0.504493	0.304677	0.74856	3.58226e-06	9.33336e-06	4.15186e-05	2
0.138	0.0391529	0.504493	0.304677	0.74856	3.59236e-06	9.30777e-06	4.15635e-05	2
0.139	0.0391529	0.504493	0.304677	0.74856	3.60217e-06	9.28182e-06	4.16089e-05	2
0.14	0.0391529	0.504493	0.304677	0.74856	3.61166e-06	9.25525e-06	4.1655e-05	2
0.141	0.0391529	0.504493	0.304677	0.74856	3.62089e-06	9.22836e-06	4.17014e-05	2
0.142	0.0391529	0.504493	0.304677	0.74856	3.63054e-06	9.20267e-06	4.17467e-05	2
0.143	0.0391529	0.504493	0.304677	0.74856	3.64161e-06	9.18014e-06	4.17889e-05	2
0.144	0.0391529	0.504493	0.304677	0.74856	3.65243e-06	9.15734e-06	4.18313e-05	2
0.145	0.0391529	0.504493	0.304677	0.74856	3.66304e-06	9.13429e-06	4.18741e-05	2
0.146	0.0391529	0.504493	0.304677	0.74856	3.67343e-06	9.11099e-06	4.19171e-05	2
0.147	0.0391529	0.504493	0.304677	0.74856	3.68359e-06	9.08746e-06	4.19604e-05	2
0.148	0.0391529	0.504493	0.304677	0.74856	3.69373e-06	9.06406e-06	4.20036e-05	2
0.149	0.0391529	0.504493	0.304677	0.74856	3.70549e-06	9.04404e-06	4.20434e-05	2
0.15	0.0391529	0.504493	0.304677	0.74856	3.71706e-06	9.02382e-06	4.20834e-05	2
0.151	0.0391529	0.504493	0.304677	0.74856	3.72843e-06	9.00338e-06	4.21236e-05	2
0.152	0.0391529	0.504493	0.304677	0.74856	3.73961e-06	8.9827e-06	4.2164e-05	2
0.153	0.0391529	0.504493	0.304677	0.74856	3.75061e-06	8.9617e-06	4.2205e-05	2
0.154	0.0391529	0.504493	0.304677	0.74856	3.76143e-06	8.94056e-06	4.22462e-05	2
0.155	0.0391529	0.504493	0.304677	0.74856	3.7723e-06	8.91972e-06	4.22871e-05	2
0.156	0.0391529	0.504493	0.304677	0.74856	3.78476e-06	8.90224e-06	4.23247e-05	2
0.157	0.0391529	0.504493	0.304677	0.74856	3.79705e-06	8.88459e-06	4.23625e-05	2
0.158	0.0391529	0.504493	0.304677	0.74856	3.8092e-06	8.86679e-06	4.24004e-05	2
0.159	0.0391529	0.504493	0.304677	0.74856	3.8212e-06	8.84884e-06	4.24385e-05	2
0.16	0.0391529	0.504493	0.304677	0.74856	3.83306e-06	8.83076e-06	4.24768e-05	2
0.161	0.0391529	0.504493	0.304677	0.74856	3.84478e-06	8.81255e-06	4.25153e-05	2
0.162	0.0391529	0.504493	0.304677	0.74856	3.85635e-06	8.79421e-06	4.2554e-05	2
0.163	0.0391529	0.504493	0.304677	0.74856	3.86826e-06	8.77668e-06	4.25918e-05	2
0.164	0.0391529	0.504493	0.304677	0.74856	3.8813e-06	8.76148e-06	4.26272e-05	2
0.165	0.0391529	0.504493	0.304677	0.74856	3.89423e-06	8.74616e-06	4.26628e-05	2
0.166	0.0391529	0.504493	0.304677	0.74856	3.90706e-06	8.73057e-06	4.26986e-05	2
0.167	0.0391529	0.504493	0.304677	0.74856	3.91977e-06	8.71489e-06	4.27347e-05	2
0.168	0.0391529	0.504493	0.304677	0.74856	3.93238e-06	8.69912e-06	4.27708e-05	2
0.169	0.0391529	0.504493	0.304677	0.74856	3.94486e-06	8.68324e-06	4.28071e-05	2
0.17	0.0391529	0.504493	0.304677	0.74856	3.95723e-06	8.66725e-06	4.28436e-05	2
0.171	0.0391529	0.504493	0.304677	0.74856	3.96946e-06	8.65112e-06	4.28801e-05	2
0.172	0.0391529	0.504493	0.304677	0.74856	3.98241e-06	8.63675e-06	4.2915e-05	2
0.173	0.0391529	0.504493	0.304677	0.74856	3.99597e-06	8.62385e-06	4.29485e-05	2
0.174	0.0391529	0.504493	0.304677	0.74856	4.00944e-06	8.61088e-06	4.29821e-05	2
0.175	0.0391529	0.504493	0.304677	0.74856	4.02281e-06	8.59784e-06	4.30158e-05	2
0.176	0.0391529	0.504493	0.304677	0.74856	4.03608e-06	8.58471e-06	4.30496e-05	2
0.177	0.0391529	0.504493	0.304677	0.74856	4.04925e-06	8.57151e-06	4.30834e-05	2
0.178	0.0391529	0.504493	0.304677	0.74856	4.06233e-06	8.55824e-06	4.31173e-05	2
0.179	0.0391529	0.504493	0.304677	0.74856	4.07535e-06	8.54474e-06	4.31514e-05	2
0.18	0.0391529	0.504493	0.304677	0.74856	4.08829e-06	8.53117e-06	4.31856e-05	2
0.181	0.0391529	0.504493	0.304677	0.74856	4.10125e-06	8.51784e-06	4.32197e-05	2
0.182	0.0391529	0.504493	0.304677	0.74856	4.11511e-06	8.50663e-06	4.32518e-05	2
0.183	0.0391529	0.504493	0.304677	0.74856	4.12888e-06	8.49536e-06	4.3284e-05	2
0.184	0.0391529	0.504493	0.304677	0.74856	4.14257e-06	8.48401e-06	4.33162e-05	2
0.185	0.0391529	0.504493	0.304677	0.74856	4.15616e-06	8.4726e-06	4.33486e-05	2
0.186	0.0391529	0.504493	0.304677	0.74856	4.16968e-06	8.46112e-06	4.3381e-05	2
0.187	0.0391529	0.504493	0.304677	0.74856	4.18312e-06	8.4496e-06	4.34136e-05	2
0.188	0.0391529	0.504493	0.304677	0.74856	4.19648e-06	8.43802e-06	4.34461e-05	2
0.189	0.0391529	0.504493	0.304677	0.74856	4.20978e-06	8.42638e-06	4.34786e-05	2
0.19	0.0391529	0.504493	0.304677	0.74856	4.22299e-06	8.41469e-06	4.35112e-05	2
0.191	0.0391529	0.504493	0.304677	0.74856	4.23629e-06	8.40333e-06	4.35435e-05	2
0.192	0.0391529	0.504493	0.304677	0.74856	4.25033e-06	8.39381e-06	4.3574e-05	2
0.193	0.0391529	0.504493	0.304677	0.74856	4.26433e-06	8.3842e-06	4.36047e-05	2
0.194	0.0391529	0.504493	0.304677	0.74856	4.27826e-06	8.37456e-06	4.36354e-05	2
0.195	0.0391529	0.504493	0.304677	0.74856	4.29213e-06	8.36492e-06	4.36662e-05	2
0.196	0.0391529	0.504493	0.304677	0.74856	4.30594e-06	8.35525e-06	4.36971e-05	2
0.197	0.0391529	0.504493	0.304677	0.74856	4.31968e-06	8.34554e-06	4.37281e-05	2
0.198	0.0391529	0.504493	0.304677	0.74856	4.33336e-06	8.33579e-06	4.37591e-05	2
0.199	0.0391529	0.504493	0.304677	0.74856	4.34697e-06	8.326e-06	4.37902e-05	2
0.2	0.0391529	0.504493	0.304677	0.74856	4.36052e-06	8.31617e-06	4.38213e-05	2
0.201	0.0391529	0.504493	0.304677	0.74856	4.37401e-06	8.30632e-06	4.38525e-05	2
0.202	0.0391529	0.504493	0.304677	0.74856	4.38819e-06	8.29851e-06	4.38817e-05	2
0.203	0.0391529	0.504493	0.304677	0.74856	4.4024e-06	8.29087e-06	4.39108e-05	2
0.204	0.0391529	0.504493	0.304677	0.74856	4.41656e-06	8.2832e-06	4.39398e-05	2
0.205	0.0391529	0.504493	0.304677	0.74856	4.43068e-06	8.27548e-06	4.39689e-05	2
0.206	0.0391529	0.504493	0.304677	0.74856	4.44478e-06	8.26768e-06	4.39981e-05	2
0.207	0.0391529	0.504493	0.304677	0.74856	4.45883e-06	8.25985e-06	4.40274e-05	2
0.208	0.0391529	0.504493	0.304677	0.74856	4.47282e-06	8.25201e-06	4.40568e-05	2
0.209	0.0391529	0.504493	0.304677	0.74856	4.48677e-06	8.24415e-06	4.40862e-05	2
0.21	0.0391529	0.504493	0.304677	0.74856	4.50067e-06	8.23628e-06	4.41157e-05	2
0.211	0.0391529	0.504493	0.304677	0.74856	4.51452e-06	8.22838e-06	4.41453e-05	2
0.212	0.0391529	0.504493	0.304677	0.74856	4.5286e-06	8.22142e-06	4.41739e-05	2
0.213	0.0391529	0.504493	0.304677	0.74856	4.54287e-06	8.2152e-06	4.4202e-05	2
0.214	0.0391529	0.504493	0.304677	0.74856	4.5571e-06	8.20897e-06	4.423e-05	2
0.215	0.0391529	0.504493	0.304677	0.74856	4.57127e-06	8.20272e-06	4.4258e-05	2
0.216	0.0391529	0.504493	0.304677	0.74856	4.58541e-06	8.19645e-06	4.42861e-05	2
0.217	0.0391529	0.504493	0.304677	0.74856	4.59951e-06	8.19017e-06	4.43142e-05	2
0.218	0.0391529	0.504493	0.304677	0.74856	4.61357e-06	8.18387e-06	4.43423e-05	2
0.219	0.0391529	0.504493	0.304677	0.74856	4.62761e-06	8.17748e-06	4.43705e-05	2
0.22	0.0391529	0.504493	0.304677	0.74856	4.64162e-06	8.17107e-06	4.43988e-05	2
0.221	0.0391529	0.504493	0.304677	0.74856	4.65558e-06	8.16464e-06	4.44271e-05	2
0.222	0.0391529	0.504493	0.304677	0.74856	4.6696e-06	8.15872e-06	4.44551e-05	2
0.223	0.0391529	0.504493	0.304677	0.74856	4.6838e-06	8.15388e-06	4.44823e-05	2
0.224	0.0391529	0.504493	0.304677	0.74856	4.69797e-06	8.14904e-06	4.45094e-05	2
0.225	0.0391529	0.504493	0.304677	0.74856	4.7121e-06	8.14418e-06	4.45366e-05	2
0.226	0.0391529	0.504493	0.304677	0.74856	4.72618e-06	8.13929e-06	4.45637e-05	2
0.227	0.0391529	0.504493	0.304677	0.74856	4.74022e-06	8.1344e-06	4.45908e-05	2
0.228	0.0391529	0.504493	0.304677	0.74856	4.75423e-06	8.1295e-06	4.46179e-05	2
0.229	0.0391529	0.504493	0.304677	0.74856	4.7682e-06	8.12458e-06	4.46451e-05	2
0.23	0.0391529	0.504493	0.304677	0.74856	4.78213e-06	8.11966e-06	4.46723e-05	2
0.231	0.0391529	0.504493	0.304677	0.74856	4.79603e-06	8.11473e-06	4.46996e-05	2
0.232	0.0391529	0.504493	0.304677	0.74856	4.80992e-06	8.11023e-06	4.47265e-05	2
0.233	0.0391529	0.504493	0.304677	0.74856	4.82385e-06	8.10654e-06	4.47528e-05	2
0.234	0.0391529	0.504493	0.304677	0.74856	4.83774e-06	8.10284e-06	4.47791e-05	2
0.235	0.0391529	0.504493	0.304677	0.74856	4.8516e-06	8.09915e-06	4.48055e-05	2
0.236	0.0391529	0.504493	0.304677	0.74856	4.86544e-06	8.09543e-06	4.48319e-05	2
0.237	0.0391529	0.504493	0.304677	0.74856	4.87924e-06	8.09169e-06	4.48583e-05	2
0.238	0.0391529	0.504493	0.304677	0.74856	4.89301e-06	8.08795e-06	4.48849e-05	2
0.239	0.0391529	0.504493	0.304677	0.74856	4.90675e-06	8.08419e-06	4.49114e-05	2
0.24	0.0391529	0.504493	0.304677	0.74856	4.92044e-06	8.08042e-06	4.49377e-05	2
0.241	0.0391529	0.504493	0.304677	0.74856	4.9341e-06	8.07664e-06	4.49641e-05	2
0.242	0.0391529	0.504493	0.304677	0.74856	4.94746e-06	8.07377e-06	4.49899e-05	2
0.243	0.0391529	0.504493	0.304677	0.74856	4.96076e-06	8.07101e-06	4.50156e-05	2
0.244	0.0391529	0.504493	0.304677	0.74856	4.97404e-06	8.06825e-06	4.50414e-05	2
0.245	0.0391529	0.504493	0.304677	0.74856	4.98728e-06	8.06549e-06	4.50672e-05	2
0.246	0.0391529	0.504493	0.304677	0.74856	5.00052e-06	8.06267e-06	4.50931e-05	2
0.247	0.0391529	0.504493	0.304677	0.74856	5.01374e-06	8.05986e-06	4.5119e-05	2
0.248	0.0391529	0.504493	0.304677	0.74856	5.02692e-06	8.05705e-06	4.5145e-05	2
0.249	0.0391529	0.504493	0.304677	0.74856	5.04008e-06	8.05424e-06	4.5171e-05	2
0.25	0.0391529	0.504493	0.304677	0.74856	5.05309e-06	8.05156e-06	4.51971e-05	2
0.251	0.0391529	0.504493	0.304677	0.74856	5.06545e-06	8.04916e-06	4.52231e-05	2
0.252	0.0391529	0.504493	0.304677	0.74856	5.07778e-06	8.04677e-06	4.52492e-05	2
0.253	0.0391529	0.504493	0.304677	0.74856	5.09006e-06	8.04437e-06	4.52751e-05	2
0.254	0.0391529	0.504493	0.304677	0.74856	5.10229e-06	8.04196e-06	4.5301e-05	2
0.255	0.0391529	0.504493	0.304677	0.74856	5.1145e-06	8.03956e-06	4.5327e-05	2
0.256	0.0391529	0.504493	0.304677	0.74856	5.12668e-06	8.03716e-06	4.5353e-05	2
0.257	0.0391529	0.504493	0.304677	0.74856	5.13882e-06	8.03477e-06	4.53791e-05	2
0.258	0.0391529	0.504493	0.304677	0.74856	5.15092e-06	8.03238e-06	4.54052e-05	2
0.259	0.0391529	0.504493	0.304677	0.74856	5.1629e-06	8.02994e-06	4.54315e-05	2
0.26	0.0391529	0.504493	0.304677	0.74856	5.17485e-06	8.02749e-06	4.54578e-05	2
0.261	0.0391529	0.504493	0.304677	0.74856	5.18678e-06	8.02504e-06	4.54842e-05	2
0.262	0.0391529	0.504493	0.304677	0.74856	5.19868e-06	8.0226e-06	4.55106e-05	2
0.263	0.0391529	0.504493	0.304677	0.74856	5.21055e-06	8.02017e-06	4.55371e-05	2
0.264	0.0391529	0.504493	0.304677	0.74856	5.22239e-06	8.01777e-06	4.55637e-05	2
0.265	0.0391529	0.504493	0.304677	0.74856	5.23421e-06	8.01538e-06	4.55903e-05	2
0.266	0.0391529	0.504493	0.304677	0.74856	5.24601e-06	8.01304e-06	4.56168e-05	2
0.267	0.0391529	0.504493	0.304677	0.74856	5.25785e-06	8.01089e-06	4.56433e-05	2
0.268	0.0391529	0.504493	0.304677	0.74856	5.26968e-06	8.00876e-06	4.56697e-05	2
0.269	0.0391529	0.504493	0.304677	0.74856	5.28147e-06	8.00663e-06	4.56963e-05	2
0.27	0.0391529	0.504493	0.304677	0.74856	5.29324e-06	8.0045e-06	4.57229e-05	2
0.271	0.0391529	0.504493	0.304677	0.74856	5.30499e-06	8.00239e-06	4.57495e-05	2
0.272	0.0391529	0.504493	0.304677	0.74856	5.3167e-06	8.00028e-06	4.57763e-05	2
0.273	0.0391529	0.504493	0.304677	0.74856	5.32841e-06	7.99814e-06	4.5803e-05	2
0.274	0.0391529	0.504493	0.304677	0.74856	5.34014e-06	7.99611e-06	4.58298e-05	2
0.275	0.0391529	0.504493	0.304677	0.74856	5.35192e-06	7.99432e-06	4.58564e-05	2
0.276	0.0391529	0.504493	0.304677	0.74856	5.36367e-06	7.99254e-06	4.58831e-05	2
0.277	0.0391529	0.504493	0.304677	0.74856	5.37541e-06	7.99078e-06	4.59098e-05	2
0.278	0.0391529	0.504493	0.304677	0.74856	5.38711e-06	7.98904e-06	4.59366e-05	2
0.279	0.0391529	0.504493	0.304677	0.74856	5.39878e-06	7.98731e-06	4.59634e-05	2
0.28	0.0391529	0.504493	0.304677	0.74856	5.41043e-06	7.98557e-06	4.59903e-05	2
0.281	0.0391529	0.504493	0.304677	0.74856	5.42203e-06	7.98382e-06	4.6017e-05	2
0.282	0.0391529	0.504493	0.304677	0.74856	5.43364e-06	7.98219e-06	4.60437e-05	2
0.283	0.0391529	0.504493	0.304677	0.74856	5.44527e-06	7.98075e-06	4.60703e-05	2
0.284	0.0391529	0.504493	0.304677	0.74856	5.45688e-06	7.97931e-06	4.60969e-05	2
0.285	0.0391529	0.504493	0.304677	0.74856	5.46846e-06	7.97788e-06	4.61237e-05	2
0.286	0.0391529	0.504493	0.304677	0.74856	5.48004e-06	7.97644e-06	4.61505e-05	2
0.287	0.0391529	0.504493	0.304677	0.74856	5.4916e-06	7.975e-06	4.61773e-05	2
0.288	0.0391529	0.504493	0.304677	0.74856	5.50314e-06	7.97356e-06	4.62042e-05	2
0.289	0.0391529	0.504493	0.304677	0.74856	5.51466e-06	7.97213e-06	4.62312e-05	2
0.29	0.0391529	0.504493	0.304677	0.74856	5.52619e-06	7.97087e-06	4.62581e-05	2
0.291	0.0391529	0.504493	0.304677	0.74856	5.53773e-06	7.9698e-06	4.62849e-05	2
0.292	0.0391529	0.504493	0.304677	0.74856	5.54925e-06	7.96876e-06	4.63118e-05	2
0.293	0.0391529	0.504493	0.304677	0.74856	5.56073e-06	7.96773e-06	4.63387e-05	2
0.294	0.0391529	0.504493	0.304677	0.74856	5.5722e-06	7.96671e-06	4.63656e-05	2
0.295	0.0391529	0.504493	0.304677	0.74856	5.58363e-06	7.96568e-06	4.63926e-05	2
0.296	0.0391529	0.504493	0.304677	0.74856	5.59504e-06	7.96466e-06	4.64195e-05	2
0.297	0.0391529	0.504493	0.304677	0.74856	5.60643e-06	7.96365e-06	4.64466e-05	2
0.298	0.0391529	0.504493	0.304677	0.74856	5.61783e-06	7.96285e-06	4.64735e-05	2
0.299	0.0391529	0.504493	0.304677	0.74856	5.62922e-06	7.96216e-06	4.65005e-05	2
0.3	0.0391529	0.504493	0.304677	0.74856	5.64062e-06	7.96146e-06	4.65275e-05	2
