# Initial no freqs: 1
# Initial no harmonics: 1
# LO frequency set up
# Setting bias
# IF frequency set up
# USB frequency set up
# LSB frequency set up
# Vdc[n-1]: 2.93441 vGap: 1
# starting normalisation at 2.73046
# Response function set
# 
# Mixer currents curve
# IF Freq | Unpumped DC | KK | DC Current | Pump Current | IF Current | Signal Current | Image Current | DC dynamic impedance | Iterations
0.001	0.0461411	0.615488	0.348778	0.598581	5.02156e-05	5.42645e-05	5.12476e-05	2
0.002	0.0461411	0.615488	0.348778	0.598581	5.02556e-05	5.52806e-05	5.09483e-05	2
0.003	0.0461411	0.615488	0.348778	0.598581	5.021e-05	5.55368e-05	5.07836e-05	2
0.004	0.0461411	0.615488	0.348778	0.598581	5.01576e-05	5.56431e-05	5.06474e-05	2
0.005	0.0461411	0.615488	0.348778	0.598581	5.01041e-05	5.56907e-05	5.05242e-05	2
0.006	0.0461411	0.615488	0.348778	0.598581	5.00509e-05	5.57093e-05	5.04081e-05	2
0.007	0.0461411	0.615488	0.348778	0.598581	5.00037e-05	5.57113e-05	5.03472e-05	2
0.008	0.0461411	0.615488	0.348778	0.598581	4.99584e-05	5.57041e-05	5.0296e-05	2
0.009	0.0461411	0.615488	0.348778	0.598581	4.99132e-05	5.56901e-05	5.02349e-05	2
0.01	0.0461411	0.615488	0.348778	0.598581	4.98657e-05	5.56553e-05	5.01714e-05	2
0.011	0.0461411	0.615488	0.348778	0.598581	4.9817e-05	5.56061e-05	5.01065e-05	2
0.012	0.0461411	0.615488	0.348778	0.598581	4.96702e-05	5.58747e-05	5.00523e-05	2
0.013	0.0461411	0.615488	0.348778	0.598581	4.95286e-05	5.63028e-05	4.99527e-05	2
0.014	0.0461411	0.615488	0.348778	0.598581	4.93979e-05	5.68269e-05	4.97847e-05	2
0.015	0.0461411	0.615488	0.348778	0.598581	4.92721e-05	5.73102e-05	4.96328e-05	2
0.016	0.0461411	0.615488	0.348778	0.598581	4.91514e-05	5.77444e-05	4.94854e-05	2
0.017	0.0461411	0.615488	0.348778	0.598581	4.90374e-05	5.81198e-05	4.93413e-05	2
0.018	0.0461411	0.615488	0.348778	0.598581	4.89282e-05	5.84341e-05	4.9204e-05	2
0.019	0.0461411	0.615488	0.348778	0.598581	4.88249e-05	5.87033e-05	4.9072e-05	2
0.02	0.0461411	0.615488	0.348778	0.598581	4.87281e-05	5.89406e-05	4.89437e-05	2
0.021	0.0461411	0.615488	0.348778	0.598581	4.86374e-05	5.91513e-05	4.88191e-05	2
0.022	0.0461411	0.615488	0.348778	0.598581	4.85525e-05	5.93397e-05	4.86979e-05	2
0.023	0.0461411	0.615488	0.348778	0.598581	4.84115e-05	5.96569e-05	4.85725e-05	2
0.024	0.0461411	0.615488	0.348778	0.598581	4.82567e-05	5.99958e-05	4.84473e-05	2
0.025	0.0461411	0.615488	0.348778	0.598581	4.8112e-05	6.03025e-05	4.83246e-05	2
0.026	0.0461411	0.615488	0.348778	0.598581	4.79379e-05	6.06366e-05	4.81244e-05	2
0.027	0.0461411	0.615488	0.348778	0.598581	4.77667e-05	6.09506e-05	4.79179e-05	2
0.028	0.0461411	0.615488	0.348778	0.598581	4.75987e-05	6.125e-05	4.77074e-05	2
0.029	0.0461411	0.615488	0.348778	0.598581	4.7435e-05	6.1544e-05	4.74981e-05	2
0.03	0.0461411	0.615488	0.348778	0.598581	4.72792e-05	6.18157e-05	4.72958e-05	2
0.031	0.0461411	0.615488	0.348778	0.598581	4.71421e-05	6.20716e-05	4.71082e-05	2
0.032	0.0461411	0.615488	0.348778	0.598581	4.7014e-05	6.23084e-05	4.69287e-05	2
0.033	0.0461411	0.615488	0.348778	0.598581	4.68808e-05	6.25499e-05	4.6754e-05	2
0.034	0.0461411	0.615488	0.348778	0.598581	4.66902e-05	6.289e-05	4.65774e-05	2
0.035	0.0461411	0.615488	0.348778	0.598581	4.6509e-05	6.32044e-05	4.64055e-05	2
0.036	0.0461411	0.615488	0.348778	0.598581	4.63369e-05	6.3496e-05	4.62386e-05	2
0.037	0.0461411	0.615488	0.348778	0.598581	4.61735e-05	6.37673e-05	4.60764e-05	2
0.038	0.0461411	0.615488	0.348778	0.598581	4.60114e-05	6.40247e-05	4.59061e-05	2
0.039	0.0461411	0.615488	0.348778	0.598581	4.58325e-05	6.42817e-05	4.56972e-05	2
0.04	0.0461411	0.615488	0.348778	0.598581	4.56722e-05	6.45239e-05	4.55242e-05	2
0.041	0.0461411	0.615488	0.348778	0.598581	4.55105e-05	6.4754e-05	4.53428e-05	2
0.042	0.0461411	0.615488	0.348778	0.598581	4.53509e-05	6.49723e-05	4.51599e-05	2
0.043	0.0461411	0.615488	0.348778	0.598581	4.51902e-05	6.51928e-05	4.4977e-05	2
0.044	0.0461411	0.615488	0.348778	0.598581	4.49777e-05	6.54879e-05	4.4783e-05	2
0.045	0.0461411	0.615488	0.348778	0.598581	4.47746e-05	6.57636e-05	4.45941e-05	2
0.046	0.0461411	0.615488	0.348778	0.598581	4.45805e-05	6.60219e-05	4.44102e-05	2
0.047	0.0461411	0.615488	0.348778	0.598581	4.43951e-05	6.62645e-05	4.42314e-05	2
0.048	0.0461411	0.615488	0.348778	0.598581	4.4218e-05	6.64927e-05	4.40573e-05	2
0.049	0.0461411	0.615488	0.348778	0.598581	4.40536e-05	6.67035e-05	4.39112e-05	2
0.05	0.0461411	0.615488	0.348778	0.598581	4.39001e-05	6.69027e-05	4.37816e-05	2
0.051	0.0461411	0.615488	0.348778	0.598581	4.3746e-05	6.70932e-05	4.3642e-05	2
0.052	0.0461411	0.615488	0.348778	0.598581	4.35912e-05	6.72752e-05	4.34925e-05	2
0.053	0.0461411	0.615488	0.348778	0.598581	4.34136e-05	6.74858e-05	4.33376e-05	2
0.054	0.0461411	0.615488	0.348778	0.598581	4.32133e-05	6.77227e-05	4.31759e-05	2
0.055	0.0461411	0.615488	0.348778	0.598581	4.30119e-05	6.79506e-05	4.30035e-05	2
0.056	0.0461411	0.615488	0.348778	0.598581	4.28161e-05	6.81704e-05	4.28319e-05	2
0.057	0.0461411	0.615488	0.348778	0.598581	4.26266e-05	6.8381e-05	4.26623e-05	2
0.058	0.0461411	0.615488	0.348778	0.598581	4.24445e-05	6.85814e-05	4.24962e-05	2
0.059	0.0461411	0.615488	0.348778	0.598581	4.22753e-05	6.87714e-05	4.23581e-05	2
0.06	0.0461411	0.615488	0.348778	0.598581	4.21159e-05	6.89523e-05	4.22336e-05	2
0.061	0.0461411	0.615488	0.348778	0.598581	4.19635e-05	6.91248e-05	4.21118e-05	2
0.062	0.0461411	0.615488	0.348778	0.598581	4.17955e-05	6.93149e-05	4.19851e-05	2
0.063	0.0461411	0.615488	0.348778	0.598581	4.16002e-05	6.95343e-05	4.18492e-05	2
0.064	0.0461411	0.615488	0.348778	0.598581	4.14017e-05	6.97403e-05	4.16984e-05	2
0.065	0.0461411	0.615488	0.348778	0.598581	4.12072e-05	6.99356e-05	4.15444e-05	2
0.066	0.0461411	0.615488	0.348778	0.598581	4.10208e-05	7.01215e-05	4.13941e-05	2
0.067	0.0461411	0.615488	0.348778	0.598581	4.08422e-05	7.02988e-05	4.12472e-05	2
0.068	0.0461411	0.615488	0.348778	0.598581	4.06665e-05	7.04689e-05	4.10973e-05	2
0.069	0.0461411	0.615488	0.348778	0.598581	4.04964e-05	7.06317e-05	4.09585e-05	2
0.07	0.0461411	0.615488	0.348778	0.598581	4.03339e-05	7.07912e-05	4.08371e-05	2
0.071	0.0461411	0.615488	0.348778	0.598581	4.01386e-05	7.09787e-05	4.0702e-05	2
0.072	0.0461411	0.615488	0.348778	0.598581	3.99388e-05	7.11684e-05	4.05647e-05	2
0.073	0.0461411	0.615488	0.348778	0.598581	3.97472e-05	7.13496e-05	4.04302e-05	2
0.074	0.0461411	0.615488	0.348778	0.598581	3.95636e-05	7.1523e-05	4.02988e-05	2
0.075	0.0461411	0.615488	0.348778	0.598581	3.93876e-05	7.16892e-05	4.01703e-05	2
0.076	0.0461411	0.615488	0.348778	0.598581	3.92189e-05	7.1849e-05	4.00446e-05	2
0.077	0.0461411	0.615488	0.348778	0.598581	3.90436e-05	7.19965e-05	3.99005e-05	2
0.078	0.0461411	0.615488	0.348778	0.598581	3.88743e-05	7.21372e-05	3.97581e-05	2
0.079	0.0461411	0.615488	0.348778	0.598581	3.86769e-05	7.23053e-05	3.96094e-05	2
0.08	0.0461411	0.615488	0.348778	0.598581	3.84693e-05	7.24881e-05	3.94881e-05	2
0.081	0.0461411	0.615488	0.348778	0.598581	3.82699e-05	7.26628e-05	3.93691e-05	2
0.082	0.0461411	0.615488	0.348778	0.598581	3.8072e-05	7.28291e-05	3.92428e-05	2
0.083	0.0461411	0.615488	0.348778	0.598581	3.78804e-05	7.29887e-05	3.91168e-05	2
0.084	0.0461411	0.615488	0.348778	0.598581	3.76932e-05	7.31445e-05	3.89893e-05	2
0.085	0.0461411	0.615488	0.348778	0.598581	3.75132e-05	7.32942e-05	3.88642e-05	2
0.086	0.0461411	0.615488	0.348778	0.598581	3.73406e-05	7.34372e-05	3.87421e-05	2
0.087	0.0461411	0.615488	0.348778	0.598581	3.71212e-05	7.36124e-05	3.8599e-05	2
0.088	0.0461411	0.615488	0.348778	0.598581	3.69033e-05	7.37851e-05	3.84559e-05	2
0.089	0.0461411	0.615488	0.348778	0.598581	3.66936e-05	7.39502e-05	3.83153e-05	2
0.09	0.0461411	0.615488	0.348778	0.598581	3.64902e-05	7.41022e-05	3.81931e-05	2
0.091	0.0461411	0.615488	0.348778	0.598581	3.6296e-05	7.42478e-05	3.80785e-05	2
0.092	0.0461411	0.615488	0.348778	0.598581	3.61098e-05	7.43878e-05	3.79663e-05	2
0.093	0.0461411	0.615488	0.348778	0.598581	3.59313e-05	7.45223e-05	3.78566e-05	2
0.094	0.0461411	0.615488	0.348778	0.598581	3.57163e-05	7.46748e-05	3.77284e-05	2
0.095	0.0461411	0.615488	0.348778	0.598581	3.54902e-05	7.48293e-05	3.7591e-05	2
0.096	0.0461411	0.615488	0.348778	0.598581	3.52705e-05	7.49763e-05	3.74527e-05	2
0.097	0.0461411	0.615488	0.348778	0.598581	3.50587e-05	7.51179e-05	3.73163e-05	2
0.098	0.0461411	0.615488	0.348778	0.598581	3.48538e-05	7.5255e-05	3.71808e-05	2
0.099	0.0461411	0.615488	0.348778	0.598581	3.46572e-05	7.5387e-05	3.70484e-05	2
0.1	0.0461411	0.615488	0.348778	0.598581	3.44653e-05	7.55174e-05	3.69409e-05	2
0.101	0.0461411	0.615488	0.348778	0.598581	3.42187e-05	7.56736e-05	3.68081e-05	2
0.102	0.0461411	0.615488	0.348778	0.598581	3.39816e-05	7.58224e-05	3.66773e-05	2
0.103	0.0461411	0.615488	0.348778	0.598581	3.37487e-05	7.59595e-05	3.65408e-05	2
0.104	0.0461411	0.615488	0.348778	0.598581	3.35257e-05	7.60908e-05	3.64076e-05	2
0.105	0.0461411	0.615488	0.348778	0.598581	3.3312e-05	7.62171e-05	3.62777e-05	2
0.106	0.0461411	0.615488	0.348778	0.598581	3.30999e-05	7.63412e-05	3.61471e-05	2
0.107	0.0461411	0.615488	0.348778	0.598581	3.28356e-05	7.64805e-05	3.59874e-05	2
0.108	0.0461411	0.615488	0.348778	0.598581	3.25827e-05	7.66135e-05	3.5832e-05	2
0.109	0.0461411	0.615488	0.348778	0.598581	3.23396e-05	7.67375e-05	3.56905e-05	2
0.11	0.0461411	0.615488	0.348778	0.598581	3.21137e-05	7.68582e-05	3.55809e-05	2
0.111	0.0461411	0.615488	0.348778	0.598581	3.18893e-05	7.6968e-05	3.54518e-05	2
0.112	0.0461411	0.615488	0.348778	0.598581	3.16232e-05	7.70907e-05	3.53052e-05	2
0.113	0.0461411	0.615488	0.348778	0.598581	3.13466e-05	7.72134e-05	3.51505e-05	2
0.114	0.0461411	0.615488	0.348778	0.598581	3.10825e-05	7.73306e-05	3.50003e-05	2
0.115	0.0461411	0.615488	0.348778	0.598581	3.08302e-05	7.7442e-05	3.48543e-05	2
0.116	0.0461411	0.615488	0.348778	0.598581	3.05845e-05	7.75422e-05	3.47052e-05	2
0.117	0.0461411	0.615488	0.348778	0.598581	3.02728e-05	7.76504e-05	3.45163e-05	2
0.118	0.0461411	0.615488	0.348778	0.598581	2.99725e-05	7.77528e-05	3.43512e-05	2
0.119	0.0461411	0.615488	0.348778	0.598581	2.96881e-05	7.78497e-05	3.41999e-05	2
0.12	0.0461411	0.615488	0.348778	0.598581	2.94175e-05	7.79423e-05	3.40535e-05	2
0.121	0.0461411	0.615488	0.348778	0.598581	2.9087e-05	7.8035e-05	3.38685e-05	2
0.122	0.0461411	0.615488	0.348778	0.598581	2.8748e-05	7.81222e-05	3.36731e-05	2
0.123	0.0461411	0.615488	0.348778	0.598581	2.84245e-05	7.82032e-05	3.34824e-05	2
0.124	0.0461411	0.615488	0.348778	0.598581	2.80903e-05	7.8278e-05	3.32818e-05	2
0.125	0.0461411	0.615488	0.348778	0.598581	2.76877e-05	7.83421e-05	3.30342e-05	2
0.126	0.0461411	0.615488	0.348778	0.598581	2.73123e-05	7.84006e-05	3.28238e-05	2
0.127	0.0461411	0.615488	0.348778	0.598581	2.69036e-05	7.84432e-05	3.259e-05	2
0.128	0.0461411	0.615488	0.348778	0.598581	2.64338e-05	7.84637e-05	3.23118e-05	2
0.129	0.0461411	0.615488	0.348778	0.598581	2.59559e-05	7.84526e-05	3.20172e-05	2
0.13	0.0461411	0.615488	0.348778	0.598581	2.53832e-05	7.83539e-05	3.16479e-05	2
0.131	0.0461411	0.615488	0.348778	0.598581	2.48085e-05	7.8195e-05	3.12663e-05	2
0.132	0.0461411	0.615488	0.348778	0.598581	2.42609e-05	7.80136e-05	3.08967e-05	2
0.133	0.0461411	0.615488	0.348778	0.598581	2.37547e-05	7.78333e-05	3.05714e-05	2
0.134	0.0461411	0.615488	0.348778	0.598581	2.32698e-05	7.76605e-05	3.026e-05	2
0.135	0.0461411	0.615488	0.348778	0.598581	2.27977e-05	7.74932e-05	2.99548e-05	2
0.136	0.0461411	0.615488	0.348778	0.598581	2.23268e-05	7.73265e-05	2.96456e-05	2
0.137	0.0461411	0.615488	0.348778	0.598581	2.18549e-05	7.71619e-05	2.93342e-05	2
0.138	0.0461411	0.615488	0.348778	0.598581	2.13749e-05	7.69938e-05	2.90152e-05	2
0.139	0.0461411	0.615488	0.348778	0.598581	2.08724e-05	7.68109e-05	2.86942e-05	2
0.14	0.0461411	0.615488	0.348778	0.598581	2.03299e-05	7.65915e-05	2.83476e-05	2
0.141	0.0461411	0.615488	0.348778	0.598581	1.97695e-05	7.6313e-05	2.79794e-05	2
0.142	0.0461411	0.615488	0.348778	0.598581	1.92698e-05	7.60273e-05	2.76452e-05	2
0.143	0.0461411	0.615488	0.348778	0.598581	1.88065e-05	7.57655e-05	2.73341e-05	2
0.144	0.0461411	0.615488	0.348778	0.598581	1.83626e-05	7.55215e-05	2.70412e-05	2
0.145	0.0461411	0.615488	0.348778	0.598581	1.79229e-05	7.52866e-05	2.67678e-05	2
0.146	0.0461411	0.615488	0.348778	0.598581	1.74658e-05	7.50499e-05	2.648e-05	2
0.147	0.0461411	0.615488	0.348778	0.598581	1.69721e-05	7.47782e-05	2.61612e-05	2
0.148	0.0461411	0.615488	0.348778	0.598581	1.64943e-05	7.44781e-05	2.58456e-05	2
0.149	0.0461411	0.615488	0.348778	0.598581	1.60449e-05	7.41733e-05	2.55543e-05	2
0.15	0.0461411	0.615488	0.348778	0.598581	1.56225e-05	7.38711e-05	2.52888e-05	2
0.151	0.0461411	0.615488	0.348778	0.598581	1.52248e-05	7.35727e-05	2.50352e-05	2
0.152	0.0461411	0.615488	0.348778	0.598581	1.48519e-05	7.32807e-05	2.47939e-05	2
0.153	0.0461411	0.615488	0.348778	0.598581	1.45048e-05	7.29978e-05	2.45748e-05	2
0.154	0.0461411	0.615488	0.348778	0.598581	1.4178e-05	7.27221e-05	2.43817e-05	2
0.155	0.0461411	0.615488	0.348778	0.598581	1.38609e-05	7.24493e-05	2.41896e-05	2
0.156	0.0461411	0.615488	0.348778	0.598581	1.35467e-05	7.21682e-05	2.39914e-05	2
0.157	0.0461411	0.615488	0.348778	0.598581	1.32507e-05	7.18681e-05	2.38212e-05	2
0.158	0.0461411	0.615488	0.348778	0.598581	1.30273e-05	7.15687e-05	2.36954e-05	2
0.159	0.0461411	0.615488	0.348778	0.598581	1.28612e-05	7.13054e-05	2.36088e-05	2
0.16	0.0461411	0.615488	0.348778	0.598581	1.27264e-05	7.10655e-05	2.35779e-05	2
0.161	0.0461411	0.615488	0.348778	0.598581	1.26079e-05	7.08462e-05	2.35576e-05	2
0.162	0.0461411	0.615488	0.348778	0.598581	1.25035e-05	7.06392e-05	2.35742e-05	2
0.163	0.0461411	0.615488	0.348778	0.598581	1.24066e-05	7.0442e-05	2.36069e-05	2
0.164	0.0461411	0.615488	0.348778	0.598581	1.23119e-05	7.02442e-05	2.36789e-05	2
0.165	0.0461411	0.615488	0.348778	0.598581	7.48618e-06	6.61131e-05	7.48618e-06	2
0.166	0.0461411	0.615488	0.348778	0.598581	1.21143e-05	6.98223e-05	2.3842e-05	2
0.167	0.0461411	0.615488	0.348778	0.598581	1.20367e-05	6.96052e-05	2.39323e-05	2
0.168	0.0461411	0.615488	0.348778	0.598581	1.19995e-05	6.93992e-05	2.40606e-05	2
0.169	0.0461411	0.615488	0.348778	0.598581	1.19714e-05	6.9201e-05	2.42074e-05	2
0.17	0.0461411	0.615488	0.348778	0.598581	1.19672e-05	6.90174e-05	2.43933e-05	2
0.171	0.0461411	0.615488	0.348778	0.598581	1.19647e-05	6.88352e-05	2.46061e-05	2
0.172	0.0461411	0.615488	0.348778	0.598581	1.19916e-05	6.86697e-05	2.48849e-05	2
0.173	0.0461411	0.615488	0.348778	0.598581	1.20196e-05	6.84949e-05	2.52331e-05	2
0.174	0.0461411	0.615488	0.348778	0.598581	1.20287e-05	6.82968e-05	2.56153e-05	2
0.175	0.0461411	0.615488	0.348778	0.598581	1.20377e-05	6.8101e-05	2.59905e-05	2
0.176	0.0461411	0.615488	0.348778	0.598581	1.20339e-05	6.78989e-05	2.63433e-05	2
0.177	0.0461411	0.615488	0.348778	0.598581	1.20209e-05	6.76918e-05	2.66882e-05	2
0.178	0.0461411	0.615488	0.348778	0.598581	1.20113e-05	6.74867e-05	2.70456e-05	2
0.179	0.0461411	0.615488	0.348778	0.598581	1.19981e-05	6.72771e-05	2.74114e-05	2
0.18	0.0461411	0.615488	0.348778	0.598581	1.19722e-05	6.70578e-05	2.77708e-05	2
0.181	0.0461411	0.615488	0.348778	0.598581	1.19315e-05	6.68282e-05	2.81156e-05	2
0.182	0.0461411	0.615488	0.348778	0.598581	1.1884e-05	6.65943e-05	2.8451e-05	2
0.183	0.0461411	0.615488	0.348778	0.598581	1.18244e-05	6.63533e-05	2.87626e-05	2
0.184	0.0461411	0.615488	0.348778	0.598581	1.17383e-05	6.61032e-05	2.90063e-05	2
0.185	0.0461411	0.615488	0.348778	0.598581	1.16413e-05	6.58625e-05	2.91751e-05	2
0.186	0.0461411	0.615488	0.348778	0.598581	1.15433e-05	6.56302e-05	2.93175e-05	2
0.187	0.0461411	0.615488	0.348778	0.598581	1.14553e-05	6.54086e-05	2.94621e-05	2
0.188	0.0461411	0.615488	0.348778	0.598581	1.13669e-05	6.51885e-05	2.96084e-05	2
0.189	0.0461411	0.615488	0.348778	0.598581	1.12714e-05	6.49631e-05	2.97567e-05	2
0.19	0.0461411	0.615488	0.348778	0.598581	1.11501e-05	6.47251e-05	2.98645e-05	2
0.191	0.0461411	0.615488	0.348778	0.598581	1.10119e-05	6.4495e-05	2.98852e-05	2
0.192	0.0461411	0.615488	0.348778	0.598581	1.08775e-05	6.42825e-05	2.98612e-05	2
0.193	0.0461411	0.615488	0.348778	0.598581	1.07552e-05	6.40864e-05	2.98245e-05	2
0.194	0.0461411	0.615488	0.348778	0.598581	1.06348e-05	6.38978e-05	2.97763e-05	2
0.195	0.0461411	0.615488	0.348778	0.598581	1.0516e-05	6.3715e-05	2.97219e-05	2
0.196	0.0461411	0.615488	0.348778	0.598581	1.03973e-05	6.35354e-05	2.96605e-05	2
0.197	0.0461411	0.615488	0.348778	0.598581	1.02777e-05	6.33585e-05	2.95946e-05	2
0.198	0.0461411	0.615488	0.348778	0.598581	1.01568e-05	6.31838e-05	2.95256e-05	2
0.199	0.0461411	0.615488	0.348778	0.598581	1.00381e-05	6.30133e-05	2.9454e-05	2
0.2	0.0461411	0.615488	0.348778	0.598581	9.91132e-06	6.28448e-05	2.93551e-05	2
0.201	0.0461411	0.615488	0.348778	0.598581	9.77733e-06	6.26835e-05	2.92109e-05	2
0.202	0.0461411	0.615488	0.348778	0.598581	9.65187e-06	6.25412e-05	2.90247e-05	2
0.203	0.0461411	0.615488	0.348778	0.598581	9.52694e-06	6.24034e-05	2.88278e-05	2
0.204	0.0461411	0.615488	0.348778	0.598581	9.41403e-06	6.22767e-05	2.86327e-05	2
0.205	0.0461411	0.615488	0.348778	0.598581	9.30926e-06	6.21573e-05	2.844e-05	2
0.206	0.0461411	0.615488	0.348778	0.598581	9.21128e-06	6.20429e-05	2.82559e-05	2
0.207	0.0461411	0.615488	0.348778	0.598581	9.12572e-06	6.19376e-05	2.8079e-05	2
0.208	0.0461411	0.615488	0.348778	0.598581	9.0432e-06	6.1835e-05	2.79049e-05	2
0.209	0.0461411	0.615488	0.348778	0.598581	8.9593e-06	6.17321e-05	2.77314e-05	2
0.21	0.0461411	0.615488	0.348778	0.598581	8.87779e-06	6.16309e-05	2.7561e-05	2
0.211	0.0461411	0.615488	0.348778	0.598581	8.80654e-06	6.15363e-05	2.73992e-05	2
0.212	0.0461411	0.615488	0.348778	0.598581	8.73424e-06	6.14415e-05	2.72385e-05	2
0.213	0.0461411	0.615488	0.348778	0.598581	8.66307e-06	6.1348e-05	2.70803e-05	2
0.214	0.0461411	0.615488	0.348778	0.598581	8.59763e-06	6.12585e-05	2.69282e-05	2
0.215	0.0461411	0.615488	0.348778	0.598581	8.54258e-06	6.11748e-05	2.67856e-05	2
0.216	0.0461411	0.615488	0.348778	0.598581	8.48652e-06	6.10908e-05	2.66433e-05	2
0.217	0.0461411	0.615488	0.348778	0.598581	8.42958e-06	6.10067e-05	2.65017e-05	2
0.218	0.0461411	0.615488	0.348778	0.598581	8.37171e-06	6.09223e-05	2.63608e-05	2
0.219	0.0461411	0.615488	0.348778	0.598581	8.31603e-06	6.08394e-05	2.62231e-05	2
0.22	0.0461411	0.615488	0.348778	0.598581	8.26729e-06	6.07595e-05	2.60918e-05	2
0.221	0.0461411	0.615488	0.348778	0.598581	8.2168e-06	6.06804e-05	2.59614e-05	2
0.222	0.0461411	0.615488	0.348778	0.598581	8.16965e-06	6.06039e-05	2.58336e-05	2
0.223	0.0461411	0.615488	0.348778	0.598581	8.12464e-06	6.05293e-05	2.57078e-05	2
0.224	0.0461411	0.615488	0.348778	0.598581	8.0788e-06	6.04546e-05	2.55823e-05	2
0.225	0.0461411	0.615488	0.348778	0.598581	8.03982e-06	6.03834e-05	2.54634e-05	2
0.226	0.0461411	0.615488	0.348778	0.598581	8.00102e-06	6.03124e-05	2.53456e-05	2
0.227	0.0461411	0.615488	0.348778	0.598581	7.96145e-06	6.02414e-05	2.52281e-05	2
0.228	0.0461411	0.615488	0.348778	0.598581	7.92111e-06	6.01702e-05	2.51109e-05	2
0.229	0.0461411	0.615488	0.348778	0.598581	7.87999e-06	6.00985e-05	2.4994e-05	2
0.23	0.0461411	0.615488	0.348778	0.598581	7.83811e-06	6.00267e-05	2.48775e-05	2
0.231	0.0461411	0.615488	0.348778	0.598581	7.80377e-06	5.99584e-05	2.4769e-05	2
0.232	0.0461411	0.615488	0.348778	0.598581	7.77416e-06	5.98941e-05	2.46646e-05	2
0.233	0.0461411	0.615488	0.348778	0.598581	7.74388e-06	5.98296e-05	2.45603e-05	2
0.234	0.0461411	0.615488	0.348778	0.598581	7.71295e-06	5.97649e-05	2.44563e-05	2
0.235	0.0461411	0.615488	0.348778	0.598581	7.68135e-06	5.97001e-05	2.43526e-05	2
0.236	0.0461411	0.615488	0.348778	0.598581	7.64897e-06	5.96349e-05	2.42487e-05	2
0.237	0.0461411	0.615488	0.348778	0.598581	7.6177e-06	5.95701e-05	2.41463e-05	2
0.238	0.0461411	0.615488	0.348778	0.598581	7.59048e-06	5.95072e-05	2.40477e-05	2
0.239	0.0461411	0.615488	0.348778	0.598581	7.56264e-06	5.94441e-05	2.39494e-05	2
0.24	0.0461411	0.615488	0.348778	0.598581	7.53416e-06	5.93807e-05	2.3851e-05	2
0.241	0.0461411	0.615488	0.348778	0.598581	7.50571e-06	5.9318e-05	2.37532e-05	2
0.242	0.0461411	0.615488	0.348778	0.598581	7.48041e-06	5.92587e-05	2.3658e-05	2
0.243	0.0461411	0.615488	0.348778	0.598581	7.45449e-06	5.91993e-05	2.3563e-05	2
0.244	0.0461411	0.615488	0.348778	0.598581	7.42869e-06	5.91399e-05	2.34687e-05	2
0.245	0.0461411	0.615488	0.348778	0.598581	7.4078e-06	5.90826e-05	2.33792e-05	2
0.246	0.0461411	0.615488	0.348778	0.598581	7.38641e-06	5.9025e-05	2.32898e-05	2
0.247	0.0461411	0.615488	0.348778	0.598581	7.36443e-06	5.89673e-05	2.32004e-05	2
0.248	0.0461411	0.615488	0.348778	0.598581	7.34195e-06	5.89093e-05	2.31112e-05	2
0.249	0.0461411	0.615488	0.348778	0.598581	7.31886e-06	5.88511e-05	2.30219e-05	2
0.25	0.0461411	0.615488	0.348778	0.598581	7.29503e-06	5.87925e-05	2.29321e-05	2
0.251	0.0461411	0.615488	0.348778	0.598581	7.27058e-06	5.87336e-05	2.28423e-05	2
0.252	0.0461411	0.615488	0.348778	0.598581	7.25162e-06	5.86803e-05	2.27569e-05	2
0.253	0.0461411	0.615488	0.348778	0.598581	7.23613e-06	5.86285e-05	2.26753e-05	2
0.254	0.0461411	0.615488	0.348778	0.598581	7.22017e-06	5.85766e-05	2.25937e-05	2
0.255	0.0461411	0.615488	0.348778	0.598581	7.20408e-06	5.8524e-05	2.25134e-05	2
0.256	0.0461411	0.615488	0.348778	0.598581	7.18747e-06	5.84711e-05	2.24331e-05	2
0.257	0.0461411	0.615488	0.348778	0.598581	7.17034e-06	5.84181e-05	2.23528e-05	2
0.258	0.0461411	0.615488	0.348778	0.598581	7.15266e-06	5.83648e-05	2.22723e-05	2
0.259	0.0461411	0.615488	0.348778	0.598581	7.13442e-06	5.83112e-05	2.21918e-05	2
0.26	0.0461411	0.615488	0.348778	0.598581	7.1167e-06	5.82578e-05	2.21119e-05	2
0.261	0.0461411	0.615488	0.348778	0.598581	7.10185e-06	5.82055e-05	2.20344e-05	2
0.262	0.0461411	0.615488	0.348778	0.598581	7.08807e-06	5.81556e-05	2.19578e-05	2
0.263	0.0461411	0.615488	0.348778	0.598581	7.07489e-06	5.81075e-05	2.18815e-05	2
0.264	0.0461411	0.615488	0.348778	0.598581	7.06116e-06	5.8059e-05	2.1805e-05	2
0.265	0.0461411	0.615488	0.348778	0.598581	7.0469e-06	5.80104e-05	2.17282e-05	2
0.266	0.0461411	0.615488	0.348778	0.598581	7.03208e-06	5.79615e-05	2.16511e-05	2
0.267	0.0461411	0.615488	0.348778	0.598581	7.01687e-06	5.79122e-05	2.15743e-05	2
0.268	0.0461411	0.615488	0.348778	0.598581	7.0017e-06	5.78623e-05	2.14992e-05	2
0.269	0.0461411	0.615488	0.348778	0.598581	6.98898e-06	5.78131e-05	2.14262e-05	2
0.27	0.0461411	0.615488	0.348778	0.598581	6.9777e-06	5.77643e-05	2.13545e-05	2
0.271	0.0461411	0.615488	0.348778	0.598581	6.96595e-06	5.77151e-05	2.12826e-05	2
0.272	0.0461411	0.615488	0.348778	0.598581	6.95424e-06	5.76674e-05	2.12107e-05	2
0.273	0.0461411	0.615488	0.348778	0.598581	6.94322e-06	5.76232e-05	2.11392e-05	2
0.274	0.0461411	0.615488	0.348778	0.598581	6.93167e-06	5.75787e-05	2.10673e-05	2
0.275	0.0461411	0.615488	0.348778	0.598581	6.91965e-06	5.7534e-05	2.09952e-05	2
0.276	0.0461411	0.615488	0.348778	0.598581	6.90719e-06	5.74891e-05	2.09228e-05	2
0.277	0.0461411	0.615488	0.348778	0.598581	6.89414e-06	5.74437e-05	2.085e-05	2
0.278	0.0461411	0.615488	0.348778	0.598581	6.88295e-06	5.73988e-05	2.07784e-05	2
0.279	0.0461411	0.615488	0.348778	0.598581	6.87366e-06	5.73544e-05	2.07082e-05	2
0.28	0.0461411	0.615488	0.348778	0.598581	6.8643e-06	5.73094e-05	2.06389e-05	2
0.281	0.0461411	0.615488	0.348778	0.598581	6.85487e-06	5.72637e-05	2.05705e-05	2
0.282	0.0461411	0.615488	0.348778	0.598581	6.84514e-06	5.722e-05	2.05019e-05	2
0.283	0.0461411	0.615488	0.348778	0.598581	6.83535e-06	5.71801e-05	2.04323e-05	2
0.284	0.0461411	0.615488	0.348778	0.598581	6.825e-06	5.714e-05	2.03622e-05	2
0.285	0.0461411	0.615488	0.348778	0.598581	6.81406e-06	5.70997e-05	2.02915e-05	2
0.286	0.0461411	0.615488	0.348778	0.598581	6.80249e-06	5.70592e-05	2.02201e-05	2
0.287	0.0461411	0.615488	0.348778	0.598581	6.79025e-06	5.70183e-05	2.01478e-05	2
0.288	0.0461411	0.615488	0.348778	0.598581	6.78208e-06	5.69787e-05	2.00779e-05	2
0.289	0.0461411	0.615488	0.348778	0.598581	6.77391e-06	5.69389e-05	2.00078e-05	2
0.29	0.0461411	0.615488	0.348778	0.598581	6.76546e-06	5.68987e-05	1.99369e-05	2
0.291	0.0461411	0.615488	0.348778	0.598581	6.75667e-06	5.68581e-05	1.98651e-05	2
0.292	0.0461411	0.615488	0.348778	0.598581	6.74581e-06	5.68241e-05	1.97923e-05	2
0.293	0.0461411	0.615488	0.348778	0.598581	6.7358e-06	5.67897e-05	1.97241e-05	2
0.294	0.0461411	0.615488	0.348778	0.598581	6.72562e-06	5.67547e-05	1.96566e-05	2
0.295	0.0461411	0.615488	0.348778	0.598581	6.71475e-06	5.67196e-05	1.95882e-05	2
0.296	0.0461411	0.615488	0.348778	0.598581	6.70313e-06	5.66842e-05	1.95188e-05	2
0.297	0.0461411	0.615488	0.348778	0.598581	6.69071e-06	5.66486e-05	1.94484e-05	2
0.298	0.0461411	0.615488	0.348778	0.598581	6.68335e-06	5.66142e-05	1.93806e-05	2
0.299	0.0461411	0.615488	0.348778	0.598581	6.67646e-06	5.65799e-05	1.93123e-05	2
0.3	0.0461411	0.615488	0.348778	0.598581	6.66822e-06	5.65463e-05	1.92426e-05	2
