# QTMix Mixer Data
# 
# IV data file: /data/simulations/saturation/plot-6/31Jul03_akima_spline.IV
# KK data file: /data/MultiTone/branches/SuperMix-numerics-branch/build/31Jul03_akima_spline.KK
# 
# Impedances:
#  IF:  2.5 + 0i
#  Fundamental:  1 + 0i
#  Harmonic 1 :  1 + 0i
#  Harmonic 2 :   1 + 0i
# 
# Actual Impedances:
#  IF:  2.5 + -0i
#  EmbImp.Z = 1 + 0i
#  LO:  1 + -0i
# Operating Point:
# Bias       : 0.8
# LO Freq    : 0.33
# LO Voltage : 1
# IF Freq    : 0.01
# 
# Harmonics : 1
# 
# Scan variable : IF Frequency
# 
# X Axis | Unpump DC | Unpump KK | Pump DC | LSB Gain | USB Gain | IF Output | Noise Temp | LO Fundamental Current 
0	0	0	0.344793	2.09606	2.09606	22.9995	5.2349	0.40122
0.0032	0.000255288	3.30427e-06	0.344793	1.48879	1.47541	11.5761	5.3179	0.40122
0.0064	0.000510358	1.32412e-05	0.344793	1.49533	1.46857	11.573	5.36609	0.40122
0.0096	0.000764992	2.98469e-05	0.344793	1.50179	1.46164	11.5679	5.41472	0.40122
0.0128	0.00101897	5.31576e-05	0.344793	1.50818	1.45464	11.5612	5.46379	0.40122
0.016	0.00127208	8.32094e-05	0.344793	1.51443	1.44751	11.552	5.51332	0.40122
0.0192	0.00152413	0.00012004	0.344793	1.52045	1.44015	11.5385	5.56329	0.40122
0.0224	0.00177492	0.000163707	0.344793	1.52623	1.43259	11.5211	5.61371	0.40122
0.0256	0.00202427	0.000214275	0.344793	1.53222	1.42521	11.5062	5.66462	0.40122
0.0288	0.00227199	0.000271811	0.344793	1.53873	1.41829	11.4983	5.71614	0.40122
0.032	0.00251789	0.00033638	0.344793	1.54565	1.4117	11.4959	5.76841	0.40122
0.0352	0.00276177	0.000408048	0.344793	1.55271	1.40516	11.4946	5.82154	0.40122
0.0384	0.00300344	0.000486897	0.344793	1.5597	1.39851	11.4916	5.87563	0.40122
0.0416	0.00324272	0.00057302	0.344793	1.56662	1.3917	11.4869	5.93075	0.40122
0.0448	0.0034794	0.000666516	0.344793	1.57358	1.38486	11.482	5.98696	0.40122
0.048	0.00371332	0.000767493	0.344793	1.58066	1.37805	11.4782	6.04432	0.40122
0.0512	0.00394428	0.000876061	0.344793	1.58796	1.37132	11.4765	6.10287	0.40122
0.0544	0.00417209	0.000992342	0.344793	1.59551	1.36471	11.4775	6.16269	0.40122
0.0576	0.00439659	0.00111647	0.344793	1.60336	1.35822	11.4816	6.22384	0.40122
0.0608	0.00461758	0.00124857	0.344793	1.61155	1.35189	11.4892	6.28643	0.40122
0.064	0.00483489	0.0013888	0.344793	1.62012	1.34574	11.5009	6.35054	0.40122
0.0672	0.00504834	0.00153731	0.344793	1.62913	1.33977	11.5171	6.41628	0.40122
0.0704	0.00525777	0.00169427	0.344793	1.63862	1.33402	11.5385	6.48373	0.40122
0.0736	0.00546299	0.00185985	0.344793	1.64869	1.32852	11.5659	6.55302	0.40122
0.0768	0.00566384	0.00203425	0.344793	1.65941	1.32333	11.6005	6.62429	0.40122
0.08	0.00586016	0.00221764	0.344793	1.67089	1.31849	11.6433	6.69769	0.40122
0.0832	0.00605178	0.00241023	0.344793	1.68327	1.31405	11.6959	6.77343	0.40122
0.0864	0.00623853	0.00261224	0.344793	1.69671	1.3101	11.7602	6.85177	0.40122
0.0896	0.00642024	0.0028239	0.344793	1.71139	1.30672	11.8381	6.93297	0.40122
0.0928	0.00659676	0.00304548	0.344793	1.72753	1.304	11.9324	7.0174	0.40122
0.096	0.00676792	0.00327723	0.344793	1.74544	1.30207	12.0464	7.10544	0.40122
0.0992	0.00693359	0.00351945	0.344793	1.76547	1.30109	12.1843	7.19761	0.40122
0.1024	0.00709365	0.00377243	0.344793	1.78817	1.30129	12.3524	7.29459	0.40122
0.1056	0.00724798	0.00403648	0.344793	1.81425	1.303	12.5592	7.39733	0.40122
0.1088	0.00739643	0.00431188	0.344793	1.84478	1.30662	12.817	7.50732	0.40122
0.112	0.00753882	0.00459892	0.344793	1.88084	1.31245	13.1375	7.62686	0.40122
0.1152	0.00767491	0.00489807	0.344793	1.917	1.31638	13.4424	7.75736	0.40122
0.1184	0.00780449	0.00520983	0.344793	1.94351	1.31339	13.6096	7.88967	0.40122
0.1216	0.00792734	0.00553484	0.344793	1.97429	1.3113	13.816	8.03491	0.40122
0.1248	0.00804347	0.00587394	0.344793	1.98918	1.29664	13.777	8.19437	0.40122
0.128	0.00815309	0.00622797	0.344793	1.9717	1.26303	13.3128	8.34537	0.40122
0.1312	0.00825639	0.00659748	0.344793	1.93262	1.21727	12.5859	8.49388	0.40122
0.1344	0.00835359	0.00698369	0.344793	1.86768	1.15903	11.589	8.6269	0.40122
0.1376	0.00844539	0.00738884	0.344793	1.80465	1.10523	10.6861	8.74808	0.40122
0.1408	0.00853339	0.00781286	0.344793	1.73721	1.05067	9.78669	8.86551	0.40122
0.144	0.00861924	0.008255	0.344793	1.67641	1.00318	9.02608	8.96897	0.40122
0.1472	0.0087046	0.0087145	0.344793	1.62631	0.962556	8.41166	9.07882	0.40122
0.1504	0.00879083	0.00919061	0.344793	1.57668	0.923244	7.8326	9.18911	0.40122
0.1536	0.0088779	0.00968261	0.344793	1.53262	0.889231	7.34598	9.2901	0.40122
0.1568	0.00896543	0.0101901	0.344793	1.50034	0.861691	6.98328	9.40495	0.40122
0.16	0.00905305	0.0107128	0.344793	1.47379	0.837049	6.68022	9.53429	0.40122
0.1632	0.00914042	0.0112504	0.344793	1.45061	0.813919	6.41214	9.67922	0.40122
0.1664	0.00922744	0.0118028	0.344793	1.42907	0.791357	6.16303	9.84122	0.40122
0.1696	0.00931423	0.0123696	0.344793	1.40796	0.768673	5.92224	10.0231	0.40122
0.1728	0.00940088	0.0129507	0.344793	1.38587	0.745054	5.67879	10.2301	0.40122
0.176	0.0094875	0.0135462	0.344793	1.36047	0.719203	5.4167	10.4721	0.40122
0.1792	0.00957413	0.0141558	0.344793	1.32598	0.68792	5.09901	10.7748	0.40122
0.1824	0.00966076	0.0147797	0.344793	1.2757	0.649326	4.70445	11.1579	0.40122
0.1856	0.00974735	0.0154178	0.344793	1.23021	0.614316	4.36605	11.5692	0.40122
0.1888	0.00983389	0.01607	0.344793	1.1833	0.578712	4.03692	12.0538	0.40122
0.192	0.00992035	0.0167363	0.344793	1.1235	0.537661	3.66504	12.6783	0.40122
0.1952	0.0100067	0.0174166	0.344793	1.06985	0.501191	3.3559	13.3599	0.40122
0.1984	0.0100931	0.0181111	0.344793	1.00734	0.461262	3.03051	14.2436	0.40122
0.2016	0.0101793	0.0188195	0.344793	0.945359	0.424217	2.7444	15.25	0.40122
0.2048	0.0102655	0.0195419	0.344793	0.888475	0.391529	2.50767	16.3585	0.40122
0.208	0.0103517	0.0202783	0.344793	0.831255	0.361397	2.29779	17.593	0.40122
0.2112	0.0104378	0.0210287	0.344793	0.791274	0.341414	2.1689	18.6069	0.40122
0.2144	0.0105239	0.0217931	0.344793	0.757269	0.324286	2.06596	19.6456	0.40122
0.2176	0.0106099	0.0225715	0.344793	0.722897	0.308585	1.97202	20.7091	0.40122
0.2208	0.0106958	0.0233639	0.344793	0.698376	0.298361	1.91475	21.5094	0.40122
0.224	0.0107817	0.0241704	0.344793	0.67923	0.290486	1.87451	22.2145	0.40122
0.2272	0.0108676	0.0249909	0.344793	0.663248	0.283939	1.84393	22.8714	0.40122
0.2304	0.0109534	0.0258254	0.344793	0.649366	0.278269	1.81965	23.4995	0.40122
0.2336	0.0110391	0.026674	0.344793	0.637014	0.273243	1.79996	24.1083	0.40122
0.2368	0.0111249	0.0275366	0.344793	0.625828	0.268715	1.78376	24.7032	0.40122
0.24	0.0112105	0.0284133	0.344793	0.615572	0.264591	1.77036	25.2878	0.40122
0.2432	0.0112962	0.0293042	0.344793	0.606081	0.260807	1.75928	25.864	0.40122
0.2464	0.0113817	0.0302091	0.344793	0.597224	0.257312	1.75013	26.4332	0.40122
0.2496	0.0114673	0.0311283	0.344793	0.588896	0.254067	1.74263	26.9966	0.40122
0.2528	0.0115528	0.0320617	0.344793	0.581008	0.251042	1.73655	27.5547	0.40122
0.256	0.0116382	0.0330093	0.344793	0.57351	0.24822	1.73174	28.1066	0.40122
0.2592	0.0117236	0.0339711	0.344793	0.566367	0.245592	1.7281	28.6511	0.40122
0.2624	0.011809	0.0349473	0.344793	0.559559	0.243148	1.72556	29.1869	0.40122
0.2656	0.0118943	0.0359379	0.344793	0.553077	0.240882	1.72407	29.7131	0.40122
0.2688	0.0119796	0.0369428	0.344793	0.546914	0.238779	1.72356	30.2296	0.40122
0.272	0.0120649	0.0379621	0.344793	0.541048	0.236824	1.72394	30.7376	0.40122
0.2752	0.0121501	0.0389958	0.344793	0.535446	0.234998	1.72512	31.2386	0.40122
0.2784	0.0122352	0.0400441	0.344793	0.530078	0.233289	1.72702	31.7328	0.40122
0.2816	0.0123204	0.0411069	0.344793	0.524931	0.23169	1.72959	32.2203	0.40122
0.2848	0.0124054	0.0421844	0.344793	0.519992	0.230192	1.73278	32.7012	0.40122
0.288	0.0124905	0.0432765	0.344793	0.515252	0.22879	1.73657	33.1756	0.40122
0.2912	0.0125754	0.0443833	0.344793	0.510706	0.227478	1.74092	33.6434	0.40122
0.2944	0.0126604	0.0455049	0.344793	0.506358	0.226253	1.74582	34.1044	0.40122
0.2976	0.0127452	0.0466413	0.344793	0.502243	0.225114	1.75129	34.5583	0.40122
0.3008	0.0128301	0.0477926	0.344793	0.498415	0.22405	1.75735	35.008	0.40122
0.304	0.0129149	0.0489588	0.344793	0.49486	0.223023	1.7639	35.463	0.40122
0.3072	0.0129996	0.0501401	0.344793	0.491394	0.221973	1.77067	35.9367	0.40122
0.3104	0.0130844	0.0513364	0.344793	0.487779	0.220883	1.77743	36.4308	0.40122
0.3136	0.0131691	0.0525478	0.344793	0.483901	0.219793	1.78411	36.9313	0.40122
0.3168	0.0132538	0.0537744	0.344793	0.479878	0.218753	1.79091	37.4254	0.40122
0.32	0.0133384	0.0550163	0.344793	0.475806	0.217776	1.79792	37.9098	0.40122
