# QTMix Mixer Data
# 
# IV data file: /data/simulations/saturation/plot-6/31Jul03_akima_spline.IV
# KK data file: /data/MultiTone/branches/SuperMix-numerics-branch/build/31Jul03_akima_spline.KK
# 
# Impedances:
#  IF:  2.5 + 0i
#  Fundamental:  1 + 0i
#  Harmonic 1 :  1 + 0i
#  Harmonic 2 :   1 + 0i
# 
# Actual Impedances:
#  IF:  2.5 + -0i
#  EmbImp.Z = 1 + 0i
#  LO:  1 + -0i
# Operating Point:
# Bias       : 0.1
# LO Freq    : 0.95
# LO Voltage : 1.5
# IF Freq    : 0.01
# 
# Harmonics : 1
# 
# Scan variable : IF Frequency
# 
# X Axis | Unpump DC | Unpump KK | Pump DC | LSB Gain | USB Gain | IF Output | Noise Temp | LO Fundamental Current 
0	0	0	0.163656	0.401378	0.401378	4.08356	25.3472	0.531738
0.0094	0.000749095	2.8613e-05	0.163656	0.282363	0.281258	3.22146	40.7234	0.531738
0.0188	0.00149269	0.000115064	0.163656	0.275909	0.273831	3.07205	40.9696	0.531738
0.0282	0.00222568	0.000260489	0.163656	0.261142	0.258576	2.75765	41.2443	0.531738
0.0376	0.00294324	0.000466506	0.163656	0.223928	0.224663	2.07478	41.1064	0.531738
0.047	0.00364053	0.000735127	0.163656	0.173435	0.18469	1.34918	39.5532	0.531738
0.0564	0.0043128	0.00106899	0.163656	0.133768	0.161768	0.949196	36.272	0.531738
0.0658	0.00495544	0.0014713	0.163656	0.116557	0.157907	0.841176	33.7355	0.531738
0.0752	0.00556397	0.00194594	0.163656	0.113018	0.16231	0.856091	32.496	0.531738
0.0846	0.00613409	0.00249744	0.163656	0.11756	0.169913	0.932282	32.2918	0.531738
0.094	0.00666158	0.00313117	0.163656	0.123337	0.176814	1.01328	32.4115	0.531738
0.1034	0.0071425	0.00385375	0.163656	0.129295	0.182633	1.09147	32.7231	0.531738
0.1128	0.00757344	0.00467256	0.163656	0.134984	0.187104	1.16227	33.2	0.531738
0.1222	0.00794962	0.00559732	0.163656	0.139922	0.189496	1.2188	33.9417	0.531738
0.1316	0.00826887	0.00664479	0.163656	0.141815	0.184523	1.23175	36.176	0.531738
0.141	0.0085388	0.00783997	0.163656	0.13919	0.167426	1.19869	42.7624	0.531738
0.1504	0.00879083	0.00919061	0.163656	0.133849	0.140818	1.15508	58.2499	0.531738
0.1598	0.00904758	0.0106796	0.163656	0.130984	0.116709	1.15998	85.1611	0.531738
0.1692	0.00930339	0.0122979	0.163656	0.132526	0.104751	1.21245	110.496	0.531738
0.1786	0.00955789	0.0140404	0.163656	0.136237	0.100201	1.28378	127.865	0.531738
0.188	0.00981226	0.0159056	0.163656	0.140466	0.0980194	1.35737	141.278	0.531738
0.1974	0.0100661	0.0178926	0.163656	0.14495	0.0969119	1.43213	152.485	0.531738
0.2068	0.0103194	0.0200005	0.163656	0.149616	0.0964467	1.508	162.117	0.531738
0.2162	0.0105722	0.0222292	0.163656	0.154442	0.0964413	1.58516	170.431	0.531738
0.2256	0.0108247	0.0245789	0.163656	0.159393	0.096776	1.66352	177.621	0.531738
0.235	0.0110767	0.0270496	0.163656	0.164419	0.0973394	1.7427	183.927	0.531738
0.2444	0.0113282	0.0296419	0.163656	0.169511	0.0980673	1.82267	189.522	0.531738
0.2538	0.0115795	0.0323563	0.163656	0.174666	0.098914	1.90338	194.54	0.531738
0.2632	0.0118303	0.0351936	0.163656	0.179881	0.0998457	1.98479	199.093	0.531738
0.2726	0.0120808	0.0381548	0.163656	0.185159	0.100831	2.06689	203.297	0.531738
0.282	0.012331	0.0412408	0.163656	0.190495	0.101835	2.14962	207.284	0.531738
0.2914	0.0125807	0.044453	0.163656	0.195885	0.102814	2.23283	211.228	0.531738
0.3008	0.0128301	0.0477926	0.163656	0.201308	0.103697	2.31623	215.404	0.531738
0.3102	0.0130791	0.0512611	0.163656	0.206728	0.104377	2.39929	220.229	0.531738
0.3196	0.0133279	0.0548602	0.163656	0.212192	0.104993	2.48259	225.207	0.531738
0.329	0.0135765	0.0585915	0.163656	0.217712	0.105581	2.56624	230.211	0.531738
0.3384	0.013825	0.0624568	0.163656	0.223292	0.106145	2.65022	235.226	0.531738
0.3478	0.0140736	0.066458	0.163656	0.228941	0.106679	2.73457	240.287	0.531738
0.3572	0.0143222	0.0705972	0.163656	0.234657	0.107178	2.81921	245.424	0.531738
0.3666	0.0145711	0.0748768	0.163656	0.240432	0.107633	2.90402	250.674	0.531738
0.376	0.0148201	0.079299	0.163656	0.246265	0.108036	2.98893	256.083	0.531738
0.3854	0.0150695	0.0838667	0.163656	0.252153	0.108369	3.07383	261.739	0.531738
0.3948	0.0153193	0.0885827	0.163656	0.258107	0.108651	3.15879	267.582	0.531738
0.4042	0.01557	0.0934509	0.163656	0.26414	0.108901	3.24388	273.527	0.531738
0.4136	0.01582	0.0984759	0.163656	0.27026	0.109124	3.32912	279.569	0.531738
0.423	0.0160736	0.103665	0.163656	0.276469	0.109321	3.4145	285.708	0.531738
0.4324	0.0163412	0.109022	0.163656	0.282771	0.109492	3.50002	291.947	0.531738
0.4418	0.0166248	0.114541	0.163656	0.289175	0.109637	3.58564	298.297	0.531738
0.4512	0.0169233	0.12022	0.163656	0.295692	0.109755	3.67132	304.772	0.531738
0.4606	0.0172352	0.126061	0.163656	0.302325	0.109842	3.75703	311.395	0.531738
0.47	0.0175589	0.132065	0.163656	0.309075	0.1099	3.84269	318.157	0.531738
0.4794	0.017893	0.138236	0.163656	0.315949	0.109932	3.92826	325.051	0.531738
0.4888	0.0182359	0.144575	0.163656	0.322951	0.109939	4.01369	332.08	0.531738
0.4982	0.0185862	0.151088	0.163656	0.330085	0.109918	4.09891	339.257	0.531738
0.5076	0.0189423	0.157778	0.163656	0.337352	0.10987	4.18386	346.594	0.531738
0.517	0.0193027	0.164651	0.163656	0.344761	0.109793	4.2685	354.101	0.531738
0.5264	0.0196656	0.171712	0.163656	0.352325	0.109684	4.35282	361.813	0.531738
0.5358	0.0200303	0.178969	0.163656	0.360055	0.109539	4.43676	369.77	0.531738
0.5452	0.0203942	0.186427	0.163656	0.367967	0.109365	4.52034	377.935	0.531738
0.5546	0.0207539	0.194102	0.163656	0.376074	0.109168	4.60354	386.278	0.531738
0.564	0.0211195	0.202009	0.163656	0.384393	0.108948	4.68635	394.818	0.531738
0.5734	0.0215038	0.210152	0.163656	0.392925	0.108702	4.76872	403.577	0.531738
0.5828	0.0219133	0.218529	0.163656	0.401658	0.108433	4.85063	412.551	0.531738
0.5922	0.0223455	0.227139	0.163656	0.410609	0.108142	4.93201	421.733	0.531738
0.6016	0.0227971	0.235987	0.163656	0.419782	0.107828	5.01273	431.129	0.531738
0.611	0.023266	0.245078	0.163656	0.429167	0.107489	5.09254	440.763	0.531738
0.6204	0.0237497	0.254423	0.163656	0.438764	0.107121	5.17125	450.659	0.531738
0.6298	0.0242455	0.26403	0.163656	0.448601	0.106726	5.24885	460.814	0.531738
0.6392	0.0247509	0.273909	0.163656	0.458696	0.106307	5.32526	471.212	0.531738
0.6486	0.0252634	0.284074	0.163656	0.469055	0.105864	5.40037	481.868	0.531738
0.658	0.0257802	0.29454	0.163656	0.479514	0.105403	5.47406	492.726	0.531738
0.6674	0.0262988	0.305324	0.163656	0.490143	0.104942	5.5466	503.648	0.531738
0.6768	0.0268171	0.316441	0.163656	0.501056	0.104487	5.61806	514.594	0.531738
0.6862	0.0273292	0.327921	0.163656	0.512337	0.104041	5.68851	525.524	0.531738
0.6956	0.0278391	0.339805	0.163656	0.524067	0.103606	5.75797	536.413	0.531738
0.705	0.0283697	0.352122	0.163656	0.536321	0.103188	5.82649	547.207	0.531738
0.7144	0.0289651	0.364888	0.163656	0.549191	0.102795	5.89406	557.787	0.531738
0.7238	0.0296366	0.378101	0.163656	0.562825	0.102441	5.96056	567.988	0.531738
0.7332	0.0303716	0.391755	0.163656	0.577346	0.10214	6.02567	577.586	0.531738
0.7426	0.0311675	0.405875	0.163656	0.592798	0.101896	6.08843	586.395	0.531738
0.752	0.0320197	0.420488	0.163656	0.6094	0.10173	6.14889	594.151	0.531738
0.7614	0.0329227	0.435622	0.163656	0.627564	0.101706	6.20781	600.135	0.531738
0.7708	0.0338713	0.451315	0.163656	0.648134	0.101943	6.26672	603.008	0.531738
0.7802	0.0348596	0.467611	0.163656	0.673719	0.102729	6.33053	599.865	0.531738
0.7896	0.0358818	0.484562	0.163656	0.720298	0.104356	6.4219	589.699	0.531738
0.799	0.0369317	0.502231	0.163656	0.813212	0.106029	6.57316	584.692	0.531738
0.8084	0.0380029	0.520701	0.163656	0.932387	0.104454	6.74624	618.316	0.531738
0.8178	0.0390899	0.540067	0.163656	1.02846	0.100151	6.873	685.224	0.531738
0.8272	0.0401842	0.560477	0.163656	1.09643	0.0948759	6.95025	772.126	0.531738
0.8366	0.0413705	0.58216	0.163656	1.15196	0.090298	7.01076	859.823	0.531738
0.846	0.0428857	0.605202	0.163656	1.21123	0.0860202	7.07995	956.818	0.531738
0.8554	0.0447872	0.62959	0.163656	1.27785	0.0817514	7.16392	1071.92	0.531738
0.8648	0.0471005	0.655427	0.163656	1.35608	0.0773425	7.27403	1216.01	0.531738
0.8742	0.0498746	0.682847	0.163656	1.45351	0.0725502	7.43164	1411.91	0.531738
0.8836	0.0531588	0.712027	0.163656	1.55581	0.0661807	7.54799	1723.33	0.531738
0.893	0.0570149	0.743195	0.163656	1.64327	0.0575523	7.55441	2280.74	0.531738
0.9024	0.0615169	0.776651	0.163656	1.65999	0.0449789	7.24414	3580.72	0.531738
0.9118	0.0667566	0.81279	0.163656	1.5062	0.0308262	6.42818	6764.68	0.531738
0.9212	0.0728495	0.852157	0.163656	1.30015	0.0207917	5.70805	13204.1	0.531738
0.9306	0.0799386	0.895538	0.163656	1.14632	0.0159177	5.30069	20920.5	0.531738
0.94	0.0883201	0.944209	0.163656	1.0362	0.0127118	5.06934	31371.5	0.531738
