# QTMix Mixer Data
# 
# IV data file: /data/simulations/SuperMix-basics/Ideal_30.idc
# KK data file: /data/simulations/SuperMix-basics/Ideal_30_SM.ikk
# 
# Impedances:
# 	IF:		1 + 0i
# 	Fundamental:	 1 + 0i
# 	Harmonic 1 :	 1 + 0i
# 	Harmonic 2 : 	 1 + 0i
# 
# Actual Impedances:
# 	IF:		1 + -0i
# 	EmbImp.Z = 1 + 0i
# 	LO:		1 + -0i
# Operating Point:
# Bias       : 0.6
# LO Freq    : 0.8
# LO Voltage : 1.1
# IF Freq    : 0.01
# 
# Harmonics : 1
# 
# Scan variable : IF Frequency
# 
# X Axis | Unpump DC | Unpump KK | Pump DC | LSB Gain | USB Gain | IF Output | Noise Temp | LO Fundamental Current 
0	0	0	0.170123	0.658482	0.658482	4.64331	10.7088	0.369758
0.0079	-1.54251e-54	3.97373e-05	0.170123	0.47262	0.460929	2.45809	11.5699	0.369758
0.0158	6.20015e-54	0.000158984	0.170123	0.481574	0.458697	2.49105	11.8394	0.369758
0.0237	-1.69875e-53	0.000357794	0.170123	0.491673	0.45846	2.5401	12.085	0.369758
0.0316	2.60816e-53	0.000636217	0.170123	0.502186	0.459611	2.59913	12.304	0.369758
0.0395	2.30569e-53	0.000994308	0.170123	0.512534	0.46151	2.6622	12.4991	0.369758
0.0474	-2.9292e-52	0.00143213	0.170123	0.522347	0.463624	2.72463	12.6758	0.369758
0.0553	1.14662e-51	0.00194979	0.170123	0.531472	0.465617	2.78362	12.8396	0.369758
0.0632	-2.86201e-51	0.00254747	0.170123	0.539902	0.467313	2.83784	12.9949	0.369758
0.0711	3.33452e-51	0.00322531	0.170123	0.547692	0.468634	2.88692	13.1452	0.369758
0.079	8.15277e-51	0.00398349	0.170123	0.554927	0.469571	2.93105	13.2929	0.369758
0.0869	-6.03188e-50	0.00482215	0.170123	0.5617	0.470146	2.97069	13.4398	0.369758
0.0948	2.10447e-49	0.00574151	0.170123	0.568095	0.470396	3.0064	13.5869	0.369758
0.1027	-4.66256e-49	0.00674184	0.170123	0.574183	0.470361	3.03874	13.7351	0.369758
0.1106	3.33522e-49	0.0078234	0.170123	0.580027	0.47008	3.06823	13.8849	0.369758
0.1185	2.1521e-48	0.00898648	0.170123	0.585678	0.469588	3.0953	14.0368	0.369758
0.1264	-1.20074e-47	0.0102313	0.170123	0.591178	0.468913	3.12034	14.1911	0.369758
0.1343	3.77204e-47	0.0115583	0.170123	0.59656	0.468082	3.14366	14.348	0.369758
0.1422	-7.25575e-47	0.0129677	0.170123	0.601855	0.467116	3.16554	14.5077	0.369758
0.1501	1.00442e-47	0.01446	0.170123	0.607085	0.46603	3.1862	14.6705	0.369758
0.158	5.02851e-46	0.0160355	0.170123	0.612271	0.464841	3.20582	14.8365	0.369758
0.1659	-2.31578e-45	0.0176946	0.170123	0.617429	0.463558	3.22457	15.006	0.369758
0.1738	6.70626e-45	0.0194378	0.170123	0.622576	0.462191	3.24257	15.1791	0.369758
0.1817	-9.10431e-45	0.0212656	0.170123	0.627724	0.460747	3.25995	15.3562	0.369758
0.1896	1.35018e-44	0.0231784	0.170123	0.632885	0.459232	3.27678	15.5375	0.369758
0.1975	3.54794e-43	0.0251769	0.170123	0.638068	0.45765	3.29316	15.7234	0.369758
0.2054	1.9984e-42	0.0272614	0.170123	0.643283	0.456004	3.30914	15.914	0.369758
0.2133	2.28446e-41	0.0294326	0.170123	0.648539	0.454294	3.32479	16.1098	0.369758
0.2212	1.91619e-40	0.0316911	0.170123	0.653843	0.452521	3.34015	16.3113	0.369758
0.2291	1.67811e-39	0.0340375	0.170123	0.6592	0.450683	3.35524	16.5189	0.369758
0.237	1.29049e-38	0.0364726	0.170123	0.664617	0.448775	3.37009	16.7334	0.369758
0.2449	8.8864e-38	0.038997	0.170123	0.670097	0.446794	3.38471	16.9553	0.369758
0.2528	5.84747e-37	0.0416114	0.170123	0.675639	0.44473	3.39908	17.1858	0.369758
0.2607	3.81747e-36	0.0443165	0.170123	0.681243	0.442571	3.41318	17.4259	0.369758
0.2686	2.36895e-35	0.0471132	0.170123	0.686896	0.440297	3.42693	17.6773	0.369758
0.2765	1.34478e-34	0.0500023	0.170123	0.692582	0.437882	3.44023	17.9421	0.369758
0.2844	7.17937e-34	0.0529848	0.170123	0.698266	0.435288	3.45295	18.2237	0.369758
0.2923	3.73094e-33	0.0560614	0.170123	0.703889	0.432458	3.46481	18.5265	0.369758
0.3002	1.90864e-32	0.0592331	0.170123	0.709362	0.429312	3.47556	18.8573	0.369758
0.3081	9.24605e-32	0.062501	0.170123	0.714536	0.42573	3.48471	19.2264	0.369758
0.316	4.21884e-31	0.065866	0.170123	0.719184	0.421539	3.49168	19.6498	0.369758
0.3239	1.85305e-30	0.0693293	0.170123	0.722979	0.416506	3.49581	20.1514	0.369758
0.3318	7.98572e-30	0.0728919	0.170123	0.725446	0.410307	3.49634	20.7681	0.369758
0.3397	3.36643e-29	0.0765549	0.170123	0.725964	0.402527	3.49262	21.5557	0.369758
0.3476	1.35368e-28	0.0803197	0.170123	0.723801	0.392698	3.48456	22.5959	0.369758
0.3555	5.22578e-28	0.0841875	0.170123	0.718205	0.380345	3.47292	24.007	0.369758
0.3634	1.96628e-27	0.0881596	0.170123	0.708659	0.365096	3.45939	25.9528	0.369758
0.3713	7.27918e-27	0.0922375	0.170123	0.695359	0.347124	3.449	28.6236	0.369758
0.3792	2.62897e-26	0.0964224	0.170123	0.679266	0.327069	3.44718	32.2245	0.369758
0.3871	9.14509e-26	0.100716	0.170123	0.662087	0.305944	3.45668	36.9298	0.369758
0.395	3.09087e-25	0.10512	0.170123	0.645942	0.285157	3.47802	42.7724	0.369758
0.4029	1.02512e-24	0.109635	0.170123	0.63215	0.266043	3.50875	49.5735	0.369758
0.4108	3.34859e-24	0.114264	0.170123	0.62078	0.249409	3.5425	56.9491	0.369758
0.4187	1.06726e-23	0.119009	0.170123	0.611364	0.235601	3.57258	64.3618	0.369758
0.4266	3.30471e-23	0.12387	0.170123	0.60263	0.224506	3.59446	71.3144	0.369758
0.4345	1.00179e-22	0.128851	0.170123	0.593249	0.215708	3.60602	77.4991	0.369758
0.4424	2.99158e-22	0.133953	0.170123	0.582867	0.208775	3.60895	82.7989	0.369758
0.4503	8.80299e-22	0.139178	0.170123	0.572226	0.203377	3.60821	87.2345	0.369758
0.4582	2.53221e-21	0.144528	0.170123	0.561616	0.199148	3.60673	90.9418	0.369758
0.4661	7.12447e-21	0.150006	0.170123	0.551392	0.195801	3.60662	94.0745	0.369758
0.474	1.97201e-20	0.155615	0.170123	0.541895	0.193125	3.60925	96.7702	0.369758
0.4819	5.38949e-20	0.161356	0.170123	0.533254	0.19095	3.61502	99.1455	0.369758
0.4898	1.452e-19	0.167232	0.170123	0.525493	0.189148	3.62383	101.29	0.369758
0.4977	3.83492e-19	0.173247	0.170123	0.518594	0.187628	3.63546	103.268	0.369758
0.5056	9.95553e-19	0.179402	0.170123	0.512479	0.186321	3.64955	105.127	0.369758
0.5135	2.5508e-18	0.185702	0.170123	0.507033	0.185173	3.66563	106.904	0.369758
0.5214	6.46248e-18	0.192149	0.170123	0.502191	0.18415	3.68345	108.621	0.369758
0.5293	1.61487e-17	0.198746	0.170123	0.497865	0.183223	3.70269	110.295	0.369758
0.5372	3.96822e-17	0.205498	0.170123	0.493984	0.182375	3.72313	111.938	0.369758
0.5451	9.61794e-17	0.212407	0.170123	0.490498	0.18159	3.74458	113.558	0.369758
0.553	2.30577e-16	0.219478	0.170123	0.487346	0.180857	3.76687	115.162	0.369758
0.5609	5.47134e-16	0.226716	0.170123	0.484489	0.180169	3.78989	116.753	0.369758
0.5688	1.28153e-15	0.234123	0.170123	0.481893	0.179519	3.81353	118.333	0.369758
0.5767	2.96018e-15	0.241706	0.170123	0.479521	0.178902	3.83769	119.906	0.369758
0.5846	6.76105e-15	0.249469	0.170123	0.47735	0.178315	3.86231	121.471	0.369758
0.5925	1.52975e-14	0.257416	0.170123	0.475352	0.177754	3.88732	123.031	0.369758
0.6004	3.42838e-14	0.265553	0.170123	0.473505	0.177216	3.91266	124.585	0.369758
0.6083	7.59205e-14	0.273886	0.170123	0.471794	0.176702	3.93831	126.133	0.369758
0.6162	1.66195e-13	0.282421	0.170123	0.470198	0.176209	3.96421	127.674	0.369758
0.6241	3.60389e-13	0.291165	0.170123	0.4687	0.175736	3.99034	129.208	0.369758
0.632	7.75009e-13	0.300125	0.170123	0.467278	0.175282	4.01666	130.735	0.369758
0.6399	1.65181e-12	0.309307	0.170123	0.46591	0.174845	4.04315	132.256	0.369758
0.6478	3.48291e-12	0.318719	0.170123	0.464581	0.174427	4.06978	133.766	0.369758
0.6557	7.27335e-12	0.328371	0.170123	0.463265	0.174026	4.09654	135.265	0.369758
0.6636	1.50661e-11	0.33827	0.170123	0.461934	0.173643	4.12339	136.754	0.369758
0.6715	3.09742e-11	0.348427	0.170123	0.460551	0.173277	4.15033	138.23	0.369758
0.6794	6.3145e-11	0.358851	0.170123	0.459072	0.172926	4.17734	139.695	0.369758
0.6873	1.27518e-10	0.369554	0.170123	0.457441	0.172589	4.20439	141.149	0.369758
0.6952	2.55413e-10	0.380547	0.170123	0.45558	0.172263	4.23146	142.595	0.369758
0.7031	5.07954e-10	0.391844	0.170123	0.453397	0.171942	4.25854	144.045	0.369758
0.711	1.00326e-09	0.403457	0.170123	0.450749	0.171616	4.2856	145.512	0.369758
0.7189	1.96592e-09	0.415403	0.170123	0.447457	0.171267	4.31262	147.026	0.369758
0.7268	3.82075e-09	0.427697	0.170123	0.443286	0.170865	4.33959	148.642	0.369758
0.7347	7.37314e-09	0.440356	0.170123	0.437915	0.170363	4.36653	150.448	0.369758
0.7426	1.41386e-08	0.453402	0.170123	0.430939	0.169686	4.39346	152.585	0.369758
0.7505	2.6939e-08	0.466854	0.170123	0.421911	0.168722	4.42052	155.284	0.369758
0.7584	5.09522e-08	0.480736	0.170123	0.41024	0.16733	4.44781	158.854	0.369758
0.7663	9.56859e-08	0.495074	0.170123	0.395282	0.165341	4.47546	163.711	0.369758
0.7742	1.78581e-07	0.509896	0.170123	0.377535	0.162508	4.50449	170.568	0.369758
0.7821	3.31384e-07	0.525234	0.170123	0.3578	0.158685	4.53548	180.116	0.369758
0.79	6.11263e-07	0.541125	0.170123	0.33684	0.15392	4.5683	192.826	0.369758
