# QTMix Mixer Data
# 
# Globals:
#    Temperature     : 4.2 K
#    Z0              : 20 Ohms
#    IF Z0           : 20 Ohms
# 
# Operating Point:
#    Bias            : 2.1 mV
#    LO Freq         : 660 GHz
#    LO Voltage      : 162.393 nW
#    LO Temperature  : 0 K
#    IF Freq         : 5 GHz
#    Harmonics : 1
# 
# Junction Properties:
#    IV data file    : /data/simulations/QTMix-Belitsky/idc.dat
#    KK data file    : /data/simulations/QTMix-Belitsky/ikk.dat
#    Rn              : 20 Ohm
#    Capacitance     : 57 fF
# 
# Material Properties:
#    Dielectric constant         : 5.8
#    Dielectric loss             : 4 10e-4
#    Superconductor Tc           : 9.23 K
#    Superconductor Vgap         : 2.8 mV
#    Superconductor RhoN         : 5 uOhm cm
#    Superconductor thickness    : 0.4 um
#    Metal Resistivity           : 0 uOhm cm
#    Metal thickness             : 0 um
# 
# Tuner: /data/simulations/QTMix-Sonnet/dut.d
# 
# RF Choke:
#    Enabled : Yes
#    Top conductor   : Superconductor
#    Ground plane    : Superconductor
#    Width           : 3 um
#    Length          : 39 um
#    Height          : 0.4 um
#    Radius          : 30 um
#    Angle           : 180 deg
# 
# Scan variable : LO Frequency
# 
# X Axis | Unpump DC | Unpump KK | Pump DC | LSB Gain | USB Gain | IF Output | Noise Temp | LO Fundamental Current | Junction Zemb
600	1161.93	0.94454	0.0246392	0.118398	0.132005	16.301	123.488	0.251373	0.139847 0.324238	-4.02645
601	1163.86	0.944592	0.0248478	0.124139	0.13875	16.9546	122.195	0.253489	0.142545 0.327699	-3.96952
602	1165.8	0.944644	0.0250617	0.128942	0.144368	17.4503	120.874	0.255643	0.145323 0.331209	-3.91238
603	1167.74	0.944697	0.0252804	0.133331	0.14949	17.8702	119.541	0.257834	0.148183 0.334765	-3.85506
604	1169.67	0.944749	0.0255035	0.137516	0.154366	18.2468	118.205	0.26006	0.151126 0.338368	-3.79757
605	1171.61	0.9448	0.0257309	0.141608	0.159124	18.597	116.871	0.262318	0.154156 0.342017	-3.73992
606	1173.55	0.944852	0.0259624	0.145665	0.163832	18.9296	115.543	0.264608	0.157274 0.345711	-3.68215
607	1175.48	0.944904	0.0261978	0.149725	0.168535	19.2504	114.222	0.266929	0.160483 0.349449	-3.62427
608	1177.42	0.944956	0.026437	0.153813	0.173263	19.5633	112.911	0.26928	0.163785 0.35323	-3.56631
609	1179.36	0.945007	0.0266799	0.157951	0.178041	19.8711	111.61	0.27166	0.167184 0.357054	-3.5083
610	1181.29	0.945059	0.0269263	0.16215	0.182885	20.1757	110.319	0.274067	0.170681 0.360918	-3.45026
611	1183.23	0.94511	0.0271763	0.166421	0.187806	20.4783	109.04	0.276502	0.17428 0.364822	-3.39221
612	1185.17	0.945162	0.0274297	0.170773	0.192817	20.7803	107.773	0.278964	0.177983 0.368766	-3.33417
613	1187.1	0.945213	0.0276866	0.175212	0.197925	21.0825	106.518	0.281454	0.181797 0.372752	-3.27613
614	1189.04	0.945264	0.0279471	0.179736	0.20313	21.3846	105.276	0.283971	0.185724 0.37678	-3.2181
615	1190.98	0.945315	0.0282111	0.184345	0.208431	21.6866	104.047	0.286517	0.189771 0.380852	-3.16007
616	1192.91	0.945366	0.0284787	0.189039	0.213831	21.9887	102.832	0.28909	0.193941 0.384968	-3.10205
617	1194.85	0.945417	0.0287499	0.193817	0.219327	22.2906	101.632	0.291692	0.198239 0.38913	-3.04404
618	1196.79	0.945468	0.0290247	0.198677	0.224918	22.5921	100.446	0.294322	0.202673 0.393338	-2.98604
619	1198.72	0.945519	0.0293032	0.20362	0.230603	22.8932	99.2756	0.29698	0.207247 0.397594	-2.92806
620	1200.66	0.945569	0.0295853	0.208648	0.236386	23.1943	98.1208	0.299668	0.211967 0.401897	-2.8701
621	1202.6	0.94562	0.0298712	0.213763	0.242267	23.4955	96.9818	0.302384	0.21684 0.40625	-2.81216
622	1204.53	0.94567	0.0301607	0.218963	0.248245	23.7965	95.8589	0.30513	0.221873 0.41065	-2.75424
623	1206.47	0.945721	0.0304539	0.224246	0.254316	24.0971	94.7523	0.307904	0.227074 0.415097	-2.69637
624	1208.41	0.945771	0.0307507	0.229612	0.26048	24.3971	93.6623	0.310707	0.232448 0.419589	-2.63855
625	1210.34	0.945821	0.0310512	0.235057	0.266731	24.6964	92.5891	0.313539	0.238004 0.424125	-2.58079
626	1212.28	0.945872	0.0313553	0.240578	0.273065	24.9944	91.5328	0.3164	0.243751 0.428701	-2.52309
627	1214.22	0.945922	0.031663	0.246172	0.279477	25.2911	90.4942	0.319289	0.249697 0.433317	-2.46547
628	1216.15	0.945972	0.0319742	0.251833	0.285957	25.5857	89.4742	0.322207	0.25585 0.437969	-2.40794
629	1218.09	0.946022	0.032289	0.257556	0.292495	25.8781	88.4735	0.325153	0.262219 0.442653	-2.35051
630	1220.03	0.946072	0.0326073	0.263335	0.299083	26.1677	87.493	0.328127	0.268816 0.447367	-2.29318
631	1221.96	0.946121	0.0329291	0.269163	0.305709	26.4541	86.5334	0.33113	0.275648 0.452106	-2.23597
632	1223.9	0.946171	0.0332541	0.275032	0.312359	26.7365	85.5955	0.334159	0.282724 0.456865	-2.1789
633	1225.84	0.946221	0.0335822	0.28093	0.319016	27.0142	84.68	0.337213	0.29005 0.461639	-2.12203
634	1227.77	0.94627	0.033913	0.286844	0.325658	27.286	83.7874	0.340291	0.297635 0.466423	-2.06538
635	1229.71	0.94632	0.0342463	0.292759	0.332264	27.5508	82.9185	0.343391	0.305485 0.471209	-2.00899
636	1231.65	0.946369	0.0345817	0.298659	0.338811	27.8075	82.0737	0.346511	0.313607 0.475992	-1.95292
637	1233.58	0.946418	0.034919	0.30452	0.345273	28.0544	81.2528	0.349648	0.322009 0.480764	-1.8972
638	1235.52	0.946468	0.0352578	0.310317	0.351621	28.2898	80.4554	0.352802	0.330699 0.485517	-1.84187
639	1237.46	0.946517	0.0355977	0.316012	0.357814	28.511	79.6812	0.355969	0.339683 0.490243	-1.78698
640	1239.39	0.946566	0.0359383	0.321545	0.363786	28.7137	78.93	0.359148	0.348969 0.494933	-1.73258
641	1241.33	0.946615	0.0362793	0.326864	0.369477	28.8939	78.2022	0.362335	0.358566 0.499577	-1.6787
642	1243.27	0.946664	0.0366204	0.331984	0.37491	29.0546	77.4976	0.36553	0.368487 0.504167	-1.62536
643	1245.2	0.946713	0.0369615	0.336999	0.380197	29.2049	76.8152	0.368733	0.378751 0.508694	-1.57253
644	1247.14	0.946761	0.0373025	0.341956	0.3854	29.3496	76.1535	0.371942	0.389374 0.513147	-1.52023
645	1249.08	0.94681	0.0376433	0.346809	0.390479	29.4856	75.5114	0.375157	0.400376 0.517515	-1.46845
646	1251.01	0.946859	0.0379841	0.351556	0.395437	29.6137	74.8884	0.378378	0.411775 0.521784	-1.41718
647	1252.95	0.946907	0.0383249	0.35629	0.400378	29.742	74.2848	0.381605	0.423593 0.525938	-1.36643
648	1254.89	0.946956	0.0386657	0.361035	0.405319	29.8725	73.7012	0.384839	0.435851 0.529962	-1.31618
649	1256.82	0.947004	0.0390064	0.365712	0.410163	29.9985	73.1378	0.388079	0.448571 0.533835	-1.26644
650	1258.76	0.947053	0.039347	0.370228	0.414798	30.1123	72.5952	0.391325	0.461777 0.537538	-1.21721
651	1260.7	0.947101	0.0396873	0.374552	0.419185	30.2121	72.0735	0.394576	0.475492 0.541044	-1.16848
652	1262.64	0.947149	0.040027	0.378673	0.423308	30.2973	71.5726	0.39783	0.489732 0.544326	-1.1203
653	1264.57	0.947197	0.0403657	0.382571	0.427157	30.3666	71.09	0.401084	0.504509 0.547354	-1.0727
654	1266.51	0.947245	0.0407028	0.386216	0.430513	30.4187	70.6569	0.404335	0.519838 0.550094	-1.02573
655	1268.45	0.947293	0.041038	0.389642	0.43352	30.456	70.2528	0.407581	0.535732 0.552512	-0.979425
656	1270.38	0.947341	0.0413709	0.392829	0.436168	30.4773	69.8751	0.410818	0.552206 0.554567	-0.933823
657	1272.32	0.947389	0.0417011	0.395762	0.438445	30.4821	69.5233	0.414046	0.569281 0.556218	-0.88894
658	1274.26	0.947437	0.0420294	0.398426	0.440338	30.4704	69.1977	0.417268	0.587036 0.55741	-0.844678
659	1276.19	0.947484	0.0423419	0.400804	0.441835	30.4362	68.8858	0.420392	0.605329 0.557859	-0.802786
660	1278.13	0.947532	0.0426466	0.402892	0.442934	30.3829	68.5947	0.42347	0.624072 0.557757	-0.762167
661	1280.07	0.947579	0.042944	0.404682	0.443628	30.3109	68.3251	0.426508	0.643312 0.557053	-0.722712
662	1282	0.947627	0.0432341	0.406166	0.443913	30.2201	68.0768	0.429503	0.663056 0.555696	-0.684418
663	1283.94	0.947674	0.0435165	0.407348	0.44378	30.1103	67.8496	0.432455	0.683299 0.553629	-0.647295
664	1285.88	0.947721	0.0437909	0.408	0.443174	29.9781	67.644	0.43536	0.704031 0.550796	-0.611356
665	1287.81	0.947769	0.0440569	0.408279	0.442155	29.8274	67.4591	0.438216	0.725235 0.547135	-0.576619
666	1289.75	0.947816	0.0443143	0.408203	0.44073	29.6587	67.2944	0.441021	0.74689 0.542585	-0.543101
667	1291.69	0.947863	0.0445626	0.407775	0.438903	29.4723	67.1498	0.443771	0.768965 0.53708	-0.51082
668	1293.62	0.94791	0.0448015	0.406995	0.436676	29.2683	67.0253	0.446465	0.791426 0.530554	-0.479793
669	1295.56	0.947957	0.0450306	0.405893	0.434085	29.0491	66.9203	0.4491	0.814228 0.522942	-0.450033
670	1297.5	0.948004	0.0452496	0.404512	0.43118	28.8176	66.8344	0.451674	0.837319 0.514175	-0.421557
671	1299.43	0.948051	0.0454582	0.402889	0.428005	28.5767	66.7672	0.454182	0.86064 0.504188	-0.394376
672	1301.37	0.948097	0.045656	0.401038	0.424579	28.3272	66.7185	0.456625	0.88412 0.492921	-0.368513
673	1303.31	0.948144	0.0458428	0.398969	0.420915	28.0699	66.6877	0.458997	0.907678 0.48032	-0.343989
674	1305.24	0.948191	0.0460182	0.396682	0.417016	27.8044	66.6747	0.461298	0.931228 0.466332	-0.320827
675	1307.18	0.948237	0.0461818	0.394175	0.412881	27.5305	66.6791	0.463523	0.954671 0.450913	-0.299048
676	1309.12	0.948284	0.0463334	0.391451	0.408514	27.2482	66.7007	0.465672	0.977904 0.434026	-0.278677
677	1311.05	0.94833	0.0464726	0.38851	0.40392	26.9573	66.7391	0.467739	1.00081 0.415642	-0.259735
678	1312.99	0.948376	0.0465991	0.38535	0.399103	26.6576	66.7939	0.469724	1.02328 0.395742	-0.242244
679	1314.93	0.948423	0.0467126	0.381979	0.394074	26.3496	66.8647	0.471624	1.04517 0.374319	-0.226226
680	1316.86	0.948469	0.0468127	0.378408	0.388851	26.034	66.9511	0.473435	1.06636 0.351379	-0.211705
681	1318.8	0.948515	0.0468993	0.374651	0.383452	25.7115	67.0527	0.475156	1.08671 0.326939	-0.198698
682	1320.74	0.948561	0.0469721	0.370721	0.377897	25.3831	67.1693	0.476784	1.10608 0.301028	-0.187218
683	1322.67	0.948607	0.047031	0.366635	0.372207	25.0497	67.3005	0.478318	1.12433 0.273687	-0.177272
684	1324.61	0.948653	0.0470758	0.362408	0.366401	24.7124	67.4462	0.479757	1.14131 0.244975	-0.168864
685	1326.55	0.948699	0.0471064	0.358053	0.3605	24.3719	67.606	0.481098	1.15688 0.214971	-0.161999
686	1328.48	0.948745	0.0471228	0.353586	0.35452	24.0293	67.7798	0.482342	1.17091 0.183768	-0.15668
687	1330.42	0.94879	0.0471249	0.349018	0.348478	23.6852	67.9675	0.483486	1.18328 0.151479	-0.152906
688	1332.36	0.948836	0.0471127	0.344362	0.342388	23.3402	68.1689	0.48453	1.19385 0.118234	-0.150676
689	1334.29	0.948882	0.0470861	0.339627	0.336262	22.995	68.384	0.485474	1.20253 0.0841766	-0.149987
690	1336.23	0.948927	0.0470452	0.334825	0.330115	22.6501	68.6126	0.486317	1.20924 0.0494658	-0.150832
691	1338.17	0.948973	0.0469901	0.329966	0.323957	22.306	68.8548	0.487058	1.21389 0.0142733	-0.153208
692	1340.1	0.949018	0.0469208	0.325058	0.3178	21.9633	69.1104	0.487698	1.21646 -0.0212149	-0.157111
693	1342.04	0.949063	0.0468373	0.320111	0.311654	21.6224	69.3794	0.488236	1.21693 -0.0568076	-0.162541
694	1343.98	0.949109	0.0467399	0.315137	0.305534	21.284	69.6617	0.488672	1.21529 -0.0923134	-0.169493
695	1345.91	0.949154	0.0466285	0.31015	0.299454	20.949	69.9573	0.489006	1.21159 -0.127544	-0.177959
696	1347.85	0.949199	0.0465035	0.305163	0.293428	20.618	70.266	0.48924	1.20586 -0.162318	-0.187929
697	1349.79	0.949244	0.046365	0.300184	0.287464	20.2916	70.5883	0.489373	1.19819 -0.196463	-0.19939
698	1351.72	0.949289	0.0462133	0.295219	0.281567	19.97	70.9245	0.489408	1.18866 -0.22982	-0.212328
699	1353.66	0.949334	0.0460487	0.290267	0.275736	19.6531	71.2752	0.489345	1.17738 -0.262243	-0.226725
700	1355.6	0.949379	0.0458714	0.285328	0.269968	19.3408	71.6409	0.489186	1.16446 -0.293605	-0.242563
