# Initial no freqs: 1
# Initial no harmonics: 1
# LO frequency set up
# Setting bias
# IF frequency set up
# USB frequency set up
# LSB frequency set up
# Vdc[n-1]: 3 vGap: 1
# starting normalisation at 2.76735
# Response function set
# 
# Mixer currents curve
# IF Freq | Unpumped DC | KK | DC Current | Pump Current | IF Current | Signal Current | Image Current | DC dynamic impedance | Iterations
0.001	0.0378754	0.502347	0.441781	0.621167	2.09581e-05	2.80322e-05	4.24176e-05	2
0.002	0.0378754	0.502347	0.441781	0.621167	2.1339e-05	2.9462e-05	4.30871e-05	2
0.003	0.0378754	0.502347	0.441781	0.621167	2.06616e-05	2.95829e-05	4.40982e-05	2
0.004	0.0378754	0.502347	0.441781	0.621167	1.92926e-05	2.95339e-05	4.59429e-05	2
0.005	0.0378754	0.502347	0.441781	0.621167	1.85127e-05	2.96044e-05	4.711e-05	2
0.006	0.0378754	0.502347	0.441781	0.621167	1.79284e-05	2.92782e-05	4.77912e-05	2
0.007	0.0378754	0.502347	0.441781	0.621167	1.73113e-05	2.84834e-05	4.81472e-05	2
0.008	0.0378754	0.502347	0.441781	0.621167	1.68629e-05	2.7831e-05	4.83535e-05	2
0.009	0.0378754	0.502347	0.441781	0.621167	1.65326e-05	2.7304e-05	4.84749e-05	2
0.01	0.0378754	0.502347	0.441781	0.621167	1.63705e-05	2.69426e-05	4.85077e-05	2
0.011	0.0378754	0.502347	0.441781	0.621167	1.63276e-05	2.67102e-05	4.84925e-05	2
0.012	0.0378754	0.502347	0.441781	0.621167	1.62297e-05	2.64867e-05	4.85341e-05	2
0.013	0.0378754	0.502347	0.441781	0.621167	1.58794e-05	2.63461e-05	4.89371e-05	2
0.014	0.0378754	0.502347	0.441781	0.621167	1.55958e-05	2.62568e-05	4.93032e-05	2
0.015	0.0378754	0.502347	0.441781	0.621167	1.5326e-05	2.60728e-05	4.9608e-05	2
0.016	0.0378754	0.502347	0.441781	0.621167	1.48409e-05	2.55298e-05	4.98836e-05	2
0.017	0.0378754	0.502347	0.441781	0.621167	1.44376e-05	2.50664e-05	5.01297e-05	2
0.018	0.0378754	0.502347	0.441781	0.621167	1.40938e-05	2.46223e-05	5.03066e-05	2
0.019	0.0378754	0.502347	0.441781	0.621167	1.3837e-05	2.39893e-05	5.02285e-05	2
0.02	0.0378754	0.502347	0.441781	0.621167	1.35908e-05	2.33994e-05	5.01614e-05	2
0.021	0.0378754	0.502347	0.441781	0.621167	1.33714e-05	2.28496e-05	5.00906e-05	2
0.022	0.0378754	0.502347	0.441781	0.621167	1.31561e-05	2.21773e-05	4.99345e-05	2
0.023	0.0378754	0.502347	0.441781	0.621167	1.29786e-05	2.15668e-05	4.97885e-05	2
0.024	0.0378754	0.502347	0.441781	0.621167	1.28163e-05	2.09928e-05	4.96507e-05	2
0.025	0.0378754	0.502347	0.441781	0.621167	1.27634e-05	2.0305e-05	4.93274e-05	2
0.026	0.0378754	0.502347	0.441781	0.621167	1.27165e-05	1.96431e-05	4.90349e-05	2
0.027	0.0378754	0.502347	0.441781	0.621167	1.26705e-05	1.9011e-05	4.87657e-05	2
0.028	0.0378754	0.502347	0.441781	0.621167	1.27015e-05	1.84033e-05	4.84229e-05	2
0.029	0.0378754	0.502347	0.441781	0.621167	1.2738e-05	1.78207e-05	4.80883e-05	2
0.03	0.0378754	0.502347	0.441781	0.621167	1.27704e-05	1.72559e-05	4.77699e-05	2
0.031	0.0378754	0.502347	0.441781	0.621167	1.27958e-05	1.66689e-05	4.74547e-05	2
0.032	0.0378754	0.502347	0.441781	0.621167	1.28158e-05	1.60942e-05	4.71547e-05	2
0.033	0.0378754	0.502347	0.441781	0.621167	1.28338e-05	1.55321e-05	4.68706e-05	2
0.034	0.0378754	0.502347	0.441781	0.621167	1.29302e-05	1.49273e-05	4.65079e-05	2
0.035	0.0378754	0.502347	0.441781	0.621167	1.30476e-05	1.43235e-05	4.61221e-05	2
0.036	0.0378754	0.502347	0.441781	0.621167	1.31547e-05	1.37213e-05	4.57442e-05	2
0.037	0.0378754	0.502347	0.441781	0.621167	1.32654e-05	1.3158e-05	4.53724e-05	2
0.038	0.0378754	0.502347	0.441781	0.621167	1.33803e-05	1.26269e-05	4.50065e-05	2
0.039	0.0378754	0.502347	0.441781	0.621167	1.34906e-05	1.21142e-05	4.46502e-05	2
0.04	0.0378754	0.502347	0.441781	0.621167	1.36191e-05	1.16114e-05	4.42711e-05	2
0.041	0.0378754	0.502347	0.441781	0.621167	1.37578e-05	1.11298e-05	4.38832e-05	2
0.042	0.0378754	0.502347	0.441781	0.621167	1.38914e-05	1.06707e-05	4.35053e-05	2
0.043	0.0378754	0.502347	0.441781	0.621167	1.40393e-05	1.02547e-05	4.31164e-05	2
0.044	0.0378754	0.502347	0.441781	0.621167	1.41988e-05	9.88164e-06	4.27191e-05	2
0.045	0.0378754	0.502347	0.441781	0.621167	1.43539e-05	9.53047e-06	4.23301e-05	2
0.046	0.0378754	0.502347	0.441781	0.621167	1.44978e-05	9.21771e-06	4.19569e-05	2
0.047	0.0378754	0.502347	0.441781	0.621167	1.46297e-05	8.94429e-06	4.16001e-05	2
0.048	0.0378754	0.502347	0.441781	0.621167	1.4757e-05	8.70171e-06	4.12487e-05	2
0.049	0.0378754	0.502347	0.441781	0.621167	1.48853e-05	8.48711e-06	4.08957e-05	2
0.05	0.0378754	0.502347	0.441781	0.621167	1.5018e-05	8.30564e-06	4.05385e-05	2
0.051	0.0378754	0.502347	0.441781	0.621167	1.51483e-05	8.16279e-06	4.01856e-05	2
0.052	0.0378754	0.502347	0.441781	0.621167	1.52856e-05	8.06897e-06	3.98242e-05	2
0.053	0.0378754	0.502347	0.441781	0.621167	1.54334e-05	8.04706e-06	3.94381e-05	2
0.054	0.0378754	0.502347	0.441781	0.621167	1.55774e-05	8.06343e-06	3.90594e-05	2
0.055	0.0378754	0.502347	0.441781	0.621167	1.5713e-05	8.13414e-06	3.86854e-05	2
0.056	0.0378754	0.502347	0.441781	0.621167	1.5839e-05	8.25081e-06	3.83242e-05	2
0.057	0.0378754	0.502347	0.441781	0.621167	1.59629e-05	8.40298e-06	3.79663e-05	2
0.058	0.0378754	0.502347	0.441781	0.621167	1.60839e-05	8.58556e-06	3.76119e-05	2
0.059	0.0378754	0.502347	0.441781	0.621167	1.62026e-05	8.7955e-06	3.72607e-05	2
0.06	0.0378754	0.502347	0.441781	0.621167	1.63187e-05	9.03125e-06	3.69132e-05	2
0.061	0.0378754	0.502347	0.441781	0.621167	1.64333e-05	9.29116e-06	3.65675e-05	2
0.062	0.0378754	0.502347	0.441781	0.621167	1.6551e-05	9.57831e-06	3.62174e-05	2
0.063	0.0378754	0.502347	0.441781	0.621167	1.66656e-05	9.88127e-06	3.58688e-05	2
0.064	0.0378754	0.502347	0.441781	0.621167	1.67789e-05	1.02031e-05	3.55275e-05	2
0.065	0.0378754	0.502347	0.441781	0.621167	1.68857e-05	1.05337e-05	3.51946e-05	2
0.066	0.0378754	0.502347	0.441781	0.621167	1.69901e-05	1.08751e-05	3.48646e-05	2
0.067	0.0378754	0.502347	0.441781	0.621167	1.70929e-05	1.12265e-05	3.45365e-05	2
0.068	0.0378754	0.502347	0.441781	0.621167	1.7204e-05	1.15981e-05	3.41981e-05	2
0.069	0.0378754	0.502347	0.441781	0.621167	1.73122e-05	1.19753e-05	3.38629e-05	2
0.07	0.0378754	0.502347	0.441781	0.621167	1.74181e-05	1.23579e-05	3.35305e-05	2
0.071	0.0378754	0.502347	0.441781	0.621167	1.75234e-05	1.27473e-05	3.31986e-05	2
0.072	0.0378754	0.502347	0.441781	0.621167	1.76278e-05	1.3139e-05	3.2868e-05	2
0.073	0.0378754	0.502347	0.441781	0.621167	1.77298e-05	1.3534e-05	3.25394e-05	2
0.074	0.0378754	0.502347	0.441781	0.621167	1.78305e-05	1.39614e-05	3.22049e-05	2
0.075	0.0378754	0.502347	0.441781	0.621167	1.79306e-05	1.44023e-05	3.18695e-05	2
0.076	0.0378754	0.502347	0.441781	0.621167	1.80287e-05	1.48436e-05	3.15366e-05	2
0.077	0.0378754	0.502347	0.441781	0.621167	1.81247e-05	1.52846e-05	3.12063e-05	2
0.078	0.0378754	0.502347	0.441781	0.621167	1.82176e-05	1.57235e-05	3.08792e-05	2
0.079	0.0378754	0.502347	0.441781	0.621167	1.83087e-05	1.61615e-05	3.05545e-05	2
0.08	0.0378754	0.502347	0.441781	0.621167	1.83979e-05	1.65982e-05	3.02322e-05	2
0.081	0.0378754	0.502347	0.441781	0.621167	1.84865e-05	1.70293e-05	2.99171e-05	2
0.082	0.0378754	0.502347	0.441781	0.621167	1.85742e-05	1.74603e-05	2.9606e-05	2
0.083	0.0378754	0.502347	0.441781	0.621167	1.86588e-05	1.7901e-05	2.9295e-05	2
0.084	0.0378754	0.502347	0.441781	0.621167	1.87413e-05	1.83428e-05	2.89854e-05	2
0.085	0.0378754	0.502347	0.441781	0.621167	1.88221e-05	1.87822e-05	2.8678e-05	2
0.086	0.0378754	0.502347	0.441781	0.621167	1.89014e-05	1.92189e-05	2.83727e-05	2
0.087	0.0378754	0.502347	0.441781	0.621167	1.89791e-05	1.96529e-05	2.80696e-05	2
0.088	0.0378754	0.502347	0.441781	0.621167	1.90553e-05	2.0084e-05	2.77684e-05	2
0.089	0.0378754	0.502347	0.441781	0.621167	1.91301e-05	2.05121e-05	2.74693e-05	2
0.09	0.0378754	0.502347	0.441781	0.621167	1.92068e-05	2.09385e-05	2.71684e-05	2
0.091	0.0378754	0.502347	0.441781	0.621167	1.92848e-05	2.13628e-05	2.6872e-05	2
0.092	0.0378754	0.502347	0.441781	0.621167	1.93636e-05	2.17833e-05	2.65815e-05	2
0.093	0.0378754	0.502347	0.441781	0.621167	1.94366e-05	2.22365e-05	2.62869e-05	2
0.094	0.0378754	0.502347	0.441781	0.621167	1.95043e-05	2.27149e-05	2.59891e-05	2
0.095	0.0378754	0.502347	0.441781	0.621167	1.95707e-05	2.31888e-05	2.56934e-05	2
0.096	0.0378754	0.502347	0.441781	0.621167	1.96358e-05	2.36584e-05	2.53999e-05	2
0.097	0.0378754	0.502347	0.441781	0.621167	1.96997e-05	2.41236e-05	2.51083e-05	2
0.098	0.0378754	0.502347	0.441781	0.621167	1.97623e-05	2.45844e-05	2.48188e-05	2
0.099	0.0378754	0.502347	0.441781	0.621167	1.98237e-05	2.50409e-05	2.45312e-05	2
0.1	0.0378754	0.502347	0.441781	0.621167	1.98843e-05	2.54932e-05	2.4246e-05	2
0.101	0.0378754	0.502347	0.441781	0.621167	1.99436e-05	2.59425e-05	2.39629e-05	2
0.102	0.0378754	0.502347	0.441781	0.621167	2.00043e-05	2.63848e-05	2.36826e-05	2
0.103	0.0378754	0.502347	0.441781	0.621167	2.00658e-05	2.68242e-05	2.3406e-05	2
0.104	0.0378754	0.502347	0.441781	0.621167	2.01262e-05	2.72596e-05	2.31313e-05	2
0.105	0.0378754	0.502347	0.441781	0.621167	2.01857e-05	2.76911e-05	2.28583e-05	2
0.106	0.0378754	0.502347	0.441781	0.621167	2.02442e-05	2.81187e-05	2.2587e-05	2
0.107	0.0378754	0.502347	0.441781	0.621167	2.03018e-05	2.85424e-05	2.23174e-05	2
0.108	0.0378754	0.502347	0.441781	0.621167	2.03585e-05	2.89624e-05	2.20495e-05	2
0.109	0.0378754	0.502347	0.441781	0.621167	2.04171e-05	2.93788e-05	2.17804e-05	2
0.11	0.0378754	0.502347	0.441781	0.621167	1.92375e-05	0.000104685	1.92375e-05	3
0.111	0.0378754	0.502347	0.441781	0.621167	2.05379e-05	3.02199e-05	2.1249e-05	3
0.112	0.0378754	0.502347	0.441781	0.621167	2.05929e-05	3.06636e-05	2.0985e-05	2
0.113	0.0378754	0.502347	0.441781	0.621167	2.06384e-05	3.114e-05	2.07182e-05	2
0.114	0.0378754	0.502347	0.441781	0.621167	2.06832e-05	3.16111e-05	2.04532e-05	2
0.115	0.0378754	0.502347	0.441781	0.621167	2.07274e-05	3.2077e-05	2.01901e-05	2
0.116	0.0378754	0.502347	0.441781	0.621167	2.07709e-05	3.25379e-05	1.99289e-05	2
0.117	0.0378754	0.502347	0.441781	0.621167	2.08137e-05	3.29938e-05	1.96693e-05	2
0.118	0.0378754	0.502347	0.441781	0.621167	2.0856e-05	3.34449e-05	1.94115e-05	2
0.119	0.0378754	0.502347	0.441781	0.621167	2.08981e-05	3.38908e-05	1.91564e-05	2
0.12	0.0378754	0.502347	0.441781	0.621167	2.094e-05	3.43298e-05	1.89047e-05	2
0.121	0.0378754	0.502347	0.441781	0.621167	2.09821e-05	3.47677e-05	1.86555e-05	2
0.122	0.0378754	0.502347	0.441781	0.621167	2.1024e-05	3.52041e-05	1.84082e-05	2
0.123	0.0378754	0.502347	0.441781	0.621167	2.10654e-05	3.56363e-05	1.81624e-05	2
0.124	0.0378754	0.502347	0.441781	0.621167	2.11064e-05	3.60642e-05	1.79179e-05	2
0.125	0.0378754	0.502347	0.441781	0.621167	2.1147e-05	3.64879e-05	1.76748e-05	2
0.126	0.0378754	0.502347	0.441781	0.621167	2.11873e-05	3.69076e-05	1.7433e-05	2
0.127	0.0378754	0.502347	0.441781	0.621167	2.12272e-05	3.73234e-05	1.71924e-05	2
0.128	0.0378754	0.502347	0.441781	0.621167	2.12679e-05	3.77344e-05	1.69524e-05	2
0.129	0.0378754	0.502347	0.441781	0.621167	2.13093e-05	3.81414e-05	1.67122e-05	2
0.13	0.0378754	0.502347	0.441781	0.621167	2.13486e-05	3.85493e-05	1.64716e-05	2
0.131	0.0378754	0.502347	0.441781	0.621167	2.13848e-05	3.89632e-05	1.62311e-05	2
0.132	0.0378754	0.502347	0.441781	0.621167	2.14112e-05	3.94122e-05	1.59889e-05	2
0.133	0.0378754	0.502347	0.441781	0.621167	2.14374e-05	3.98564e-05	1.57482e-05	2
0.134	0.0378754	0.502347	0.441781	0.621167	2.14637e-05	4.0296e-05	1.55091e-05	2
0.135	0.0378754	0.502347	0.441781	0.621167	2.149e-05	4.0731e-05	1.52714e-05	2
0.136	0.0378754	0.502347	0.441781	0.621167	2.15163e-05	4.11617e-05	1.50351e-05	2
0.137	0.0378754	0.502347	0.441781	0.621167	2.15427e-05	4.15882e-05	1.48001e-05	2
0.138	0.0378754	0.502347	0.441781	0.621167	2.15693e-05	4.20104e-05	1.45663e-05	2
0.139	0.0378754	0.502347	0.441781	0.621167	2.15962e-05	4.24281e-05	1.43335e-05	2
0.14	0.0378754	0.502347	0.441781	0.621167	2.16236e-05	4.28493e-05	1.41025e-05	2
0.141	0.0378754	0.502347	0.441781	0.621167	2.16557e-05	4.32675e-05	1.38747e-05	2
0.142	0.0378754	0.502347	0.441781	0.621167	2.16881e-05	4.3682e-05	1.36477e-05	2
0.143	0.0378754	0.502347	0.441781	0.621167	2.17207e-05	4.40927e-05	1.34216e-05	2
0.144	0.0378754	0.502347	0.441781	0.621167	2.17533e-05	4.44974e-05	1.31934e-05	2
0.145	0.0378754	0.502347	0.441781	0.621167	2.17862e-05	4.48984e-05	1.29657e-05	2
0.146	0.0378754	0.502347	0.441781	0.621167	2.18196e-05	4.52961e-05	1.27386e-05	2
0.147	0.0378754	0.502347	0.441781	0.621167	2.18539e-05	4.56909e-05	1.25154e-05	2
0.148	0.0378754	0.502347	0.441781	0.621167	2.18887e-05	4.60802e-05	1.22938e-05	2
0.149	0.0378754	0.502347	0.441781	0.621167	2.1925e-05	4.64675e-05	1.20736e-05	2
0.15	0.0378754	0.502347	0.441781	0.621167	2.19632e-05	4.68502e-05	1.18573e-05	2
0.151	0.0378754	0.502347	0.441781	0.621167	2.19956e-05	4.73321e-05	1.16277e-05	2
0.152	0.0378754	0.502347	0.441781	0.621167	2.20288e-05	4.78101e-05	1.13991e-05	2
0.153	0.0378754	0.502347	0.441781	0.621167	2.20626e-05	4.82832e-05	1.11703e-05	2
0.154	0.0378754	0.502347	0.441781	0.621167	2.20753e-05	4.87361e-05	1.09612e-05	2
0.155	0.0378754	0.502347	0.441781	0.621167	2.20876e-05	4.91846e-05	1.07542e-05	2
0.156	0.0378754	0.502347	0.441781	0.621167	2.21014e-05	4.96294e-05	1.05483e-05	2
0.157	0.0378754	0.502347	0.441781	0.621167	2.21246e-05	5.00817e-05	1.03352e-05	2
0.158	0.0378754	0.502347	0.441781	0.621167	2.21507e-05	5.05321e-05	1.01227e-05	2
0.159	0.0378754	0.502347	0.441781	0.621167	2.21782e-05	5.0977e-05	9.91026e-06	2
0.16	0.0378754	0.502347	0.441781	0.621167	2.21917e-05	5.14432e-05	9.70239e-06	2
0.161	0.0378754	0.502347	0.441781	0.621167	2.22039e-05	5.19121e-05	9.49681e-06	2
0.162	0.0378754	0.502347	0.441781	0.621167	2.22192e-05	5.23746e-05	9.29295e-06	2
0.163	0.0378754	0.502347	0.441781	0.621167	2.22368e-05	5.28159e-05	9.09311e-06	2
0.164	0.0378754	0.502347	0.441781	0.621167	2.22563e-05	5.32502e-05	8.8945e-06	2
0.165	0.0378754	0.502347	0.441781	0.621167	2.22787e-05	5.36836e-05	8.69852e-06	2
0.166	0.0378754	0.502347	0.441781	0.621167	2.23148e-05	5.41935e-05	8.48672e-06	2
0.167	0.0378754	0.502347	0.441781	0.621167	2.23589e-05	5.47345e-05	8.26806e-06	2
0.168	0.0378754	0.502347	0.441781	0.621167	2.24063e-05	5.52744e-05	8.04954e-06	2
0.169	0.0378754	0.502347	0.441781	0.621167	2.24214e-05	5.58395e-05	7.85885e-06	2
0.17	0.0378754	0.502347	0.441781	0.621167	2.2419e-05	5.64217e-05	7.68698e-06	2
0.171	0.0378754	0.502347	0.441781	0.621167	2.24215e-05	5.70041e-05	7.52126e-06	2
0.172	0.0378754	0.502347	0.441781	0.621167	2.24196e-05	5.75472e-05	7.375e-06	2
0.173	0.0378754	0.502347	0.441781	0.621167	2.24136e-05	5.80607e-05	7.23913e-06	2
0.174	0.0378754	0.502347	0.441781	0.621167	2.24117e-05	5.85731e-05	7.10414e-06	2
0.175	0.0378754	0.502347	0.441781	0.621167	2.2425e-05	5.91304e-05	6.95892e-06	2
0.176	0.0378754	0.502347	0.441781	0.621167	2.24531e-05	5.97357e-05	6.80692e-06	2
0.177	0.0378754	0.502347	0.441781	0.621167	2.24874e-05	6.03411e-05	6.6605e-06	2
0.178	0.0378754	0.502347	0.441781	0.621167	2.25007e-05	6.09959e-05	6.55035e-06	2
0.179	0.0378754	0.502347	0.441781	0.621167	2.24851e-05	6.17215e-05	6.48129e-06	2
0.18	0.0378754	0.502347	0.441781	0.621167	2.24777e-05	6.2452e-05	6.42179e-06	2
0.181	0.0378754	0.502347	0.441781	0.621167	2.24566e-05	6.31549e-05	6.39698e-06	2
0.182	0.0378754	0.502347	0.441781	0.621167	2.24035e-05	6.38207e-05	6.41047e-06	2
0.183	0.0378754	0.502347	0.441781	0.621167	2.23586e-05	6.44993e-05	6.43177e-06	2
0.184	0.0378754	0.502347	0.441781	0.621167	2.2317e-05	6.52372e-05	6.48188e-06	2
0.185	0.0378754	0.502347	0.441781	0.621167	2.22685e-05	6.60627e-05	6.56569e-06	2
0.186	0.0378754	0.502347	0.441781	0.621167	2.22333e-05	6.69051e-05	6.65935e-06	2
0.187	0.0378754	0.502347	0.441781	0.621167	2.21645e-05	6.77273e-05	6.78839e-06	2
0.188	0.0378754	0.502347	0.441781	0.621167	2.19829e-05	6.846e-05	7.00025e-06	2
0.189	0.0378754	0.502347	0.441781	0.621167	2.18107e-05	6.92283e-05	7.21596e-06	2
0.19	0.0378754	0.502347	0.441781	0.621167	2.16516e-05	6.99944e-05	7.42957e-06	2
0.191	0.0378754	0.502347	0.441781	0.621167	2.15049e-05	7.06711e-05	7.61209e-06	2
0.192	0.0378754	0.502347	0.441781	0.621167	2.13675e-05	7.13873e-05	7.79727e-06	2
0.193	0.0378754	0.502347	0.441781	0.621167	2.12255e-05	7.21312e-05	8.00147e-06	2
0.194	0.0378754	0.502347	0.441781	0.621167	2.09852e-05	7.29187e-05	8.28266e-06	2
0.195	0.0378754	0.502347	0.441781	0.621167	2.0754e-05	7.37727e-05	8.57004e-06	2
0.196	0.0378754	0.502347	0.441781	0.621167	2.0536e-05	7.46376e-05	8.88611e-06	2
0.197	0.0378754	0.502347	0.441781	0.621167	2.01759e-05	7.51704e-05	9.18727e-06	2
0.198	0.0378754	0.502347	0.441781	0.621167	1.98127e-05	7.57826e-05	9.50006e-06	2
0.199	0.0378754	0.502347	0.441781	0.621167	1.94553e-05	7.65257e-05	9.85176e-06	2
0.2	0.0378754	0.502347	0.441781	0.621167	1.90905e-05	7.69637e-05	1.01015e-05	2
0.201	0.0378754	0.502347	0.441781	0.621167	1.87142e-05	7.74885e-05	1.03675e-05	2
0.202	0.0378754	0.502347	0.441781	0.621167	1.83261e-05	7.80656e-05	1.06386e-05	2
0.203	0.0378754	0.502347	0.441781	0.621167	1.78211e-05	7.82354e-05	1.08238e-05	2
0.204	0.0378754	0.502347	0.441781	0.621167	1.72753e-05	7.84676e-05	1.1022e-05	2
0.205	0.0378754	0.502347	0.441781	0.621167	1.6714e-05	7.88002e-05	1.12923e-05	2
0.206	0.0378754	0.502347	0.441781	0.621167	1.6297e-05	7.85536e-05	1.13121e-05	2
0.207	0.0378754	0.502347	0.441781	0.621167	1.5864e-05	7.82543e-05	1.13001e-05	2
0.208	0.0378754	0.502347	0.441781	0.621167	1.54203e-05	7.79794e-05	1.13544e-05	2
0.209	0.0378754	0.502347	0.441781	0.621167	1.51919e-05	7.77918e-05	1.13434e-05	2
0.21	0.0378754	0.502347	0.441781	0.621167	1.49907e-05	7.76379e-05	1.13046e-05	2
0.211	0.0378754	0.502347	0.441781	0.621167	1.4774e-05	7.7656e-05	1.13655e-05	2
0.212	0.0378754	0.502347	0.441781	0.621167	1.45088e-05	7.78857e-05	1.15442e-05	2
0.213	0.0378754	0.502347	0.441781	0.621167	1.41842e-05	7.82648e-05	1.17781e-05	2
0.214	0.0378754	0.502347	0.441781	0.621167	1.37606e-05	7.88557e-05	1.20527e-05	2
0.215	0.0378754	0.502347	0.441781	0.621167	1.32949e-05	7.90636e-05	1.21434e-05	2
0.216	0.0378754	0.502347	0.441781	0.621167	1.2686e-05	7.91305e-05	1.21632e-05	2
0.217	0.0378754	0.502347	0.441781	0.621167	1.1831e-05	7.93208e-05	1.23585e-05	2
0.218	0.0378754	0.502347	0.441781	0.621167	1.13662e-05	7.92347e-05	1.23721e-05	2
0.219	0.0378754	0.502347	0.441781	0.621167	1.11233e-05	7.86948e-05	1.17487e-05	2
0.22	0.0378754	0.502347	0.00596227	0.0083835	0.0083835	0.0041387	0.00596227	12
0.221	0.0378754	0.502347	0.441781	0.621167	9.92014e-06	7.55789e-05	1.01149e-05	2
0.222	0.0378754	0.502347	0.441781	0.621167	9.68613e-06	7.48006e-05	1.01294e-05	2
0.223	0.0378754	0.502347	0.441781	0.621167	9.75513e-06	7.41162e-05	9.74004e-06	2
0.224	0.0378754	0.502347	0.441781	0.621167	1.00004e-05	7.30319e-05	8.9792e-06	2
0.225	0.0378754	0.502347	0.441781	0.621167	1.01513e-05	7.22204e-05	8.51926e-06	2
0.226	0.0378754	0.502347	0.441781	0.621167	1.02971e-05	7.16343e-05	8.22002e-06	2
0.227	0.0378754	0.502347	0.441781	0.621167	1.04954e-05	7.11278e-05	8.00457e-06	2
0.228	0.0378754	0.502347	0.441781	0.621167	1.0634e-05	7.07643e-05	7.85874e-06	2
0.229	0.0378754	0.502347	0.441781	0.621167	1.07308e-05	7.04725e-05	7.75804e-06	2
0.23	0.0378754	0.502347	0.441781	0.621167	1.07557e-05	7.02548e-05	7.7164e-06	2
0.231	0.0378754	0.502347	0.441781	0.621167	1.07224e-05	7.00841e-05	7.71179e-06	2
0.232	0.0378754	0.502347	0.441781	0.621167	1.07033e-05	6.99069e-05	7.66756e-06	2
0.233	0.0378754	0.502347	0.441781	0.621167	1.07317e-05	6.9607e-05	7.43418e-06	2
0.234	0.0378754	0.502347	0.441781	0.621167	1.07538e-05	6.92962e-05	7.23437e-06	2
0.235	0.0378754	0.502347	0.441781	0.621167	1.07864e-05	6.90117e-05	7.06456e-06	2
0.236	0.0378754	0.502347	0.441781	0.621167	1.09096e-05	6.86158e-05	6.8908e-06	2
0.237	0.0378754	0.502347	0.441781	0.621167	1.10096e-05	6.82453e-05	6.74231e-06	2
0.238	0.0378754	0.502347	0.441781	0.621167	1.10944e-05	6.79221e-05	6.62762e-06	2
0.239	0.0378754	0.502347	0.441781	0.621167	1.11832e-05	6.76213e-05	6.66592e-06	2
0.24	0.0378754	0.502347	0.441781	0.621167	1.12705e-05	6.73347e-05	6.69892e-06	2
0.241	0.0378754	0.502347	0.441781	0.621167	1.13456e-05	6.70751e-05	6.73346e-06	2
0.242	0.0378754	0.502347	0.441781	0.621167	1.14304e-05	6.68041e-05	6.84599e-06	2
0.243	0.0378754	0.502347	0.441781	0.621167	1.14933e-05	6.65595e-05	6.95613e-06	2
0.244	0.0378754	0.502347	0.441781	0.621167	1.15482e-05	6.6334e-05	7.05757e-06	2
0.245	0.0378754	0.502347	0.441781	0.621167	1.15899e-05	6.61321e-05	7.28171e-06	2
0.246	0.0378754	0.502347	0.441781	0.621167	1.16308e-05	6.59214e-05	7.4884e-06	2
0.247	0.0378754	0.502347	0.441781	0.621167	1.16678e-05	6.57224e-05	7.67726e-06	2
0.248	0.0378754	0.502347	0.441781	0.621167	1.16865e-05	6.55614e-05	7.88521e-06	2
0.249	0.0378754	0.502347	0.441781	0.621167	1.17041e-05	6.54051e-05	8.08033e-06	2
0.25	0.0378754	0.502347	0.441781	0.621167	1.17206e-05	6.52556e-05	8.26084e-06	2
0.251	0.0378754	0.502347	0.441781	0.621167	1.17409e-05	6.51017e-05	8.45083e-06	2
0.252	0.0378754	0.502347	0.441781	0.621167	1.17623e-05	6.49474e-05	8.63091e-06	2
0.253	0.0378754	0.502347	0.441781	0.621167	1.17823e-05	6.47995e-05	8.79778e-06	2
0.254	0.0378754	0.502347	0.441781	0.621167	1.17916e-05	6.46773e-05	9.00387e-06	2
0.255	0.0378754	0.502347	0.441781	0.621167	1.17971e-05	6.45671e-05	9.2154e-06	2
0.256	0.0378754	0.502347	0.441781	0.621167	1.18003e-05	6.44669e-05	9.40933e-06	2
0.257	0.0378754	0.502347	0.441781	0.621167	1.18005e-05	6.43775e-05	9.58449e-06	2
0.258	0.0378754	0.502347	0.441781	0.621167	1.17973e-05	6.42949e-05	9.74685e-06	2
0.259	0.0378754	0.502347	0.441781	0.621167	1.17944e-05	6.42141e-05	9.90083e-06	2
0.26	0.0378754	0.502347	0.441781	0.621167	1.17904e-05	6.41398e-05	1.00636e-05	2
0.261	0.0378754	0.502347	0.441781	0.621167	1.17863e-05	6.40663e-05	1.02279e-05	2
0.262	0.0378754	0.502347	0.441781	0.621167	1.17831e-05	6.39931e-05	1.03844e-05	2
0.263	0.0378754	0.502347	0.441781	0.621167	1.17766e-05	6.39315e-05	1.05341e-05	2
0.264	0.0378754	0.502347	0.441781	0.621167	1.1768e-05	6.38773e-05	1.06773e-05	2
0.265	0.0378754	0.502347	0.441781	0.621167	1.176e-05	6.3824e-05	1.08145e-05	2
0.266	0.0378754	0.502347	0.441781	0.621167	1.17523e-05	6.37724e-05	1.09382e-05	2
0.267	0.0378754	0.502347	0.441781	0.621167	1.17452e-05	6.37209e-05	1.10483e-05	2
0.268	0.0378754	0.502347	0.441781	0.621167	1.1739e-05	6.36695e-05	1.11544e-05	2
0.269	0.0378754	0.502347	0.441781	0.621167	1.17337e-05	6.36186e-05	1.12626e-05	2
0.27	0.0378754	0.502347	0.441781	0.621167	1.17288e-05	6.35672e-05	1.13743e-05	2
0.271	0.0378754	0.502347	0.441781	0.621167	1.1724e-05	6.35162e-05	1.14821e-05	2
0.272	0.0378754	0.502347	0.441781	0.621167	1.17181e-05	6.34701e-05	1.15898e-05	2
0.273	0.0378754	0.502347	0.441781	0.621167	1.171e-05	6.34293e-05	1.16987e-05	2
0.274	0.0378754	0.502347	0.441781	0.621167	1.17031e-05	6.33882e-05	1.18046e-05	2
0.275	0.0378754	0.502347	0.441781	0.621167	1.16949e-05	6.33527e-05	1.19003e-05	2
0.276	0.0378754	0.502347	0.441781	0.621167	1.16853e-05	6.33196e-05	1.19824e-05	2
0.277	0.0378754	0.502347	0.441781	0.621167	1.16758e-05	6.32865e-05	1.20624e-05	2
0.278	0.0378754	0.502347	0.441781	0.621167	1.16667e-05	6.32535e-05	1.21409e-05	2
0.279	0.0378754	0.502347	0.441781	0.621167	1.16586e-05	6.32191e-05	1.22186e-05	2
0.28	0.0378754	0.502347	0.441781	0.621167	1.16509e-05	6.31838e-05	1.22938e-05	2
0.281	0.0378754	0.502347	0.441781	0.621167	1.16432e-05	6.31494e-05	1.23674e-05	2
0.282	0.0378754	0.502347	0.441781	0.621167	1.16347e-05	6.31173e-05	1.24402e-05	2
0.283	0.0378754	0.502347	0.441781	0.621167	1.16266e-05	6.30854e-05	1.25109e-05	2
0.284	0.0378754	0.502347	0.441781	0.621167	1.16186e-05	6.30554e-05	1.25788e-05	2
0.285	0.0378754	0.502347	0.441781	0.621167	1.16109e-05	6.30249e-05	1.2642e-05	2
0.286	0.0378754	0.502347	0.441781	0.621167	1.16033e-05	6.29945e-05	1.27036e-05	2
0.287	0.0378754	0.502347	0.441781	0.621167	1.15959e-05	6.29643e-05	1.27642e-05	2
0.288	0.0378754	0.502347	0.441781	0.621167	1.15884e-05	6.29363e-05	1.28303e-05	2
0.289	0.0378754	0.502347	0.441781	0.621167	1.15811e-05	6.29082e-05	1.28948e-05	2
0.29	0.0378754	0.502347	0.441781	0.621167	1.1574e-05	6.28802e-05	1.29579e-05	2
0.291	0.0378754	0.502347	0.441781	0.621167	1.15644e-05	6.28563e-05	1.30142e-05	2
0.292	0.0378754	0.502347	0.441781	0.621167	1.15548e-05	6.28315e-05	1.30691e-05	2
0.293	0.0378754	0.502347	0.441781	0.621167	1.15452e-05	6.28072e-05	1.31226e-05	2
0.294	0.0378754	0.502347	0.441781	0.621167	1.15366e-05	6.2792e-05	1.31736e-05	2
0.295	0.0378754	0.502347	0.441781	0.621167	1.15282e-05	6.27798e-05	1.32232e-05	2
0.296	0.0378754	0.502347	0.441781	0.621167	1.15199e-05	6.27674e-05	1.32718e-05	2
0.297	0.0378754	0.502347	0.441781	0.621167	1.15117e-05	6.27547e-05	1.33194e-05	2
0.298	0.0378754	0.502347	0.441781	0.621167	1.15039e-05	6.27416e-05	1.33659e-05	2
0.299	0.0378754	0.502347	0.441781	0.621167	1.14962e-05	6.27283e-05	1.34114e-05	2
0.3	0.0378754	0.502347	0.441781	0.621167	1.14885e-05	6.27148e-05	1.3456e-05	2
