# Initial no freqs: 1
# Initial no harmonics: 1
# LO frequency set up
# Setting bias
# IF frequency set up
# USB frequency set up
# LSB frequency set up
# Vdc[n-1]: 3 vGap: 1
# starting normalisation at 2.76735
# Response function set
# 
# Mixer currents curve
# IF Freq | Unpumped DC | KK | DC Current | Pump Current | IF Current | Signal Current | Image Current | DC dynamic impedance | Iterations
0.001	0.0633519	0.764305	0.461318	0.975988	7.20899e-06	5.36049e-05	1.81229e-05	1
0.002	0.0633519	0.764305	0.461318	0.975988	7.10112e-06	5.31418e-05	1.88572e-05	2
0.003	0.0633519	0.764305	0.461318	0.975988	6.98914e-06	5.27592e-05	1.89875e-05	2
0.004	0.0633519	0.764305	0.461318	0.975988	6.91421e-06	5.25944e-05	1.90254e-05	2
0.005	0.0633519	0.764305	0.461318	0.975988	6.92087e-06	5.23691e-05	1.94487e-05	2
0.006	0.0633519	0.764305	0.461318	0.975988	7.00095e-06	5.17504e-05	1.99608e-05	2
0.007	0.0633519	0.764305	0.461318	0.975988	7.05737e-06	5.12555e-05	2.03453e-05	2
0.008	0.0633519	0.764305	0.461318	0.975988	7.16708e-06	5.09803e-05	2.06821e-05	2
0.009	0.0633519	0.764305	0.461318	0.975988	7.33925e-06	5.0703e-05	2.10822e-05	2
0.01	0.0633519	0.764305	0.461318	0.975988	7.49133e-06	5.04413e-05	2.14433e-05	2
0.011	0.0633519	0.764305	0.461318	0.975988	7.61194e-06	5.01836e-05	2.18095e-05	2
0.012	0.0633519	0.764305	0.461318	0.975988	7.70559e-06	5.00115e-05	2.21693e-05	2
0.013	0.0633519	0.764305	0.461318	0.975988	7.77919e-06	4.99385e-05	2.25416e-05	2
0.014	0.0633519	0.764305	0.461318	0.975988	7.88762e-06	4.98622e-05	2.29655e-05	2
0.015	0.0633519	0.764305	0.461318	0.975988	8.01252e-06	4.97133e-05	2.34175e-05	2
0.016	0.0633519	0.764305	0.461318	0.975988	8.1302e-06	4.95478e-05	2.3845e-05	2
0.017	0.0633519	0.764305	0.461318	0.975988	8.24392e-06	4.94118e-05	2.42175e-05	2
0.018	0.0633519	0.764305	0.461318	0.975988	8.38087e-06	4.92078e-05	2.46258e-05	2
0.019	0.0633519	0.764305	0.461318	0.975988	8.52442e-06	4.89722e-05	2.50483e-05	2
0.02	0.0633519	0.764305	0.461318	0.975988	8.67201e-06	4.87461e-05	2.5477e-05	2
0.021	0.0633519	0.764305	0.461318	0.975988	8.83071e-06	4.85192e-05	2.59277e-05	2
0.022	0.0633519	0.764305	0.461318	0.975988	8.98784e-06	4.83019e-05	2.6367e-05	2
0.023	0.0633519	0.764305	0.461318	0.975988	9.14847e-06	4.81103e-05	2.67786e-05	2
0.024	0.0633519	0.764305	0.461318	0.975988	9.31132e-06	4.795e-05	2.71673e-05	2
0.025	0.0633519	0.764305	0.461318	0.975988	9.4675e-06	4.78075e-05	2.75407e-05	2
0.026	0.0633519	0.764305	0.461318	0.975988	9.61308e-06	4.76806e-05	2.78803e-05	2
0.027	0.0633519	0.764305	0.461318	0.975988	9.74748e-06	4.75782e-05	2.81761e-05	2
0.028	0.0633519	0.764305	0.461318	0.975988	9.875e-06	4.75084e-05	2.8434e-05	2
0.029	0.0633519	0.764305	0.461318	0.975988	9.9998e-06	4.74393e-05	2.86934e-05	2
0.03	0.0633519	0.764305	0.461318	0.975988	1.01307e-05	4.73512e-05	2.89772e-05	2
0.031	0.0633519	0.764305	0.461318	0.975988	1.02666e-05	4.72578e-05	2.92873e-05	2
0.032	0.0633519	0.764305	0.461318	0.975988	1.04001e-05	4.72458e-05	2.96316e-05	2
0.033	0.0633519	0.764305	0.461318	0.975988	1.05396e-05	4.72518e-05	2.99678e-05	2
0.034	0.0633519	0.764305	0.461318	0.975988	1.0677e-05	4.72682e-05	3.02976e-05	2
0.035	0.0633519	0.764305	0.461318	0.975988	1.08066e-05	4.72952e-05	3.06019e-05	2
0.036	0.0633519	0.764305	0.461318	0.975988	1.09267e-05	4.73389e-05	3.08683e-05	2
0.037	0.0633519	0.764305	0.461318	0.975988	1.10438e-05	4.73936e-05	3.11269e-05	2
0.038	0.0633519	0.764305	0.461318	0.975988	1.11541e-05	4.74567e-05	3.13701e-05	2
0.039	0.0633519	0.764305	0.461318	0.975988	1.12592e-05	4.75257e-05	3.16044e-05	2
0.04	0.0633519	0.764305	0.461318	0.975988	1.13555e-05	4.76113e-05	3.18169e-05	2
0.041	0.0633519	0.764305	0.461318	0.975988	1.14424e-05	4.76994e-05	3.20077e-05	2
0.042	0.0633519	0.764305	0.461318	0.975988	1.15293e-05	4.77931e-05	3.21893e-05	2
0.043	0.0633519	0.764305	0.461318	0.975988	1.16193e-05	4.78769e-05	3.23792e-05	2
0.044	0.0633519	0.764305	0.461318	0.975988	1.17056e-05	4.79629e-05	3.25605e-05	2
0.045	0.0633519	0.764305	0.461318	0.975988	1.17864e-05	4.80517e-05	3.2729e-05	2
0.046	0.0633519	0.764305	0.461318	0.975988	1.18638e-05	4.81567e-05	3.28874e-05	2
0.047	0.0633519	0.764305	0.461318	0.975988	1.1942e-05	4.82786e-05	3.30368e-05	2
0.048	0.0633519	0.764305	0.461318	0.975988	1.20226e-05	4.84056e-05	3.31888e-05	2
0.049	0.0633519	0.764305	0.461318	0.975988	1.20991e-05	4.85394e-05	3.33306e-05	2
0.05	0.0633519	0.764305	0.461318	0.975988	1.21727e-05	4.86737e-05	3.34662e-05	2
0.051	0.0633519	0.764305	0.461318	0.975988	1.22668e-05	4.89667e-05	3.37231e-05	2
0.052	0.0633519	0.764305	0.461318	0.975988	1.23541e-05	4.92665e-05	3.39609e-05	2
0.053	0.0633519	0.764305	0.461318	0.975988	1.24358e-05	4.95684e-05	3.41831e-05	2
0.054	0.0633519	0.764305	0.461318	0.975988	1.244e-05	4.99157e-05	3.42308e-05	2
0.055	0.0633519	0.764305	0.461318	0.975988	1.24362e-05	5.02558e-05	3.42574e-05	2
0.056	0.0633519	0.764305	0.461318	0.975988	1.24297e-05	5.05865e-05	3.42747e-05	2
0.057	0.0633519	0.764305	0.461318	0.975988	1.24497e-05	5.09024e-05	3.43511e-05	2
0.058	0.0633519	0.764305	0.461318	0.975988	1.24728e-05	5.12106e-05	3.44318e-05	2
0.059	0.0633519	0.764305	0.461318	0.975988	1.24931e-05	5.1513e-05	3.45034e-05	2
0.06	0.0633519	0.764305	0.461318	0.975988	1.24799e-05	5.18722e-05	3.45212e-05	2
0.061	0.0633519	0.764305	0.461318	0.975988	1.24618e-05	5.2242e-05	3.45293e-05	2
0.062	0.0633519	0.764305	0.461318	0.975988	1.24411e-05	5.26015e-05	3.45271e-05	2
0.063	0.0633519	0.764305	0.461318	0.975988	1.24136e-05	5.29266e-05	3.44959e-05	2
0.064	0.0633519	0.764305	0.461318	0.975988	1.23831e-05	5.32365e-05	3.44517e-05	2
0.065	0.0633519	0.764305	0.461318	0.975988	1.23516e-05	5.3537e-05	3.44022e-05	2
0.066	0.0633519	0.764305	0.461318	0.975988	1.23607e-05	5.39444e-05	3.44661e-05	2
0.067	0.0633519	0.764305	0.461318	0.975988	1.23816e-05	5.43897e-05	3.4566e-05	2
0.068	0.0633519	0.764305	0.461318	0.975988	1.23963e-05	5.48249e-05	3.46465e-05	2
0.069	0.0633519	0.764305	0.461318	0.975988	1.23159e-05	5.5311e-05	3.45396e-05	2
0.07	0.0633519	0.764305	0.461318	0.975988	1.21818e-05	5.58067e-05	3.4315e-05	2
0.071	0.0633519	0.764305	0.461318	0.975988	1.20482e-05	5.62698e-05	3.40813e-05	2
0.072	0.0633519	0.764305	0.461318	0.975988	1.18919e-05	5.66484e-05	3.37743e-05	2
0.073	0.0633519	0.764305	0.461318	0.975988	1.17226e-05	5.69617e-05	3.34222e-05	2
0.074	0.0633519	0.764305	0.461318	0.975988	1.15593e-05	5.72519e-05	3.30795e-05	2
0.075	0.0633519	0.764305	0.461318	0.975988	1.14217e-05	5.75788e-05	3.28069e-05	2
0.076	0.0633519	0.764305	0.461318	0.975988	1.13048e-05	5.79391e-05	3.25889e-05	2
0.077	0.0633519	0.764305	0.461318	0.975988	1.11896e-05	5.82763e-05	3.23687e-05	2
0.078	0.0633519	0.764305	0.461318	0.975988	1.10178e-05	5.86224e-05	3.20405e-05	2
0.079	0.0633519	0.764305	0.461318	0.975988	1.07827e-05	5.89726e-05	3.15907e-05	2
0.08	0.0633519	0.764305	0.461318	0.975988	1.05582e-05	5.92889e-05	3.11516e-05	2
0.081	0.0633519	0.764305	0.461318	0.975988	1.03096e-05	5.95303e-05	3.06472e-05	2
0.082	0.0633519	0.764305	0.461318	0.975988	1.00244e-05	5.96819e-05	3.00504e-05	2
0.083	0.0633519	0.764305	0.461318	0.975988	9.75894e-06	5.98164e-05	2.9493e-05	2
0.084	0.0633519	0.764305	0.461318	0.975988	9.49632e-06	5.99503e-05	2.89473e-05	2
0.085	0.0633519	0.764305	0.461318	0.975988	9.22003e-06	6.00912e-05	2.83792e-05	2
0.086	0.0633519	0.764305	0.461318	0.975988	8.96282e-06	6.02124e-05	2.78463e-05	2
0.087	0.0633519	0.764305	0.461318	0.975988	8.68567e-06	6.0266e-05	2.72627e-05	2
0.088	0.0633519	0.764305	0.461318	0.975988	8.33242e-06	6.01798e-05	2.6504e-05	2
0.089	0.0633519	0.764305	0.461318	0.975988	8.01099e-06	6.01072e-05	2.58133e-05	2
0.09	0.0633519	0.764305	0.461318	0.975988	7.72207e-06	6.00357e-05	2.51889e-05	2
0.091	0.0633519	0.764305	0.461318	0.975988	7.4733e-06	5.99383e-05	2.46377e-05	2
0.092	0.0633519	0.764305	0.461318	0.975988	7.2428e-06	5.98546e-05	2.41292e-05	2
0.093	0.0633519	0.764305	0.461318	0.975988	7.01842e-06	5.9773e-05	2.36375e-05	2
0.094	0.0633519	0.764305	0.461318	0.975988	6.75261e-06	5.96545e-05	2.30649e-05	2
0.095	0.0633519	0.764305	0.461318	0.975988	6.50801e-06	5.95542e-05	2.25411e-05	2
0.096	0.0633519	0.764305	0.461318	0.975988	6.2794e-06	5.94576e-05	2.20519e-05	2
0.097	0.0633519	0.764305	0.461318	0.975988	6.03814e-06	5.92583e-05	2.15121e-05	2
0.098	0.0633519	0.764305	0.461318	0.975988	5.81268e-06	5.90869e-05	2.1012e-05	2
0.099	0.0633519	0.764305	0.461318	0.975988	5.60225e-06	5.89382e-05	2.05487e-05	2
0.1	0.0633519	0.764305	0.461318	0.975988	5.42744e-06	5.87548e-05	2.01375e-05	2
0.101	0.0633519	0.764305	0.461318	0.975988	5.26011e-06	5.85941e-05	1.97468e-05	2
0.102	0.0633519	0.764305	0.461318	0.975988	5.10028e-06	5.84516e-05	1.93771e-05	2
0.103	0.0633519	0.764305	0.461318	0.975988	4.94733e-06	5.82601e-05	1.90003e-05	2
0.104	0.0633519	0.764305	0.461318	0.975988	4.7991e-06	5.8086e-05	1.86366e-05	2
0.105	0.0633519	0.764305	0.461318	0.975988	4.65565e-06	5.79303e-05	1.82873e-05	2
0.106	0.0633519	0.764305	0.461318	0.975988	4.56547e-06	5.7752e-05	1.80177e-05	2
0.107	0.0633519	0.764305	0.461318	0.975988	4.48069e-06	5.75808e-05	1.77586e-05	2
0.108	0.0633519	0.764305	0.461318	0.975988	4.39575e-06	5.74205e-05	1.75019e-05	2
0.109	0.0633519	0.764305	0.461318	0.975988	4.33937e-06	5.72866e-05	1.7305e-05	2
0.11	0.0633519	0.764305	0.461318	0.975988	4.28803e-06	5.7162e-05	1.71203e-05	2
0.111	0.0633519	0.764305	0.461318	0.975988	4.23624e-06	5.70431e-05	1.69371e-05	2
0.112	0.0633519	0.764305	0.461318	0.975988	4.18188e-06	5.69309e-05	1.67523e-05	2
0.113	0.0633519	0.764305	0.461318	0.975988	4.12675e-06	5.68247e-05	1.65687e-05	2
0.114	0.0633519	0.764305	0.461318	0.975988	4.07156e-06	5.67243e-05	1.63873e-05	2
0.115	0.0633519	0.764305	0.461318	0.975988	4.02748e-06	5.66099e-05	1.62153e-05	2
0.116	0.0633519	0.764305	0.461318	0.975988	3.98717e-06	5.64928e-05	1.60464e-05	2
0.117	0.0633519	0.764305	0.461318	0.975988	3.94619e-06	5.63806e-05	1.5878e-05	2
0.118	0.0633519	0.764305	0.461318	0.975988	3.92408e-06	5.62683e-05	1.57403e-05	2
0.119	0.0633519	0.764305	0.461318	0.975988	3.9114e-06	5.61562e-05	1.56172e-05	2
0.12	0.0633519	0.764305	0.461318	0.975988	3.89777e-06	5.60465e-05	1.54929e-05	2
0.121	0.0633519	0.764305	0.461318	0.975988	3.89044e-06	5.59491e-05	1.5387e-05	2
0.122	0.0633519	0.764305	0.461318	0.975988	3.88738e-06	5.586e-05	1.52937e-05	2
0.123	0.0633519	0.764305	0.461318	0.975988	3.88361e-06	5.5772e-05	1.5199e-05	2
0.124	0.0633519	0.764305	0.461318	0.975988	3.87922e-06	5.56913e-05	1.51073e-05	2
0.125	0.0633519	0.764305	0.461318	0.975988	3.87443e-06	5.56176e-05	1.50197e-05	2
0.126	0.0633519	0.764305	0.461318	0.975988	3.86919e-06	5.55452e-05	1.49319e-05	2
0.127	0.0633519	0.764305	0.461318	0.975988	3.86287e-06	5.54729e-05	1.48415e-05	2
0.128	0.0633519	0.764305	0.461318	0.975988	3.85534e-06	5.54006e-05	1.47482e-05	2
0.129	0.0633519	0.764305	0.461318	0.975988	3.84738e-06	5.53298e-05	1.46548e-05	2
0.13	0.0633519	0.764305	0.461318	0.975988	3.84416e-06	5.52574e-05	1.45681e-05	2
0.131	0.0633519	0.764305	0.461318	0.975988	3.84797e-06	5.51814e-05	1.44908e-05	2
0.132	0.0633519	0.764305	0.461318	0.975988	3.85133e-06	5.51065e-05	1.44129e-05	2
0.133	0.0633519	0.764305	0.461318	0.975988	3.85573e-06	5.50349e-05	1.43391e-05	2
0.134	0.0633519	0.764305	0.461318	0.975988	3.86251e-06	5.49685e-05	1.42738e-05	2
0.135	0.0633519	0.764305	0.461318	0.975988	3.86895e-06	5.49028e-05	1.42082e-05	2
0.136	0.0633519	0.764305	0.461318	0.975988	3.87609e-06	5.48392e-05	1.41453e-05	2
0.137	0.0633519	0.764305	0.461318	0.975988	3.88553e-06	5.47797e-05	1.40901e-05	2
0.138	0.0633519	0.764305	0.461318	0.975988	3.8946e-06	5.47206e-05	1.40342e-05	2
0.139	0.0633519	0.764305	0.461318	0.975988	3.90247e-06	5.46635e-05	1.39774e-05	2
0.14	0.0633519	0.764305	0.461318	0.975988	3.90688e-06	5.46122e-05	1.39182e-05	2
0.141	0.0633519	0.764305	0.461318	0.975988	3.91104e-06	5.45614e-05	1.3859e-05	2
0.142	0.0633519	0.764305	0.461318	0.975988	3.91591e-06	5.45105e-05	1.38006e-05	2
0.143	0.0633519	0.764305	0.461318	0.975988	3.92547e-06	5.4456e-05	1.3747e-05	2
0.144	0.0633519	0.764305	0.461318	0.975988	3.93479e-06	5.44018e-05	1.36933e-05	2
0.145	0.0633519	0.764305	0.461318	0.975988	3.94395e-06	5.43488e-05	1.36401e-05	2
0.146	0.0633519	0.764305	0.461318	0.975988	3.95363e-06	5.43014e-05	1.35931e-05	2
0.147	0.0633519	0.764305	0.461318	0.975988	3.96311e-06	5.42543e-05	1.35459e-05	2
0.148	0.0633519	0.764305	0.461318	0.975988	3.97236e-06	5.42077e-05	1.34987e-05	2
0.149	0.0633519	0.764305	0.461318	0.975988	3.98098e-06	5.41638e-05	1.34528e-05	2
0.15	0.0633519	0.764305	0.461318	0.975988	3.98942e-06	5.41203e-05	1.34068e-05	2
0.151	0.0633519	0.764305	0.461318	0.975988	3.99767e-06	5.40771e-05	1.33607e-05	2
0.152	0.0633519	0.764305	0.461318	0.975988	4.00554e-06	5.40359e-05	1.33158e-05	2
0.153	0.0633519	0.764305	0.461318	0.975988	4.01324e-06	5.39952e-05	1.32707e-05	2
0.154	0.0633519	0.764305	0.461318	0.975988	4.02077e-06	5.39548e-05	1.32256e-05	2
0.155	0.0633519	0.764305	0.461318	0.975988	4.0281e-06	5.39144e-05	1.31801e-05	2
0.156	0.0633519	0.764305	0.461318	0.975988	4.03527e-06	5.38743e-05	1.31345e-05	2
0.157	0.0633519	0.764305	0.461318	0.975988	4.04237e-06	5.38347e-05	1.30892e-05	2
0.158	0.0633519	0.764305	0.461318	0.975988	4.05183e-06	5.37935e-05	1.30468e-05	2
0.159	0.0633519	0.764305	0.461318	0.975988	4.06155e-06	5.37523e-05	1.30049e-05	2
0.16	0.0633519	0.764305	0.461318	0.975988	4.07111e-06	5.37114e-05	1.29629e-05	2
0.161	0.0633519	0.764305	0.461318	0.975988	4.08146e-06	5.36719e-05	1.29239e-05	2
0.162	0.0633519	0.764305	0.461318	0.975988	4.09204e-06	5.36333e-05	1.28859e-05	2
0.163	0.0633519	0.764305	0.461318	0.975988	4.10247e-06	5.35949e-05	1.28478e-05	2
0.164	0.0633519	0.764305	0.461318	0.975988	4.11343e-06	5.35576e-05	1.28119e-05	2
0.165	0.0633519	0.764305	0.461318	0.975988	4.12449e-06	5.35208e-05	1.27768e-05	2
0.166	0.0633519	0.764305	0.461318	0.975988	4.13542e-06	5.34842e-05	1.27414e-05	2
0.167	0.0633519	0.764305	0.461318	0.975988	4.1457e-06	5.3449e-05	1.27063e-05	2
0.168	0.0633519	0.764305	0.461318	0.975988	4.15562e-06	5.34147e-05	1.26713e-05	2
0.169	0.0633519	0.764305	0.461318	0.975988	4.16542e-06	5.33805e-05	1.26362e-05	2
0.17	0.0633519	0.764305	0.461318	0.975988	4.17634e-06	5.33462e-05	1.2603e-05	2
0.171	0.0633519	0.764305	0.461318	0.975988	4.18793e-06	5.33118e-05	1.25711e-05	2
0.172	0.0633519	0.764305	0.461318	0.975988	4.19943e-06	5.32776e-05	1.2539e-05	2
0.173	0.0633519	0.764305	0.461318	0.975988	4.21029e-06	5.32446e-05	1.2507e-05	2
0.174	0.0633519	0.764305	0.461318	0.975988	4.2206e-06	5.32125e-05	1.2475e-05	2
0.175	0.0633519	0.764305	0.461318	0.975988	4.23081e-06	5.31806e-05	1.24429e-05	2
0.176	0.0633519	0.764305	0.461318	0.975988	4.24142e-06	5.31487e-05	1.24114e-05	2
0.177	0.0633519	0.764305	0.461318	0.975988	4.25251e-06	5.31167e-05	1.23807e-05	2
0.178	0.0633519	0.764305	0.461318	0.975988	4.26346e-06	5.30851e-05	1.23499e-05	2
0.179	0.0633519	0.764305	0.461318	0.975988	4.27442e-06	5.30544e-05	1.232e-05	2
0.18	0.0633519	0.764305	0.461318	0.975988	4.28549e-06	5.30247e-05	1.22913e-05	2
0.181	0.0633519	0.764305	0.461318	0.975988	4.29653e-06	5.29954e-05	1.22622e-05	2
0.182	0.0633519	0.764305	0.461318	0.975988	4.30738e-06	5.29668e-05	1.22334e-05	2
0.183	0.0633519	0.764305	0.461318	0.975988	4.31795e-06	5.29391e-05	1.22052e-05	2
0.184	0.0633519	0.764305	0.461318	0.975988	4.32844e-06	5.29116e-05	1.2177e-05	2
0.185	0.0633519	0.764305	0.461318	0.975988	4.33884e-06	5.28842e-05	1.21488e-05	2
0.186	0.0633519	0.764305	0.461318	0.975988	4.34921e-06	5.28571e-05	1.21209e-05	2
0.187	0.0633519	0.764305	0.461318	0.975988	4.35949e-06	5.28302e-05	1.20929e-05	2
0.188	0.0633519	0.764305	0.461318	0.975988	4.36958e-06	5.28035e-05	1.2065e-05	2
0.189	0.0633519	0.764305	0.461318	0.975988	4.37928e-06	5.27773e-05	1.2037e-05	2
0.19	0.0633519	0.764305	0.461318	0.975988	4.38889e-06	5.27513e-05	1.2009e-05	2
0.191	0.0633519	0.764305	0.461318	0.975988	4.39859e-06	5.27255e-05	1.19814e-05	2
0.192	0.0633519	0.764305	0.461318	0.975988	4.40916e-06	5.26998e-05	1.19555e-05	2
0.193	0.0633519	0.764305	0.461318	0.975988	4.41966e-06	5.26742e-05	1.19297e-05	2
0.194	0.0633519	0.764305	0.461318	0.975988	4.43016e-06	5.26486e-05	1.1904e-05	2
0.195	0.0633519	0.764305	0.461318	0.975988	4.44131e-06	5.26225e-05	1.1879e-05	2
0.196	0.0633519	0.764305	0.461318	0.975988	4.45239e-06	5.25966e-05	1.1854e-05	2
0.197	0.0633519	0.764305	0.461318	0.975988	4.46335e-06	5.25709e-05	1.1829e-05	2
0.198	0.0633519	0.764305	0.461318	0.975988	4.47355e-06	5.25461e-05	1.18037e-05	2
0.199	0.0633519	0.764305	0.461318	0.975988	4.48368e-06	5.25215e-05	1.17784e-05	2
0.2	0.0633519	0.764305	0.461318	0.975988	4.49376e-06	5.24978e-05	1.17531e-05	2
0.201	0.0633519	0.764305	0.461318	0.975988	4.50398e-06	5.24764e-05	1.17319e-05	2
0.202	0.0633519	0.764305	0.461318	0.975988	4.51412e-06	5.24551e-05	1.17108e-05	2
0.203	0.0633519	0.764305	0.461318	0.975988	4.52419e-06	5.24339e-05	1.16896e-05	2
0.204	0.0633519	0.764305	0.461318	0.975988	4.5342e-06	5.24128e-05	1.16685e-05	2
0.205	0.0633519	0.764305	0.461318	0.975988	4.54413e-06	5.23918e-05	1.16473e-05	2
0.206	0.0633519	0.764305	0.461318	0.975988	4.554e-06	5.23709e-05	1.16261e-05	2
0.207	0.0633519	0.764305	0.461318	0.975988	4.5638e-06	5.235e-05	1.1605e-05	2
0.208	0.0633519	0.764305	0.461318	0.975988	4.57355e-06	5.23293e-05	1.1584e-05	2
0.209	0.0633519	0.764305	0.461318	0.975988	4.58323e-06	5.23086e-05	1.1563e-05	2
0.21	0.0633519	0.764305	0.461318	0.975988	4.59291e-06	5.2288e-05	1.15422e-05	2
0.211	0.0633519	0.764305	0.461318	0.975988	4.60255e-06	5.22675e-05	1.15214e-05	2
0.212	0.0633519	0.764305	0.461318	0.975988	4.61212e-06	5.2247e-05	1.15006e-05	2
0.213	0.0633519	0.764305	0.461318	0.975988	4.62164e-06	5.22267e-05	1.14798e-05	2
0.214	0.0633519	0.764305	0.461318	0.975988	4.63108e-06	5.22064e-05	1.1459e-05	2
0.215	0.0633519	0.764305	0.461318	0.975988	4.64044e-06	5.21862e-05	1.14381e-05	2
0.216	0.0633519	0.764305	0.461318	0.975988	4.64975e-06	5.21662e-05	1.14172e-05	2
0.217	0.0633519	0.764305	0.461318	0.975988	4.659e-06	5.21462e-05	1.13963e-05	2
0.218	0.0633519	0.764305	0.461318	0.975988	4.66821e-06	5.21263e-05	1.13754e-05	2
0.219	0.0633519	0.764305	0.461318	0.975988	4.67736e-06	5.21066e-05	1.13545e-05	2
0.22	0.0633519	0.764305	0.461318	0.975988	4.68644e-06	5.20869e-05	1.13334e-05	2
0.221	0.0633519	0.764305	0.461318	0.975988	4.69547e-06	5.20674e-05	1.13124e-05	2
0.222	0.0633519	0.764305	0.461318	0.975988	4.70445e-06	5.2048e-05	1.12914e-05	2
0.223	0.0633519	0.764305	0.461318	0.975988	4.71335e-06	5.20286e-05	1.12704e-05	2
0.224	0.0633519	0.764305	0.461318	0.975988	4.72219e-06	5.20093e-05	1.12493e-05	2
0.225	0.0633519	0.764305	0.461318	0.975988	4.73096e-06	5.19901e-05	1.12283e-05	2
0.226	0.0633519	0.764305	0.461318	0.975988	4.73968e-06	5.19709e-05	1.12073e-05	2
0.227	0.0633519	0.764305	0.461318	0.975988	4.74835e-06	5.19519e-05	1.11863e-05	2
0.228	0.0633519	0.764305	0.461318	0.975988	4.75695e-06	5.19329e-05	1.11653e-05	2
0.229	0.0633519	0.764305	0.461318	0.975988	4.76549e-06	5.19141e-05	1.11443e-05	2
0.23	0.0633519	0.764305	0.461318	0.975988	4.77396e-06	5.18954e-05	1.11232e-05	2
0.231	0.0633519	0.764305	0.461318	0.975988	4.78237e-06	5.18768e-05	1.11021e-05	2
0.232	0.0633519	0.764305	0.461318	0.975988	4.79073e-06	5.18583e-05	1.10811e-05	2
0.233	0.0633519	0.764305	0.461318	0.975988	4.79904e-06	5.18399e-05	1.10601e-05	2
0.234	0.0633519	0.764305	0.461318	0.975988	4.80731e-06	5.18216e-05	1.10391e-05	2
0.235	0.0633519	0.764305	0.461318	0.975988	4.81552e-06	5.18034e-05	1.10182e-05	2
0.236	0.0633519	0.764305	0.461318	0.975988	4.82368e-06	5.17852e-05	1.09972e-05	2
0.237	0.0633519	0.764305	0.461318	0.975988	4.83179e-06	5.17671e-05	1.09763e-05	2
0.238	0.0633519	0.764305	0.461318	0.975988	4.83986e-06	5.17492e-05	1.09555e-05	2
0.239	0.0633519	0.764305	0.461318	0.975988	4.848e-06	5.17319e-05	1.09355e-05	2
0.24	0.0633519	0.764305	0.461318	0.975988	4.85622e-06	5.17164e-05	1.09178e-05	2
0.241	0.0633519	0.764305	0.461318	0.975988	4.86439e-06	5.17009e-05	1.09003e-05	2
0.242	0.0633519	0.764305	0.461318	0.975988	4.87251e-06	5.16855e-05	1.08827e-05	2
0.243	0.0633519	0.764305	0.461318	0.975988	4.88057e-06	5.16701e-05	1.08651e-05	2
0.244	0.0633519	0.764305	0.461318	0.975988	4.88858e-06	5.16548e-05	1.08475e-05	2
0.245	0.0633519	0.764305	0.461318	0.975988	4.89654e-06	5.16395e-05	1.083e-05	2
0.246	0.0633519	0.764305	0.461318	0.975988	4.90446e-06	5.16243e-05	1.08124e-05	2
0.247	0.0633519	0.764305	0.461318	0.975988	4.91233e-06	5.16092e-05	1.0795e-05	2
0.248	0.0633519	0.764305	0.461318	0.975988	4.92016e-06	5.15941e-05	1.07776e-05	2
0.249	0.0633519	0.764305	0.461318	0.975988	4.92795e-06	5.15791e-05	1.07602e-05	2
0.25	0.0633519	0.764305	0.461318	0.975988	4.9357e-06	5.15642e-05	1.07428e-05	2
0.251	0.0633519	0.764305	0.461318	0.975988	4.9434e-06	5.15493e-05	1.07254e-05	2
0.252	0.0633519	0.764305	0.461318	0.975988	4.95105e-06	5.15346e-05	1.0708e-05	2
0.253	0.0633519	0.764305	0.461318	0.975988	4.95865e-06	5.15198e-05	1.06905e-05	2
0.254	0.0633519	0.764305	0.461318	0.975988	4.9662e-06	5.15052e-05	1.06731e-05	2
0.255	0.0633519	0.764305	0.461318	0.975988	4.97371e-06	5.14906e-05	1.06557e-05	2
0.256	0.0633519	0.764305	0.461318	0.975988	4.98112e-06	5.14763e-05	1.06381e-05	2
0.257	0.0633519	0.764305	0.461318	0.975988	4.98848e-06	5.14622e-05	1.06206e-05	2
0.258	0.0633519	0.764305	0.461318	0.975988	4.99585e-06	5.14482e-05	1.0603e-05	2
0.259	0.0633519	0.764305	0.461318	0.975988	5.00317e-06	5.14343e-05	1.05854e-05	2
0.26	0.0633519	0.764305	0.461318	0.975988	5.01044e-06	5.14204e-05	1.05679e-05	2
0.261	0.0633519	0.764305	0.461318	0.975988	5.01767e-06	5.14066e-05	1.05504e-05	2
0.262	0.0633519	0.764305	0.461318	0.975988	5.02486e-06	5.13928e-05	1.05329e-05	2
0.263	0.0633519	0.764305	0.461318	0.975988	5.03201e-06	5.13791e-05	1.05154e-05	2
0.264	0.0633519	0.764305	0.461318	0.975988	5.03911e-06	5.13654e-05	1.0498e-05	2
0.265	0.0633519	0.764305	0.461318	0.975988	5.04617e-06	5.13518e-05	1.04806e-05	2
0.266	0.0633519	0.764305	0.461318	0.975988	5.05318e-06	5.13383e-05	1.04632e-05	2
0.267	0.0633519	0.764305	0.461318	0.975988	5.06016e-06	5.13247e-05	1.04458e-05	2
0.268	0.0633519	0.764305	0.461318	0.975988	5.06707e-06	5.13114e-05	1.04284e-05	2
0.269	0.0633519	0.764305	0.461318	0.975988	5.07394e-06	5.1298e-05	1.0411e-05	2
0.27	0.0633519	0.764305	0.461318	0.975988	5.08077e-06	5.12847e-05	1.03936e-05	2
0.271	0.0633519	0.764305	0.461318	0.975988	5.08756e-06	5.12715e-05	1.03762e-05	2
0.272	0.0633519	0.764305	0.461318	0.975988	5.09431e-06	5.12583e-05	1.03588e-05	2
0.273	0.0633519	0.764305	0.461318	0.975988	5.10102e-06	5.12452e-05	1.03414e-05	2
0.274	0.0633519	0.764305	0.461318	0.975988	5.10769e-06	5.12322e-05	1.0324e-05	2
0.275	0.0633519	0.764305	0.461318	0.975988	5.11432e-06	5.12191e-05	1.03066e-05	2
0.276	0.0633519	0.764305	0.461318	0.975988	5.12092e-06	5.12062e-05	1.02893e-05	2
0.277	0.0633519	0.764305	0.461318	0.975988	5.12752e-06	5.11934e-05	1.0272e-05	2
0.278	0.0633519	0.764305	0.461318	0.975988	5.13404e-06	5.11811e-05	1.02553e-05	2
0.279	0.0633519	0.764305	0.461318	0.975988	5.14047e-06	5.11696e-05	1.02393e-05	2
0.28	0.0633519	0.764305	0.461318	0.975988	5.14686e-06	5.1158e-05	1.02234e-05	2
0.281	0.0633519	0.764305	0.461318	0.975988	5.1532e-06	5.11466e-05	1.02074e-05	2
0.282	0.0633519	0.764305	0.461318	0.975988	5.1595e-06	5.11351e-05	1.01914e-05	2
0.283	0.0633519	0.764305	0.461318	0.975988	5.16576e-06	5.11237e-05	1.01754e-05	2
0.284	0.0633519	0.764305	0.461318	0.975988	5.17198e-06	5.11123e-05	1.01595e-05	2
0.285	0.0633519	0.764305	0.461318	0.975988	5.17816e-06	5.1101e-05	1.01436e-05	2
0.286	0.0633519	0.764305	0.461318	0.975988	5.18431e-06	5.10897e-05	1.01277e-05	2
0.287	0.0633519	0.764305	0.461318	0.975988	5.19054e-06	5.10784e-05	1.0112e-05	2
0.288	0.0633519	0.764305	0.461318	0.975988	5.19675e-06	5.1067e-05	1.00963e-05	2
0.289	0.0633519	0.764305	0.461318	0.975988	5.20292e-06	5.10558e-05	1.00806e-05	2
0.29	0.0633519	0.764305	0.461318	0.975988	5.20906e-06	5.10445e-05	1.0065e-05	2
0.291	0.0633519	0.764305	0.461318	0.975988	5.21514e-06	5.10333e-05	1.00492e-05	2
0.292	0.0633519	0.764305	0.461318	0.975988	5.22118e-06	5.10221e-05	1.00335e-05	2
0.293	0.0633519	0.764305	0.461318	0.975988	5.22718e-06	5.1011e-05	1.00177e-05	2
0.294	0.0633519	0.764305	0.461318	0.975988	5.23315e-06	5.09999e-05	1.0002e-05	2
0.295	0.0633519	0.764305	0.461318	0.975988	5.23906e-06	5.09889e-05	9.98631e-06	2
0.296	0.0633519	0.764305	0.461318	0.975988	5.24498e-06	5.09781e-05	9.97059e-06	2
0.297	0.0633519	0.764305	0.461318	0.975988	5.25089e-06	5.09673e-05	9.95486e-06	2
0.298	0.0633519	0.764305	0.461318	0.975988	5.25677e-06	5.09566e-05	9.93917e-06	2
0.299	0.0633519	0.764305	0.461318	0.975988	5.26261e-06	5.09459e-05	9.92349e-06	2
0.3	0.0633519	0.764305	0.461318	0.975988	5.26842e-06	5.09352e-05	9.90782e-06	2
