# Initial no freqs: 1
# Initial no harmonics: 1
# LO frequency set up
# Setting bias
# IF frequency set up
# USB frequency set up
# LSB frequency set up
# Vdc[n-1]: 3 vGap: 1
# starting normalisation at 2.76735
# Response function set
# 
# Mixer currents curve
# IF Freq | Unpumped DC | KK | DC Current | Pump Current | IF Current | Signal Current | Image Current | DC dynamic impedance | Iterations
0.001	0.0633519	0.764305	0.34991	0.625537	5.50825e-05	5.60494e-05	7.7677e-05	2
0.002	0.0633519	0.764305	0.34991	0.625537	5.50041e-05	5.61193e-05	7.7482e-05	2
0.003	0.0633519	0.764305	0.34991	0.625537	5.49347e-05	5.61898e-05	7.73023e-05	2
0.004	0.0633519	0.764305	0.34991	0.625537	5.50063e-05	5.63393e-05	7.73151e-05	2
0.005	0.0633519	0.764305	0.34991	0.625537	5.52516e-05	5.65887e-05	7.75639e-05	2
0.006	0.0633519	0.764305	0.34991	0.625537	5.53988e-05	5.67839e-05	7.76781e-05	2
0.007	0.0633519	0.764305	0.34991	0.625537	5.54915e-05	5.69505e-05	7.77175e-05	2
0.008	0.0633519	0.764305	0.34991	0.625537	5.57424e-05	5.83921e-05	7.76116e-05	2
0.009	0.0633519	0.764305	0.34991	0.625537	5.60545e-05	6.0872e-05	7.72674e-05	2
0.01	0.0633519	0.764305	0.34991	0.625537	5.62173e-05	6.27967e-05	7.68504e-05	2
0.011	0.0633519	0.764305	0.34991	0.625537	5.62911e-05	6.43299e-05	7.64106e-05	2
0.012	0.0633519	0.764305	0.34991	0.625537	5.59119e-05	6.63194e-05	7.56933e-05	2
0.013	0.0633519	0.764305	0.34991	0.625537	5.48417e-05	6.89566e-05	7.44659e-05	2
0.014	0.0633519	0.764305	0.34991	0.625537	5.38325e-05	7.09846e-05	7.33041e-05	2
0.015	0.0633519	0.764305	0.34991	0.625537	5.29119e-05	7.25832e-05	7.22832e-05	2
0.016	0.0633519	0.764305	0.34991	0.625537	5.21109e-05	7.39537e-05	7.13664e-05	2
0.017	0.0633519	0.764305	0.34991	0.625537	5.14149e-05	7.516e-05	7.05453e-05	2
0.018	0.0633519	0.764305	0.34991	0.625537	5.07728e-05	7.61618e-05	6.97691e-05	2
0.019	0.0633519	0.764305	0.34991	0.625537	5.01828e-05	7.70066e-05	6.90403e-05	2
0.02	0.0633519	0.764305	0.34991	0.625537	4.96382e-05	7.77377e-05	6.83521e-05	2
0.021	0.0633519	0.764305	0.34991	0.625537	4.91383e-05	7.83726e-05	6.7708e-05	2
0.022	0.0633519	0.764305	0.34991	0.625537	4.86793e-05	7.89286e-05	6.71062e-05	2
0.023	0.0633519	0.764305	0.34991	0.625537	4.82548e-05	7.94388e-05	6.65377e-05	2
0.024	0.0633519	0.764305	0.34991	0.625537	4.78485e-05	7.9994e-05	6.59722e-05	2
0.025	0.0633519	0.764305	0.34991	0.625537	4.74712e-05	8.0491e-05	6.54391e-05	2
0.026	0.0633519	0.764305	0.34991	0.625537	4.71109e-05	8.08824e-05	6.49371e-05	2
0.027	0.0633519	0.764305	0.34991	0.625537	4.66916e-05	8.11764e-05	6.43178e-05	2
0.028	0.0633519	0.764305	0.34991	0.625537	4.60826e-05	8.12883e-05	6.33535e-05	2
0.029	0.0633519	0.764305	0.34991	0.625537	4.55214e-05	8.13816e-05	6.24601e-05	2
0.03	0.0633519	0.764305	0.34991	0.625537	4.50033e-05	8.14609e-05	6.16303e-05	2
0.031	0.0633519	0.764305	0.34991	0.625537	4.4441e-05	8.15637e-05	6.0782e-05	2
0.032	0.0633519	0.764305	0.34991	0.625537	4.35696e-05	8.17839e-05	5.96705e-05	2
0.033	0.0633519	0.764305	0.34991	0.625537	4.27684e-05	8.19635e-05	5.86409e-05	2
0.034	0.0633519	0.764305	0.34991	0.625537	4.20304e-05	8.21119e-05	5.76853e-05	2
0.035	0.0633519	0.764305	0.34991	0.625537	4.13368e-05	8.22343e-05	5.67736e-05	2
0.036	0.0633519	0.764305	0.34991	0.625537	4.06685e-05	8.23326e-05	5.58743e-05	2
0.037	0.0633519	0.764305	0.34991	0.625537	4.00498e-05	8.24144e-05	5.50361e-05	2
0.038	0.0633519	0.764305	0.34991	0.625537	3.94758e-05	8.24836e-05	5.4253e-05	2
0.039	0.0633519	0.764305	0.34991	0.625537	3.89404e-05	8.25434e-05	5.35167e-05	2
0.04	0.0633519	0.764305	0.34991	0.625537	3.84406e-05	8.25949e-05	5.28236e-05	2
0.041	0.0633519	0.764305	0.34991	0.625537	3.79745e-05	8.26407e-05	5.21723e-05	2
0.042	0.0633519	0.764305	0.34991	0.625537	3.7539e-05	8.26823e-05	5.15591e-05	2
0.043	0.0633519	0.764305	0.34991	0.625537	3.71e-05	8.26976e-05	5.09365e-05	2
0.044	0.0633519	0.764305	0.34991	0.625537	3.66881e-05	8.27114e-05	5.0348e-05	2
0.045	0.0633519	0.764305	0.34991	0.625537	3.63022e-05	8.27248e-05	4.97923e-05	2
0.046	0.0633519	0.764305	0.34991	0.625537	3.59376e-05	8.27377e-05	4.92611e-05	2
0.047	0.0633519	0.764305	0.34991	0.625537	3.55653e-05	8.27383e-05	4.86971e-05	2
0.048	0.0633519	0.764305	0.34991	0.625537	3.52151e-05	8.27391e-05	4.81625e-05	2
0.049	0.0633519	0.764305	0.34991	0.625537	3.48853e-05	8.27405e-05	4.7655e-05	2
0.05	0.0633519	0.764305	0.34991	0.625537	3.45743e-05	8.27429e-05	4.71726e-05	2
0.051	0.0633519	0.764305	0.34991	0.625537	3.40536e-05	8.3034e-05	4.65481e-05	2
0.052	0.0633519	0.764305	0.34991	0.625537	3.35603e-05	8.32891e-05	4.59506e-05	2
0.053	0.0633519	0.764305	0.34991	0.625537	3.30976e-05	8.35162e-05	4.53942e-05	2
0.054	0.0633519	0.764305	0.34991	0.625537	3.2439e-05	8.3428e-05	4.46387e-05	2
0.055	0.0633519	0.764305	0.34991	0.625537	3.18032e-05	8.33155e-05	4.3899e-05	2
0.056	0.0633519	0.764305	0.34991	0.625537	3.12126e-05	8.32097e-05	4.32074e-05	2
0.057	0.0633519	0.764305	0.34991	0.625537	3.07252e-05	8.32128e-05	4.26259e-05	2
0.058	0.0633519	0.764305	0.34991	0.625537	3.02757e-05	8.32261e-05	4.20839e-05	2
0.059	0.0633519	0.764305	0.34991	0.625537	2.98526e-05	8.32354e-05	4.15689e-05	2
0.06	0.0633519	0.764305	0.34991	0.625537	2.93184e-05	8.31822e-05	4.09551e-05	2
0.061	0.0633519	0.764305	0.34991	0.625537	2.87905e-05	8.31174e-05	4.03508e-05	2
0.062	0.0633519	0.764305	0.34991	0.625537	2.82986e-05	8.30551e-05	3.97841e-05	2
0.063	0.0633519	0.764305	0.34991	0.625537	2.78529e-05	8.29653e-05	3.92592e-05	2
0.064	0.0633519	0.764305	0.34991	0.625537	2.74393e-05	8.28727e-05	3.87662e-05	2
0.065	0.0633519	0.764305	0.34991	0.625537	2.70506e-05	8.27857e-05	3.82997e-05	2
0.066	0.0633519	0.764305	0.34991	0.625537	2.66528e-05	8.2865e-05	3.78179e-05	2
0.067	0.0633519	0.764305	0.34991	0.625537	2.62686e-05	8.30042e-05	3.73544e-05	2
0.068	0.0633519	0.764305	0.34991	0.625537	2.59036e-05	8.3124e-05	3.69089e-05	2
0.069	0.0633519	0.764305	0.34991	0.625537	2.53353e-05	8.30494e-05	3.62772e-05	2
0.07	0.0633519	0.764305	0.34991	0.625537	2.46866e-05	8.28769e-05	3.55748e-05	2
0.071	0.0633519	0.764305	0.34991	0.625537	2.40881e-05	8.27141e-05	3.49216e-05	2
0.072	0.0633519	0.764305	0.34991	0.625537	2.35245e-05	8.24771e-05	3.42983e-05	2
0.073	0.0633519	0.764305	0.34991	0.625537	2.29954e-05	8.22002e-05	3.37073e-05	2
0.074	0.0633519	0.764305	0.34991	0.625537	2.24986e-05	8.19408e-05	3.31434e-05	2
0.075	0.0633519	0.764305	0.34991	0.625537	2.20385e-05	8.17798e-05	3.2622e-05	2
0.076	0.0633519	0.764305	0.34991	0.625537	2.16118e-05	8.16994e-05	3.21381e-05	2
0.077	0.0633519	0.764305	0.34991	0.625537	2.1213e-05	8.16219e-05	3.16815e-05	2
0.078	0.0633519	0.764305	0.34991	0.625537	2.07161e-05	8.14699e-05	3.11425e-05	2
0.079	0.0633519	0.764305	0.34991	0.625537	2.01147e-05	8.12395e-05	3.05172e-05	2
0.08	0.0633519	0.764305	0.34991	0.625537	1.95636e-05	8.10291e-05	2.99399e-05	2
0.081	0.0633519	0.764305	0.34991	0.625537	1.90127e-05	8.07559e-05	2.93643e-05	2
0.082	0.0633519	0.764305	0.34991	0.625537	1.84406e-05	8.039e-05	2.87727e-05	2
0.083	0.0633519	0.764305	0.34991	0.625537	1.79154e-05	8.00632e-05	2.8227e-05	2
0.084	0.0633519	0.764305	0.34991	0.625537	1.73989e-05	7.97612e-05	2.76944e-05	2
0.085	0.0633519	0.764305	0.34991	0.625537	1.68564e-05	7.94621e-05	2.71399e-05	2
0.086	0.0633519	0.764305	0.34991	0.625537	1.63586e-05	7.91905e-05	2.6626e-05	2
0.087	0.0633519	0.764305	0.34991	0.625537	1.58499e-05	7.8859e-05	2.61076e-05	2
0.088	0.0633519	0.764305	0.34991	0.625537	1.52461e-05	7.83392e-05	2.55146e-05	2
0.089	0.0633519	0.764305	0.34991	0.625537	1.46928e-05	7.78849e-05	2.49705e-05	2
0.09	0.0633519	0.764305	0.34991	0.625537	1.41952e-05	7.74819e-05	2.44781e-05	2
0.091	0.0633519	0.764305	0.34991	0.625537	1.37738e-05	7.7107e-05	2.40519e-05	2
0.092	0.0633519	0.764305	0.34991	0.625537	1.33817e-05	7.67724e-05	2.3662e-05	2
0.093	0.0633519	0.764305	0.34991	0.625537	1.29973e-05	7.64526e-05	2.32839e-05	2
0.094	0.0633519	0.764305	0.34991	0.625537	1.254e-05	7.60641e-05	2.28511e-05	2
0.095	0.0633519	0.764305	0.34991	0.625537	1.21141e-05	7.57223e-05	2.24479e-05	2
0.096	0.0633519	0.764305	0.34991	0.625537	1.17136e-05	7.54066e-05	2.20687e-05	2
0.097	0.0633519	0.764305	0.34991	0.625537	1.12988e-05	7.49709e-05	2.16754e-05	2
0.098	0.0633519	0.764305	0.34991	0.625537	1.09034e-05	7.45823e-05	2.13011e-05	2
0.099	0.0633519	0.764305	0.34991	0.625537	1.0528e-05	7.42355e-05	2.09463e-05	2
0.1	0.0633519	0.764305	0.34991	0.625537	1.02177e-05	7.38744e-05	2.06372e-05	2
0.101	0.0633519	0.764305	0.34991	0.625537	9.91482e-06	7.35448e-05	2.03356e-05	2
0.102	0.0633519	0.764305	0.34991	0.625537	9.62043e-06	7.32445e-05	2.00436e-05	2
0.103	0.0633519	0.764305	0.34991	0.625537	9.33653e-06	7.28838e-05	1.97517e-05	2
0.104	0.0633519	0.764305	0.34991	0.625537	9.05506e-06	7.2545e-05	1.94612e-05	2
0.105	0.0633519	0.764305	0.34991	0.625537	8.77704e-06	7.22321e-05	1.91742e-05	2
0.106	0.0633519	0.764305	0.34991	0.625537	8.60109e-06	7.19178e-05	1.89526e-05	2
0.107	0.0633519	0.764305	0.34991	0.625537	8.43255e-06	7.16135e-05	1.87352e-05	2
0.108	0.0633519	0.764305	0.34991	0.625537	8.26066e-06	7.13226e-05	1.85157e-05	2
0.109	0.0633519	0.764305	0.34991	0.625537	8.14517e-06	7.10852e-05	1.8341e-05	2
0.11	0.0633519	0.764305	0.34991	0.625537	8.03852e-06	7.08623e-05	1.81728e-05	2
0.111	0.0633519	0.764305	0.34991	0.625537	7.92919e-06	7.06477e-05	1.80044e-05	2
0.112	0.0633519	0.764305	0.34991	0.625537	7.81288e-06	7.04399e-05	1.7831e-05	2
0.113	0.0633519	0.764305	0.34991	0.625537	7.69335e-06	7.02402e-05	1.76558e-05	2
0.114	0.0633519	0.764305	0.34991	0.625537	7.57244e-06	7.00487e-05	1.74807e-05	2
0.115	0.0633519	0.764305	0.34991	0.625537	7.47311e-06	6.98395e-05	1.73131e-05	2
0.116	0.0633519	0.764305	0.34991	0.625537	7.38043e-06	6.96265e-05	1.71468e-05	2
0.117	0.0633519	0.764305	0.34991	0.625537	7.28529e-06	6.94197e-05	1.69791e-05	2
0.118	0.0633519	0.764305	0.34991	0.625537	7.23012e-06	6.92209e-05	1.68367e-05	2
0.119	0.0633519	0.764305	0.34991	0.625537	7.19483e-06	6.90255e-05	1.67057e-05	2
0.12	0.0633519	0.764305	0.34991	0.625537	7.15682e-06	6.88325e-05	1.65714e-05	2
0.121	0.0633519	0.764305	0.34991	0.625537	7.13305e-06	6.86623e-05	1.64521e-05	2
0.122	0.0633519	0.764305	0.34991	0.625537	7.11897e-06	6.85077e-05	1.63428e-05	2
0.123	0.0633519	0.764305	0.34991	0.625537	7.10306e-06	6.83534e-05	1.62314e-05	2
0.124	0.0633519	0.764305	0.34991	0.625537	7.0858e-06	6.821e-05	1.61217e-05	2
0.125	0.0633519	0.764305	0.34991	0.625537	7.06785e-06	6.80781e-05	1.60151e-05	2
0.126	0.0633519	0.764305	0.34991	0.625537	7.04874e-06	6.79479e-05	1.59077e-05	2
0.127	0.0633519	0.764305	0.34991	0.625537	7.02701e-06	6.78169e-05	1.57978e-05	2
0.128	0.0633519	0.764305	0.34991	0.625537	7.00244e-06	6.76851e-05	1.56851e-05	2
0.129	0.0633519	0.764305	0.34991	0.625537	6.97675e-06	6.75554e-05	1.55719e-05	2
0.13	0.0633519	0.764305	0.34991	0.625537	6.96162e-06	6.74246e-05	1.5464e-05	2
0.131	0.0633519	0.764305	0.34991	0.625537	6.96408e-06	6.72917e-05	1.53687e-05	2
0.132	0.0633519	0.764305	0.34991	0.625537	6.96546e-06	6.71598e-05	1.52721e-05	2
0.133	0.0633519	0.764305	0.34991	0.625537	6.96934e-06	6.70341e-05	1.51789e-05	2
0.134	0.0633519	0.764305	0.34991	0.625537	6.97932e-06	6.6919e-05	1.50917e-05	2
0.135	0.0633519	0.764305	0.34991	0.625537	6.98844e-06	6.68049e-05	1.50035e-05	2
0.136	0.0633519	0.764305	0.34991	0.625537	6.99932e-06	6.66947e-05	1.49174e-05	2
0.137	0.0633519	0.764305	0.34991	0.625537	7.01573e-06	6.65929e-05	1.484e-05	2
0.138	0.0633519	0.764305	0.34991	0.625537	7.03153e-06	6.64915e-05	1.47623e-05	2
0.139	0.0633519	0.764305	0.34991	0.625537	7.04484e-06	6.63928e-05	1.46838e-05	2
0.14	0.0633519	0.764305	0.34991	0.625537	7.05061e-06	6.63018e-05	1.46067e-05	2
0.141	0.0633519	0.764305	0.34991	0.625537	7.05583e-06	6.62117e-05	1.453e-05	2
0.142	0.0633519	0.764305	0.34991	0.625537	7.06266e-06	6.61211e-05	1.44537e-05	2
0.143	0.0633519	0.764305	0.34991	0.625537	7.08038e-06	6.60249e-05	1.43807e-05	2
0.144	0.0633519	0.764305	0.34991	0.625537	7.09764e-06	6.59294e-05	1.43069e-05	2
0.145	0.0633519	0.764305	0.34991	0.625537	7.11464e-06	6.58356e-05	1.42334e-05	2
0.146	0.0633519	0.764305	0.34991	0.625537	7.13335e-06	6.57529e-05	1.41664e-05	2
0.147	0.0633519	0.764305	0.34991	0.625537	7.15169e-06	6.56708e-05	1.40991e-05	2
0.148	0.0633519	0.764305	0.34991	0.625537	7.1696e-06	6.55894e-05	1.40315e-05	2
0.149	0.0633519	0.764305	0.34991	0.625537	7.18657e-06	6.55132e-05	1.39655e-05	2
0.15	0.0633519	0.764305	0.34991	0.625537	7.2033e-06	6.54377e-05	1.3899e-05	2
0.151	0.0633519	0.764305	0.34991	0.625537	7.21934e-06	6.53625e-05	1.38311e-05	2
0.152	0.0633519	0.764305	0.34991	0.625537	7.23508e-06	6.52912e-05	1.37658e-05	2
0.153	0.0633519	0.764305	0.34991	0.625537	7.25078e-06	6.52208e-05	1.37014e-05	2
0.154	0.0633519	0.764305	0.34991	0.625537	7.26622e-06	6.51509e-05	1.36369e-05	2
0.155	0.0633519	0.764305	0.34991	0.625537	7.28123e-06	6.50806e-05	1.35734e-05	2
0.156	0.0633519	0.764305	0.34991	0.625537	7.29587e-06	6.50108e-05	1.35112e-05	2
0.157	0.0633519	0.764305	0.34991	0.625537	7.31017e-06	6.49416e-05	1.34488e-05	2
0.158	0.0633519	0.764305	0.34991	0.625537	7.33064e-06	6.48708e-05	1.33882e-05	2
0.159	0.0633519	0.764305	0.34991	0.625537	7.35223e-06	6.48003e-05	1.3327e-05	2
0.16	0.0633519	0.764305	0.34991	0.625537	7.37351e-06	6.47304e-05	1.32656e-05	2
0.161	0.0633519	0.764305	0.34991	0.625537	7.39696e-06	6.46635e-05	1.32094e-05	2
0.162	0.0633519	0.764305	0.34991	0.625537	7.4207e-06	6.45975e-05	1.3157e-05	2
0.163	0.0633519	0.764305	0.34991	0.625537	7.44419e-06	6.45321e-05	1.31044e-05	2
0.164	0.0633519	0.764305	0.34991	0.625537	7.46942e-06	6.44691e-05	1.30537e-05	2
0.165	0.0633519	0.764305	0.34991	0.625537	2.03921e-06	6.25469e-05	2.03921e-06	2
0.166	0.0633519	0.764305	0.34991	0.625537	7.52149e-06	6.43466e-05	1.29524e-05	2
0.167	0.0633519	0.764305	0.34991	0.625537	7.54621e-06	6.42884e-05	1.29029e-05	2
0.168	0.0633519	0.764305	0.34991	0.625537	7.57066e-06	6.42319e-05	1.28564e-05	2
0.169	0.0633519	0.764305	0.34991	0.625537	7.5949e-06	6.41759e-05	1.28097e-05	2
0.17	0.0633519	0.764305	0.34991	0.625537	7.62213e-06	6.41198e-05	1.27657e-05	2
0.171	0.0633519	0.764305	0.34991	0.625537	7.65184e-06	6.40643e-05	1.27269e-05	2
0.172	0.0633519	0.764305	0.34991	0.625537	7.6814e-06	6.40091e-05	1.26879e-05	2
0.173	0.0633519	0.764305	0.34991	0.625537	7.70942e-06	6.39561e-05	1.26498e-05	2
0.174	0.0633519	0.764305	0.34991	0.625537	7.7357e-06	6.39043e-05	1.26176e-05	2
0.175	0.0633519	0.764305	0.34991	0.625537	7.76184e-06	6.3853e-05	1.25853e-05	2
0.176	0.0633519	0.764305	0.34991	0.625537	7.78923e-06	6.38018e-05	1.25537e-05	2
0.177	0.0633519	0.764305	0.34991	0.625537	7.8178e-06	6.37506e-05	1.25222e-05	2
0.178	0.0633519	0.764305	0.34991	0.625537	7.84627e-06	6.36998e-05	1.24905e-05	2
0.179	0.0633519	0.764305	0.34991	0.625537	7.87512e-06	6.36507e-05	1.24598e-05	2
0.18	0.0633519	0.764305	0.34991	0.625537	7.90522e-06	6.36042e-05	1.24312e-05	2
0.181	0.0633519	0.764305	0.34991	0.625537	7.93493e-06	6.35571e-05	1.24021e-05	2
0.182	0.0633519	0.764305	0.34991	0.625537	7.96427e-06	6.3511e-05	1.2373e-05	2
0.183	0.0633519	0.764305	0.34991	0.625537	7.99418e-06	6.34677e-05	1.23454e-05	2
0.184	0.0633519	0.764305	0.34991	0.625537	8.02405e-06	6.34248e-05	1.23177e-05	2
0.185	0.0633519	0.764305	0.34991	0.625537	8.05392e-06	6.33823e-05	1.22901e-05	2
0.186	0.0633519	0.764305	0.34991	0.625537	8.08635e-06	6.33423e-05	1.22697e-05	2
0.187	0.0633519	0.764305	0.34991	0.625537	8.119e-06	6.3303e-05	1.22501e-05	2
0.188	0.0633519	0.764305	0.34991	0.625537	8.15135e-06	6.32642e-05	1.22302e-05	2
0.189	0.0633519	0.764305	0.34991	0.625537	8.18128e-06	6.32251e-05	1.22206e-05	2
0.19	0.0633519	0.764305	0.34991	0.625537	8.2109e-06	6.31862e-05	1.22128e-05	2
0.191	0.0633519	0.764305	0.34991	0.625537	8.24109e-06	6.31476e-05	1.22055e-05	2
0.192	0.0633519	0.764305	0.34991	0.625537	8.27567e-06	6.31108e-05	1.2195e-05	2
0.193	0.0633519	0.764305	0.34991	0.625537	8.31076e-06	6.30748e-05	1.21831e-05	2
0.194	0.0633519	0.764305	0.34991	0.625537	8.34608e-06	6.30388e-05	1.21712e-05	2
0.195	0.0633519	0.764305	0.34991	0.625537	8.38502e-06	6.30036e-05	1.21709e-05	2
0.196	0.0633519	0.764305	0.34991	0.625537	8.42467e-06	6.29693e-05	1.21748e-05	2
0.197	0.0633519	0.764305	0.34991	0.625537	8.46419e-06	6.29355e-05	1.21783e-05	2
0.198	0.0633519	0.764305	0.34991	0.625537	8.50421e-06	6.29055e-05	1.21936e-05	2
0.199	0.0633519	0.764305	0.34991	0.625537	8.54549e-06	6.28769e-05	1.22151e-05	2
0.2	0.0633519	0.764305	0.34991	0.625537	8.58682e-06	6.28485e-05	1.22363e-05	2
0.201	0.0633519	0.764305	0.34991	0.625537	8.62844e-06	6.28256e-05	1.22794e-05	2
0.202	0.0633519	0.764305	0.34991	0.625537	8.66947e-06	6.28024e-05	1.23342e-05	2
0.203	0.0633519	0.764305	0.34991	0.625537	8.71093e-06	6.27798e-05	1.23891e-05	2
0.204	0.0633519	0.764305	0.34991	0.625537	8.75215e-06	6.27572e-05	1.24407e-05	2
0.205	0.0633519	0.764305	0.34991	0.625537	8.79317e-06	6.27346e-05	1.24894e-05	2
0.206	0.0633519	0.764305	0.34991	0.625537	8.83458e-06	6.27126e-05	1.25381e-05	2
0.207	0.0633519	0.764305	0.34991	0.625537	8.87877e-06	6.26931e-05	1.25924e-05	2
0.208	0.0633519	0.764305	0.34991	0.625537	8.92558e-06	6.26759e-05	1.26521e-05	2
0.209	0.0633519	0.764305	0.34991	0.625537	8.97246e-06	6.26591e-05	1.27111e-05	2
0.21	0.0633519	0.764305	0.34991	0.625537	9.02296e-06	6.26453e-05	1.27896e-05	2
0.211	0.0633519	0.764305	0.34991	0.625537	9.07888e-06	6.2636e-05	1.28968e-05	2
0.212	0.0633519	0.764305	0.34991	0.625537	9.13545e-06	6.26277e-05	1.30035e-05	2
0.213	0.0633519	0.764305	0.34991	0.625537	9.19236e-06	6.26197e-05	1.31344e-05	2
0.214	0.0633519	0.764305	0.34991	0.625537	9.25002e-06	6.26117e-05	1.33124e-05	2
0.215	0.0633519	0.764305	0.34991	0.625537	9.30972e-06	6.26054e-05	1.34921e-05	2
0.216	0.0633519	0.764305	0.34991	0.625537	9.3685e-06	6.25981e-05	1.3677e-05	2
0.217	0.0633519	0.764305	0.34991	0.625537	9.42169e-06	6.25858e-05	1.38735e-05	2
0.218	0.0633519	0.764305	0.34991	0.625537	9.47723e-06	6.25754e-05	1.40734e-05	2
0.219	0.0633519	0.764305	0.34991	0.625537	9.53514e-06	6.25665e-05	1.42752e-05	2
0.22	0.0633519	0.764305	0.34991	0.625537	9.596e-06	6.25596e-05	1.44762e-05	2
0.221	0.0633519	0.764305	0.34991	0.625537	9.65863e-06	6.25547e-05	1.46788e-05	2
0.222	0.0633519	0.764305	0.34991	0.625537	9.72606e-06	6.25528e-05	1.49017e-05	2
0.223	0.0633519	0.764305	0.34991	0.625537	9.80672e-06	6.2559e-05	1.52145e-05	2
0.224	0.0633519	0.764305	0.34991	0.625537	9.89276e-06	6.25689e-05	1.55357e-05	2
0.225	0.0633519	0.764305	0.34991	0.625537	9.98275e-06	6.25809e-05	1.58736e-05	2
0.226	0.0633519	0.764305	0.34991	0.625537	1.00642e-05	6.25799e-05	1.62981e-05	2
0.227	0.0633519	0.764305	0.34991	0.625537	1.01534e-05	6.25827e-05	1.67439e-05	2
0.228	0.0633519	0.764305	0.34991	0.625537	1.02496e-05	6.25886e-05	1.72098e-05	2
0.229	0.0633519	0.764305	0.34991	0.625537	1.03215e-05	6.25732e-05	1.76284e-05	2
0.23	0.0633519	0.764305	0.34991	0.625537	1.04008e-05	6.2561e-05	1.80725e-05	2
0.231	0.0633519	0.764305	0.34991	0.625537	1.04881e-05	6.25528e-05	1.85438e-05	2
0.232	0.0633519	0.764305	0.34991	0.625537	1.0554e-05	6.25214e-05	1.90289e-05	2
0.233	0.0633519	0.764305	0.34991	0.625537	1.06268e-05	6.24909e-05	1.95495e-05	2
0.234	0.0633519	0.764305	0.34991	0.625537	1.0708e-05	6.24619e-05	2.01099e-05	2
0.235	0.0633519	0.764305	0.34991	0.625537	1.0733e-05	6.23938e-05	2.05125e-05	2
0.236	0.0633519	0.764305	0.34991	0.625537	1.07536e-05	6.23193e-05	2.09244e-05	2
0.237	0.0633519	0.764305	0.34991	0.625537	1.07752e-05	6.22413e-05	2.13649e-05	2
0.238	0.0633519	0.764305	0.34991	0.625537	1.07805e-05	6.21593e-05	2.16872e-05	2
0.239	0.0633519	0.764305	0.34991	0.625537	1.07828e-05	6.20742e-05	2.20036e-05	2
0.24	0.0633519	0.764305	0.34991	0.625537	1.07884e-05	6.19894e-05	2.23453e-05	2
0.241	0.0633519	0.764305	0.34991	0.625537	1.07703e-05	6.18827e-05	2.26848e-05	2
0.242	0.0633519	0.764305	0.34991	0.625537	1.07426e-05	6.17649e-05	2.30374e-05	2
0.243	0.0633519	0.764305	0.34991	0.625537	1.07101e-05	6.16397e-05	2.34094e-05	2
0.244	0.0633519	0.764305	0.34991	0.625537	1.06338e-05	6.15047e-05	2.35512e-05	2
0.245	0.0633519	0.764305	0.34991	0.625537	1.05371e-05	6.13646e-05	2.36055e-05	2
0.246	0.0633519	0.764305	0.34991	0.625537	1.04324e-05	6.12198e-05	2.36571e-05	2
0.247	0.0633519	0.764305	0.34991	0.625537	1.03364e-05	6.10848e-05	2.37028e-05	2
0.248	0.0633519	0.764305	0.34991	0.625537	1.02439e-05	6.09538e-05	2.37501e-05	2
0.249	0.0633519	0.764305	0.34991	0.625537	1.01458e-05	6.08195e-05	2.37987e-05	2
0.25	0.0633519	0.764305	0.34991	0.625537	1.00312e-05	6.06854e-05	2.37568e-05	2
0.251	0.0633519	0.764305	0.34991	0.625537	9.90522e-06	6.05517e-05	2.36561e-05	2
0.252	0.0633519	0.764305	0.34991	0.625537	9.77417e-06	6.04166e-05	2.35526e-05	2
0.253	0.0633519	0.764305	0.34991	0.625537	9.661e-06	6.03015e-05	2.34194e-05	2
0.254	0.0633519	0.764305	0.34991	0.625537	9.56372e-06	6.02032e-05	2.32628e-05	2
0.255	0.0633519	0.764305	0.34991	0.625537	9.46406e-06	6.01048e-05	2.31052e-05	2
0.256	0.0633519	0.764305	0.34991	0.625537	9.37373e-06	6.00089e-05	2.29906e-05	2
0.257	0.0633519	0.764305	0.34991	0.625537	9.29297e-06	5.9915e-05	2.29221e-05	2
0.258	0.0633519	0.764305	0.34991	0.625537	9.20861e-06	5.98187e-05	2.28521e-05	2
0.259	0.0633519	0.764305	0.34991	0.625537	9.11388e-06	5.97204e-05	2.275e-05	2
0.26	0.0633519	0.764305	0.34991	0.625537	9.00639e-06	5.96204e-05	2.26041e-05	2
0.261	0.0633519	0.764305	0.34991	0.625537	8.89579e-06	5.95201e-05	2.24563e-05	2
0.262	0.0633519	0.764305	0.34991	0.625537	8.79416e-06	5.94307e-05	2.22844e-05	2
0.263	0.0633519	0.764305	0.34991	0.625537	8.71166e-06	5.93609e-05	2.20732e-05	2
0.264	0.0633519	0.764305	0.34991	0.625537	8.62791e-06	5.92914e-05	2.18608e-05	2
0.265	0.0633519	0.764305	0.34991	0.625537	8.55153e-06	5.92237e-05	2.16782e-05	2
0.266	0.0633519	0.764305	0.34991	0.625537	8.49575e-06	5.91591e-05	2.15735e-05	2
0.267	0.0633519	0.764305	0.34991	0.625537	8.43861e-06	5.90943e-05	2.14686e-05	2
0.268	0.0633519	0.764305	0.34991	0.625537	8.37856e-06	5.90287e-05	2.13602e-05	2
0.269	0.0633519	0.764305	0.34991	0.625537	8.31233e-06	5.89614e-05	2.12402e-05	2
0.27	0.0633519	0.764305	0.34991	0.625537	8.24442e-06	5.88937e-05	2.11199e-05	2
0.271	0.0633519	0.764305	0.34991	0.625537	8.17766e-06	5.88275e-05	2.09983e-05	2
0.272	0.0633519	0.764305	0.34991	0.625537	8.12242e-06	5.87698e-05	2.08721e-05	2
0.273	0.0633519	0.764305	0.34991	0.625537	8.0658e-06	5.87118e-05	2.07453e-05	2
0.274	0.0633519	0.764305	0.34991	0.625537	8.00761e-06	5.86531e-05	2.06208e-05	2
0.275	0.0633519	0.764305	0.34991	0.625537	7.94702e-06	5.85909e-05	2.05164e-05	2
0.276	0.0633519	0.764305	0.34991	0.625537	7.88452e-06	5.85283e-05	2.04115e-05	2
0.277	0.0633519	0.764305	0.34991	0.625537	7.8199e-06	5.84647e-05	2.03017e-05	2
0.278	0.0633519	0.764305	0.34991	0.625537	7.76088e-06	5.84134e-05	2.01436e-05	2
0.279	0.0633519	0.764305	0.34991	0.625537	7.70092e-06	5.8365e-05	1.99847e-05	2
0.28	0.0633519	0.764305	0.34991	0.625537	7.63944e-06	5.83166e-05	1.98241e-05	2
0.281	0.0633519	0.764305	0.34991	0.625537	7.61043e-06	5.82792e-05	1.97245e-05	2
0.282	0.0633519	0.764305	0.34991	0.625537	7.58048e-06	5.82417e-05	1.96243e-05	2
0.283	0.0633519	0.764305	0.34991	0.625537	7.54954e-06	5.82042e-05	1.95233e-05	2
0.284	0.0633519	0.764305	0.34991	0.625537	7.51753e-06	5.81666e-05	1.94216e-05	2
0.285	0.0633519	0.764305	0.34991	0.625537	7.48749e-06	5.81287e-05	1.93288e-05	2
0.286	0.0633519	0.764305	0.34991	0.625537	7.45671e-06	5.80907e-05	1.92366e-05	2
0.287	0.0633519	0.764305	0.34991	0.625537	7.42486e-06	5.80525e-05	1.91439e-05	2
0.288	0.0633519	0.764305	0.34991	0.625537	7.39182e-06	5.80142e-05	1.90505e-05	2
0.289	0.0633519	0.764305	0.34991	0.625537	7.35703e-06	5.79754e-05	1.89539e-05	2
0.29	0.0633519	0.764305	0.34991	0.625537	7.32088e-06	5.79363e-05	1.88564e-05	2
0.291	0.0633519	0.764305	0.34991	0.625537	7.28325e-06	5.78971e-05	1.87578e-05	2
0.292	0.0633519	0.764305	0.34991	0.625537	7.24401e-06	5.78575e-05	1.8658e-05	2
0.293	0.0633519	0.764305	0.34991	0.625537	7.20305e-06	5.78177e-05	1.85569e-05	2
0.294	0.0633519	0.764305	0.34991	0.625537	7.16019e-06	5.77775e-05	1.84542e-05	2
0.295	0.0633519	0.764305	0.34991	0.625537	7.11525e-06	5.77369e-05	1.83496e-05	2
0.296	0.0633519	0.764305	0.34991	0.625537	7.06823e-06	5.76954e-05	1.8244e-05	2
0.297	0.0633519	0.764305	0.34991	0.625537	7.01888e-06	5.76535e-05	1.81368e-05	2
0.298	0.0633519	0.764305	0.34991	0.625537	6.9669e-06	5.76112e-05	1.8027e-05	2
0.299	0.0633519	0.764305	0.34991	0.625537	6.91202e-06	5.75684e-05	1.79145e-05	2
0.3	0.0633519	0.764305	0.34991	0.625537	6.87654e-06	5.7534e-05	1.78118e-05	2
