# Initial no freqs: 1
# Initial no harmonics: 1
# LO frequency set up
# Setting bias
# IF frequency set up
# USB frequency set up
# LSB frequency set up
# Vdc[n-1]: 3 vGap: 1
# starting normalisation at 2.76735
# Response function set
# 
# Mixer currents curve
# IF Freq | Unpumped DC | KK | DC Current | Pump Current | IF Current | Signal Current | Image Current | DC dynamic impedance | Iterations
0.001	0.0261632	0.282529	0.491321	0.7428	3.02715e-05	3.76694e-05	1.55903e-05	2
0.002	0.0261632	0.282529	0.491321	0.7428	3.05736e-05	3.80766e-05	1.59413e-05	2
0.003	0.0261632	0.282529	0.491321	0.7428	3.07736e-05	3.82743e-05	1.602e-05	2
0.004	0.0261632	0.282529	0.491321	0.7428	3.09125e-05	3.8404e-05	1.6051e-05	2
0.005	0.0261632	0.282529	0.491321	0.7428	3.11224e-05	3.86024e-05	1.61015e-05	2
0.006	0.0261632	0.282529	0.491321	0.7428	3.12543e-05	3.87404e-05	1.61567e-05	2
0.007	0.0261632	0.282529	0.491321	0.7428	3.13334e-05	3.88319e-05	1.62e-05	2
0.008	0.0261632	0.282529	0.491321	0.7428	3.12863e-05	3.88158e-05	1.62115e-05	2
0.009	0.0261632	0.282529	0.491321	0.7428	3.1296e-05	3.88685e-05	1.62635e-05	2
0.01	0.0261632	0.282529	0.491321	0.7428	3.13199e-05	3.89425e-05	1.63171e-05	2
0.011	0.0261632	0.282529	0.491321	0.7428	3.1211e-05	3.89861e-05	1.6578e-05	2
0.012	0.0261632	0.282529	0.491321	0.7428	3.11181e-05	3.90618e-05	1.68562e-05	2
0.013	0.0261632	0.282529	0.491321	0.7428	3.10165e-05	3.9161e-05	1.71458e-05	2
0.014	0.0261632	0.282529	0.491321	0.7428	3.09151e-05	3.92428e-05	1.73905e-05	2
0.015	0.0261632	0.282529	0.491321	0.7428	3.07832e-05	3.9289e-05	1.76238e-05	2
0.016	0.0261632	0.282529	0.491321	0.7428	3.06288e-05	3.93068e-05	1.78453e-05	2
0.017	0.0261632	0.282529	0.491321	0.7428	3.04876e-05	3.93154e-05	1.80332e-05	2
0.018	0.0261632	0.282529	0.491321	0.7428	3.03879e-05	3.93408e-05	1.82033e-05	2
0.019	0.0261632	0.282529	0.491321	0.7428	3.0329e-05	3.93858e-05	1.83615e-05	2
0.02	0.0261632	0.282529	0.491321	0.7428	3.02719e-05	3.94213e-05	1.84993e-05	2
0.021	0.0261632	0.282529	0.491321	0.7428	3.01813e-05	3.94319e-05	1.86453e-05	2
0.022	0.0261632	0.282529	0.491321	0.7428	3.00426e-05	3.94108e-05	1.8811e-05	2
0.023	0.0261632	0.282529	0.491321	0.7428	2.99137e-05	3.93868e-05	1.89572e-05	2
0.024	0.0261632	0.282529	0.491321	0.7428	2.98065e-05	3.93724e-05	1.90957e-05	2
0.025	0.0261632	0.282529	0.491321	0.7428	2.97309e-05	3.93782e-05	1.92369e-05	2
0.026	0.0261632	0.282529	0.491321	0.7428	2.96587e-05	3.93795e-05	1.93638e-05	2
0.027	0.0261632	0.282529	0.491321	0.7428	2.95838e-05	3.93773e-05	1.94917e-05	2
0.028	0.0261632	0.282529	0.491321	0.7428	2.94881e-05	3.93743e-05	1.96419e-05	2
0.029	0.0261632	0.282529	0.491321	0.7428	2.93935e-05	3.93705e-05	1.97736e-05	2
0.03	0.0261632	0.282529	0.491321	0.7428	2.9297e-05	3.93623e-05	1.99061e-05	2
0.031	0.0261632	0.282529	0.491321	0.7428	2.91718e-05	3.93495e-05	2.00677e-05	2
0.032	0.0261632	0.282529	0.491321	0.7428	2.90516e-05	3.93361e-05	2.02167e-05	2
0.033	0.0261632	0.282529	0.491321	0.7428	2.89249e-05	3.93121e-05	2.03572e-05	2
0.034	0.0261632	0.282529	0.491321	0.7428	2.87315e-05	3.92365e-05	2.04958e-05	2
0.035	0.0261632	0.282529	0.491321	0.7428	2.85489e-05	3.91618e-05	2.0621e-05	2
0.036	0.0261632	0.282529	0.491321	0.7428	2.83764e-05	3.90881e-05	2.07338e-05	2
0.037	0.0261632	0.282529	0.491321	0.7428	2.82136e-05	3.9014e-05	2.08285e-05	2
0.038	0.0261632	0.282529	0.491321	0.7428	2.80596e-05	3.89413e-05	2.09145e-05	2
0.039	0.0261632	0.282529	0.491321	0.7428	2.79138e-05	3.88702e-05	2.0993e-05	2
0.04	0.0261632	0.282529	0.491321	0.7428	2.77801e-05	3.88087e-05	2.10855e-05	2
0.041	0.0261632	0.282529	0.491321	0.7428	2.76527e-05	3.87476e-05	2.11699e-05	2
0.042	0.0261632	0.282529	0.491321	0.7428	2.75309e-05	3.86872e-05	2.12468e-05	2
0.043	0.0261632	0.282529	0.491321	0.7428	2.74233e-05	3.86398e-05	2.13446e-05	2
0.044	0.0261632	0.282529	0.491321	0.7428	2.73204e-05	3.85924e-05	2.14362e-05	2
0.045	0.0261632	0.282529	0.491321	0.7428	2.72215e-05	3.85445e-05	2.15209e-05	2
0.046	0.0261632	0.282529	0.491321	0.7428	2.71058e-05	3.84949e-05	2.16668e-05	2
0.047	0.0261632	0.282529	0.491321	0.7428	2.69903e-05	3.84434e-05	2.1808e-05	2
0.048	0.0261632	0.282529	0.491321	0.7428	2.68768e-05	3.83916e-05	2.19373e-05	2
0.049	0.0261632	0.282529	0.491321	0.7428	2.66736e-05	3.82699e-05	2.20487e-05	2
0.05	0.0261632	0.282529	0.491321	0.7428	2.64415e-05	3.81223e-05	2.21617e-05	2
0.051	0.0261632	0.282529	0.491321	0.7428	2.62199e-05	3.79805e-05	2.22654e-05	2
0.052	0.0261632	0.282529	0.491321	0.7428	2.60528e-05	3.78807e-05	2.23875e-05	2
0.053	0.0261632	0.282529	0.491321	0.7428	2.59042e-05	3.77917e-05	2.25076e-05	2
0.054	0.0261632	0.282529	0.491321	0.7428	2.57602e-05	3.77025e-05	2.26184e-05	2
0.055	0.0261632	0.282529	0.491321	0.7428	2.55739e-05	3.75849e-05	2.27631e-05	2
0.056	0.0261632	0.282529	0.491321	0.7428	2.53757e-05	3.74563e-05	2.29129e-05	2
0.057	0.0261632	0.282529	0.491321	0.7428	2.51845e-05	3.73286e-05	2.30512e-05	2
0.058	0.0261632	0.282529	0.491321	0.7428	2.49524e-05	3.7172e-05	2.32207e-05	2
0.059	0.0261632	0.282529	0.491321	0.7428	2.47041e-05	3.70011e-05	2.33978e-05	2
0.06	0.0261632	0.282529	0.491321	0.7428	2.44652e-05	3.68322e-05	2.35606e-05	2
0.061	0.0261632	0.282529	0.491321	0.7428	2.41524e-05	3.66027e-05	2.36903e-05	2
0.062	0.0261632	0.282529	0.491321	0.7428	2.38006e-05	3.63393e-05	2.37948e-05	2
0.063	0.0261632	0.282529	0.491321	0.7428	2.34677e-05	3.60867e-05	2.38892e-05	2
0.064	0.0261632	0.282529	0.491321	0.7428	2.31629e-05	3.58515e-05	2.39663e-05	2
0.065	0.0261632	0.282529	0.491321	0.7428	2.28816e-05	3.56307e-05	2.40266e-05	2
0.066	0.0261632	0.282529	0.491321	0.7428	2.26117e-05	3.54183e-05	2.40764e-05	2
0.067	0.0261632	0.282529	0.491321	0.7428	2.23388e-05	3.52077e-05	2.41441e-05	2
0.068	0.0261632	0.282529	0.491321	0.7428	2.20637e-05	3.49953e-05	2.42337e-05	2
0.069	0.0261632	0.282529	0.491321	0.7428	2.1799e-05	3.47915e-05	2.43121e-05	2
0.07	0.0261632	0.282529	0.491321	0.7428	2.14887e-05	3.45579e-05	2.44059e-05	2
0.071	0.0261632	0.282529	0.491321	0.7428	2.11154e-05	3.42822e-05	2.45283e-05	2
0.072	0.0261632	0.282529	0.491321	0.7428	2.0762e-05	3.40173e-05	2.46383e-05	2
0.073	0.0261632	0.282529	0.491321	0.7428	2.03639e-05	3.37151e-05	2.47165e-05	2
0.074	0.0261632	0.282529	0.491321	0.7428	1.98775e-05	3.33437e-05	2.47498e-05	2
0.075	0.0261632	0.282529	0.491321	0.7428	1.94246e-05	3.29952e-05	2.47789e-05	2
0.076	0.0261632	0.282529	0.491321	0.7428	1.89939e-05	3.26615e-05	2.47776e-05	2
0.077	0.0261632	0.282529	0.491321	0.7428	1.85726e-05	3.23338e-05	2.47132e-05	2
0.078	0.0261632	0.282529	0.491321	0.7428	1.81788e-05	3.20261e-05	2.46551e-05	2
0.079	0.0261632	0.282529	0.491321	0.7428	1.7812e-05	3.1738e-05	2.46036e-05	2
0.08	0.0261632	0.282529	0.491321	0.7428	1.74744e-05	3.14709e-05	2.4561e-05	2
0.081	0.0261632	0.282529	0.491321	0.7428	1.71565e-05	3.12182e-05	2.45213e-05	2
0.082	0.0261632	0.282529	0.491321	0.7428	1.68354e-05	3.09622e-05	2.44846e-05	2
0.083	0.0261632	0.282529	0.491321	0.7428	1.64302e-05	3.06423e-05	2.44486e-05	2
0.084	0.0261632	0.282529	0.491321	0.7428	1.60521e-05	3.03423e-05	2.44173e-05	2
0.085	0.0261632	0.282529	0.491321	0.7428	1.56917e-05	3.00557e-05	2.43776e-05	2
0.086	0.0261632	0.282529	0.491321	0.7428	1.52984e-05	2.97482e-05	2.42426e-05	2
0.087	0.0261632	0.282529	0.491321	0.7428	1.49297e-05	2.94592e-05	2.41245e-05	2
0.088	0.0261632	0.282529	0.491321	0.7428	1.45847e-05	2.9188e-05	2.40179e-05	2
0.089	0.0261632	0.282529	0.491321	0.7428	1.43166e-05	2.8976e-05	2.38573e-05	2
0.09	0.0261632	0.282529	0.491321	0.7428	1.40592e-05	2.87769e-05	2.37138e-05	2
0.091	0.0261632	0.282529	0.491321	0.7428	1.38133e-05	2.85858e-05	2.35842e-05	2
0.092	0.0261632	0.282529	0.491321	0.7428	1.35962e-05	2.8416e-05	2.34107e-05	2
0.093	0.0261632	0.282529	0.491321	0.7428	1.33867e-05	2.82509e-05	2.32528e-05	2
0.094	0.0261632	0.282529	0.491321	0.7428	1.31842e-05	2.80904e-05	2.31099e-05	2
0.095	0.0261632	0.282529	0.491321	0.7428	1.30697e-05	2.79956e-05	2.2924e-05	2
0.096	0.0261632	0.282529	0.491321	0.7428	1.29625e-05	2.79054e-05	2.27462e-05	2
0.097	0.0261632	0.282529	0.491321	0.7428	1.28554e-05	2.78146e-05	2.25807e-05	2
0.098	0.0261632	0.282529	0.491321	0.7428	1.27932e-05	2.77585e-05	2.2422e-05	2
0.099	0.0261632	0.282529	0.491321	0.7428	1.27375e-05	2.77073e-05	2.22704e-05	2
0.1	0.0261632	0.282529	0.491321	0.7428	1.26809e-05	2.76555e-05	2.21262e-05	2
0.101	0.0261632	0.282529	0.491321	0.7428	1.26296e-05	2.76067e-05	2.19728e-05	2
0.102	0.0261632	0.282529	0.491321	0.7428	1.25785e-05	2.75576e-05	2.18232e-05	2
0.103	0.0261632	0.282529	0.491321	0.7428	1.2526e-05	2.75077e-05	2.16809e-05	2
0.104	0.0261632	0.282529	0.491321	0.7428	1.2527e-05	2.74994e-05	2.15231e-05	2
0.105	0.0261632	0.282529	0.491321	0.7428	1.2544e-05	2.75075e-05	2.13593e-05	2
0.106	0.0261632	0.282529	0.491321	0.7428	1.25585e-05	2.75141e-05	2.12003e-05	2
0.107	0.0261632	0.282529	0.491321	0.7428	1.25725e-05	2.75215e-05	2.1054e-05	2
0.108	0.0261632	0.282529	0.491321	0.7428	1.25855e-05	2.75301e-05	2.09148e-05	2
0.109	0.0261632	0.282529	0.491321	0.7428	1.25967e-05	2.75402e-05	2.07796e-05	2
0.11	0.0261632	0.282529	0.491321	0.7428	1.26239e-05	2.75639e-05	2.06393e-05	2
0.111	0.0261632	0.282529	0.491321	0.7428	1.26606e-05	2.75954e-05	2.04964e-05	2
0.112	0.0261632	0.282529	0.491321	0.7428	1.26953e-05	2.76259e-05	2.03566e-05	2
0.113	0.0261632	0.282529	0.491321	0.7428	1.27374e-05	2.76641e-05	2.02229e-05	2
0.114	0.0261632	0.282529	0.491321	0.7428	1.27855e-05	2.77087e-05	2.00938e-05	2
0.115	0.0261632	0.282529	0.491321	0.7428	1.28323e-05	2.77527e-05	1.99666e-05	2
0.116	0.0261632	0.282529	0.491321	0.7428	1.2871e-05	2.77914e-05	1.98474e-05	2
0.117	0.0261632	0.282529	0.491321	0.7428	1.29015e-05	2.78247e-05	1.97364e-05	2
0.118	0.0261632	0.282529	0.491321	0.7428	1.2931e-05	2.78578e-05	1.9627e-05	2
0.119	0.0261632	0.282529	0.491321	0.7428	1.29643e-05	2.78942e-05	1.95152e-05	2
0.12	0.0261632	0.282529	0.491321	0.7428	1.30027e-05	2.79351e-05	1.93993e-05	2
0.121	0.0261632	0.282529	0.491321	0.7428	1.304e-05	2.79758e-05	1.92848e-05	2
0.122	0.0261632	0.282529	0.491321	0.7428	1.30827e-05	2.80218e-05	1.91709e-05	2
0.123	0.0261632	0.282529	0.491321	0.7428	1.31353e-05	2.80772e-05	1.90566e-05	2
0.124	0.0261632	0.282529	0.491321	0.7428	1.31881e-05	2.81309e-05	1.89457e-05	2
0.125	0.0261632	0.282529	0.491321	0.7428	1.32364e-05	2.81817e-05	1.88399e-05	2
0.126	0.0261632	0.282529	0.491321	0.7428	1.32751e-05	2.82275e-05	1.87437e-05	2
0.127	0.0261632	0.282529	0.491321	0.7428	1.33133e-05	2.82746e-05	1.86495e-05	2
0.128	0.0261632	0.282529	0.491321	0.7428	1.33512e-05	2.83261e-05	1.85555e-05	2
0.129	0.0261632	0.282529	0.491321	0.7428	1.33896e-05	2.83801e-05	1.84605e-05	2
0.13	0.0261632	0.282529	0.491321	0.7428	1.34274e-05	2.84343e-05	1.83665e-05	2
0.131	0.0261632	0.282529	0.491321	0.7428	1.34652e-05	2.84891e-05	1.82734e-05	2
0.132	0.0261632	0.282529	0.491321	0.7428	1.35056e-05	2.8547e-05	1.81814e-05	2
0.133	0.0261632	0.282529	0.491321	0.7428	1.35454e-05	2.86049e-05	1.80902e-05	2
0.134	0.0261632	0.282529	0.491321	0.7428	1.35841e-05	2.86625e-05	1.80001e-05	2
0.135	0.0261632	0.282529	0.491321	0.7428	1.36189e-05	2.87175e-05	1.79128e-05	2
0.136	0.0261632	0.282529	0.491321	0.7428	1.36532e-05	2.87725e-05	1.78263e-05	2
0.137	0.0261632	0.282529	0.491321	0.7428	1.36874e-05	2.88281e-05	1.77402e-05	2
0.138	0.0261632	0.282529	0.491321	0.7428	1.37295e-05	2.88906e-05	1.765e-05	2
0.139	0.0261632	0.282529	0.491321	0.7428	1.3771e-05	2.89531e-05	1.75606e-05	2
0.14	0.0261632	0.282529	0.491321	0.7428	1.38119e-05	2.90156e-05	1.74717e-05	2
0.141	0.0261632	0.282529	0.491321	0.7428	1.38497e-05	2.90766e-05	1.73905e-05	2
0.142	0.0261632	0.282529	0.491321	0.7428	1.38871e-05	2.91377e-05	1.73098e-05	2
0.143	0.0261632	0.282529	0.491321	0.7428	1.39234e-05	2.92008e-05	1.72286e-05	2
0.144	0.0261632	0.282529	0.491321	0.7428	1.39589e-05	2.92654e-05	1.71477e-05	2
0.145	0.0261632	0.282529	0.491321	0.7428	1.39941e-05	2.933e-05	1.70677e-05	2
0.146	0.0261632	0.282529	0.491321	0.7428	1.40286e-05	2.93964e-05	1.69875e-05	2
0.147	0.0261632	0.282529	0.491321	0.7428	1.40617e-05	2.9468e-05	1.69085e-05	2
0.148	0.0261632	0.282529	0.491321	0.7428	1.40934e-05	2.95442e-05	1.68308e-05	2
0.149	0.0261632	0.282529	0.491321	0.7428	1.41248e-05	2.96204e-05	1.67537e-05	2
0.15	0.0261632	0.282529	0.491321	0.7428	1.41557e-05	2.96965e-05	1.6677e-05	2
0.151	0.0261632	0.282529	0.491321	0.7428	1.41863e-05	2.97726e-05	1.66009e-05	2
0.152	0.0261632	0.282529	0.491321	0.7428	1.42165e-05	2.98487e-05	1.65252e-05	2
0.153	0.0261632	0.282529	0.491321	0.7428	1.42464e-05	2.99247e-05	1.645e-05	2
0.154	0.0261632	0.282529	0.491321	0.7428	1.42759e-05	3.00007e-05	1.63753e-05	2
0.155	0.0261632	0.282529	0.491321	0.7428	1.4305e-05	3.00766e-05	1.63011e-05	2
0.156	0.0261632	0.282529	0.491321	0.7428	1.43338e-05	3.01524e-05	1.62273e-05	2
0.157	0.0261632	0.282529	0.491321	0.7428	1.43622e-05	3.02282e-05	1.6154e-05	2
0.158	0.0261632	0.282529	0.491321	0.7428	1.43903e-05	3.03039e-05	1.60811e-05	2
0.159	0.0261632	0.282529	0.491321	0.7428	1.44181e-05	3.03795e-05	1.60086e-05	2
0.16	0.0261632	0.282529	0.491321	0.7428	1.44472e-05	3.04562e-05	1.59372e-05	2
0.161	0.0261632	0.282529	0.491321	0.7428	1.44763e-05	3.0533e-05	1.58662e-05	2
0.162	0.0261632	0.282529	0.491321	0.7428	1.45051e-05	3.06098e-05	1.57957e-05	2
0.163	0.0261632	0.282529	0.491321	0.7428	1.45337e-05	3.06871e-05	1.57256e-05	2
0.164	0.0261632	0.282529	0.491321	0.7428	1.45619e-05	3.0765e-05	1.56557e-05	2
0.165	0.0261632	0.282529	0.491321	0.7428	1.459e-05	3.0844e-05	1.55864e-05	2
0.166	0.0261632	0.282529	0.491321	0.7428	1.4617e-05	3.09257e-05	1.55177e-05	2
0.167	0.0261632	0.282529	0.491321	0.7428	1.46439e-05	3.10112e-05	1.54488e-05	2
0.168	0.0261632	0.282529	0.491321	0.7428	1.46705e-05	3.10967e-05	1.53804e-05	2
0.169	0.0261632	0.282529	0.491321	0.7428	1.46968e-05	3.11822e-05	1.53123e-05	2
0.17	0.0261632	0.282529	0.491321	0.7428	1.47229e-05	3.12675e-05	1.52445e-05	2
0.171	0.0261632	0.282529	0.491321	0.7428	1.47487e-05	3.13527e-05	1.51771e-05	2
0.172	0.0261632	0.282529	0.491321	0.7428	1.47742e-05	3.14378e-05	1.511e-05	2
0.173	0.0261632	0.282529	0.491321	0.7428	1.47995e-05	3.15228e-05	1.50433e-05	2
0.174	0.0261632	0.282529	0.491321	0.7428	1.48245e-05	3.16077e-05	1.49768e-05	2
0.175	0.0261632	0.282529	0.491321	0.7428	1.48493e-05	3.16925e-05	1.49107e-05	2
0.176	0.0261632	0.282529	0.491321	0.7428	1.48738e-05	3.17772e-05	1.4845e-05	2
0.177	0.0261632	0.282529	0.491321	0.7428	1.48981e-05	3.18618e-05	1.47795e-05	2
0.178	0.0261632	0.282529	0.491321	0.7428	1.49222e-05	3.19463e-05	1.47143e-05	2
0.179	0.0261632	0.282529	0.491321	0.7428	1.49476e-05	3.20316e-05	1.46497e-05	2
0.18	0.0261632	0.282529	0.491321	0.7428	1.49736e-05	3.21173e-05	1.45854e-05	2
0.181	0.0261632	0.282529	0.491321	0.7428	1.49991e-05	3.22037e-05	1.4521e-05	2
0.182	0.0261632	0.282529	0.491321	0.7428	1.50235e-05	3.22935e-05	1.44556e-05	2
0.183	0.0261632	0.282529	0.491321	0.7428	1.50477e-05	3.23834e-05	1.43906e-05	2
0.184	0.0261632	0.282529	0.491321	0.7428	1.50714e-05	3.24751e-05	1.43256e-05	2
0.185	0.0261632	0.282529	0.491321	0.7428	1.50947e-05	3.25698e-05	1.4261e-05	2
0.186	0.0261632	0.282529	0.491321	0.7428	1.5116e-05	3.26744e-05	1.41983e-05	2
0.187	0.0261632	0.282529	0.491321	0.7428	1.51371e-05	3.27787e-05	1.41359e-05	2
0.188	0.0261632	0.282529	0.491321	0.7428	1.5158e-05	3.28826e-05	1.40738e-05	2
0.189	0.0261632	0.282529	0.491321	0.7428	1.51787e-05	3.29863e-05	1.4012e-05	2
0.19	0.0261632	0.282529	0.491321	0.7428	1.51992e-05	3.30897e-05	1.39504e-05	2
0.191	0.0261632	0.282529	0.491321	0.7428	1.52196e-05	3.31928e-05	1.38891e-05	2
0.192	0.0261632	0.282529	0.491321	0.7428	1.52398e-05	3.32956e-05	1.38281e-05	2
0.193	0.0261632	0.282529	0.491321	0.7428	1.52598e-05	3.3398e-05	1.37673e-05	2
0.194	0.0261632	0.282529	0.491321	0.7428	1.52796e-05	3.35002e-05	1.37068e-05	2
0.195	0.0261632	0.282529	0.491321	0.7428	1.52993e-05	3.36021e-05	1.36465e-05	2
0.196	0.0261632	0.282529	0.491321	0.7428	1.53188e-05	3.37037e-05	1.35865e-05	2
0.197	0.0261632	0.282529	0.491321	0.7428	1.53382e-05	3.3805e-05	1.35267e-05	2
0.198	0.0261632	0.282529	0.491321	0.7428	1.53579e-05	3.39059e-05	1.34678e-05	2
0.199	0.0261632	0.282529	0.491321	0.7428	1.53782e-05	3.40065e-05	1.34099e-05	2
0.2	0.0261632	0.282529	0.491321	0.7428	1.53984e-05	3.41068e-05	1.33523e-05	2
0.201	0.0261632	0.282529	0.491321	0.7428	1.54156e-05	3.42077e-05	1.32912e-05	2
0.202	0.0261632	0.282529	0.491321	0.7428	1.54326e-05	3.43085e-05	1.32302e-05	2
0.203	0.0261632	0.282529	0.491321	0.7428	1.54491e-05	3.44097e-05	1.31691e-05	2
0.204	0.0261632	0.282529	0.491321	0.7428	1.54652e-05	3.45135e-05	1.31078e-05	2
0.205	0.0261632	0.282529	0.491321	0.7428	1.54803e-05	3.4623e-05	1.30477e-05	2
0.206	0.0261632	0.282529	0.491321	0.7428	1.54952e-05	3.47326e-05	1.2988e-05	2
0.207	0.0261632	0.282529	0.491321	0.7428	1.551e-05	3.48416e-05	1.29285e-05	2
0.208	0.0261632	0.282529	0.491321	0.7428	1.55246e-05	3.49502e-05	1.28693e-05	2
0.209	0.0261632	0.282529	0.491321	0.7428	1.55392e-05	3.50583e-05	1.28104e-05	2
0.21	0.0261632	0.282529	0.491321	0.7428	1.55537e-05	3.51659e-05	1.27517e-05	2
0.211	0.0261632	0.282529	0.491321	0.7428	1.55682e-05	3.52685e-05	1.26935e-05	2
0.212	0.0261632	0.282529	0.491321	0.7428	1.55827e-05	3.53707e-05	1.26357e-05	2
0.213	0.0261632	0.282529	0.491321	0.7428	1.5597e-05	3.54725e-05	1.25781e-05	2
0.214	0.0261632	0.282529	0.491321	0.7428	1.56113e-05	3.55738e-05	1.25207e-05	2
0.215	0.0261632	0.282529	0.491321	0.7428	1.56255e-05	3.56746e-05	1.24636e-05	2
0.216	0.0261632	0.282529	0.491321	0.7428	1.56396e-05	3.5775e-05	1.24068e-05	2
0.217	0.0261632	0.282529	0.491321	0.7428	1.56534e-05	3.58747e-05	1.23506e-05	2
0.218	0.0261632	0.282529	0.491321	0.7428	1.56667e-05	3.59729e-05	1.22957e-05	2
0.219	0.0261632	0.282529	0.491321	0.7428	1.56799e-05	3.60707e-05	1.22409e-05	2
0.22	0.0261632	0.282529	0.491321	0.7428	1.51945e-05	7.12961e-05	1.51945e-05	2
0.221	0.0261632	0.282529	0.491321	0.7428	1.57084e-05	3.6263e-05	1.21347e-05	2
0.222	0.0261632	0.282529	0.491321	0.7428	1.57241e-05	3.63579e-05	1.20836e-05	2
0.223	0.0261632	0.282529	0.491321	0.7428	1.57392e-05	3.6455e-05	1.2032e-05	2
0.224	0.0261632	0.282529	0.491321	0.7428	1.57544e-05	3.65626e-05	1.19795e-05	2
0.225	0.0261632	0.282529	0.491321	0.7428	1.57697e-05	3.66731e-05	1.19269e-05	2
0.226	0.0261632	0.282529	0.491321	0.7428	1.5785e-05	3.67832e-05	1.18746e-05	2
0.227	0.0261632	0.282529	0.491321	0.7428	1.58001e-05	3.68928e-05	1.18226e-05	2
0.228	0.0261632	0.282529	0.491321	0.7428	1.58152e-05	3.70021e-05	1.17708e-05	2
0.229	0.0261632	0.282529	0.491321	0.7428	1.58303e-05	3.71109e-05	1.17192e-05	2
0.23	0.0261632	0.282529	0.491321	0.7428	1.58453e-05	3.72193e-05	1.16678e-05	2
0.231	0.0261632	0.282529	0.491321	0.7428	1.58602e-05	3.73267e-05	1.16167e-05	2
0.232	0.0261632	0.282529	0.491321	0.7428	1.58751e-05	3.74337e-05	1.15658e-05	2
0.233	0.0261632	0.282529	0.491321	0.7428	1.58899e-05	3.75403e-05	1.15151e-05	2
0.234	0.0261632	0.282529	0.491321	0.7428	1.59047e-05	3.76464e-05	1.14647e-05	2
0.235	0.0261632	0.282529	0.491321	0.7428	1.59195e-05	3.77522e-05	1.14145e-05	2
0.236	0.0261632	0.282529	0.491321	0.7428	1.59342e-05	3.78576e-05	1.13645e-05	2
0.237	0.0261632	0.282529	0.491321	0.7428	1.59492e-05	3.79625e-05	1.13148e-05	2
0.238	0.0261632	0.282529	0.491321	0.7428	1.59642e-05	3.80669e-05	1.12652e-05	2
0.239	0.0261632	0.282529	0.491321	0.7428	1.59791e-05	3.81709e-05	1.12158e-05	2
0.24	0.0261632	0.282529	0.491321	0.7428	1.59946e-05	3.82769e-05	1.11672e-05	2
0.241	0.0261632	0.282529	0.491321	0.7428	1.60103e-05	3.83844e-05	1.11194e-05	2
0.242	0.0261632	0.282529	0.491321	0.7428	1.60263e-05	3.84949e-05	1.10722e-05	2
0.243	0.0261632	0.282529	0.491321	0.7428	1.60403e-05	3.86196e-05	1.10269e-05	2
0.244	0.0261632	0.282529	0.491321	0.7428	1.60531e-05	3.8753e-05	1.09836e-05	2
0.245	0.0261632	0.282529	0.491321	0.7428	1.6066e-05	3.88858e-05	1.09406e-05	2
0.246	0.0261632	0.282529	0.491321	0.7428	1.60788e-05	3.9018e-05	1.08977e-05	2
0.247	0.0261632	0.282529	0.491321	0.7428	1.60916e-05	3.91497e-05	1.0855e-05	2
0.248	0.0261632	0.282529	0.491321	0.7428	1.61044e-05	3.92808e-05	1.08126e-05	2
0.249	0.0261632	0.282529	0.491321	0.7428	1.61172e-05	3.94114e-05	1.07703e-05	2
0.25	0.0261632	0.282529	0.491321	0.7428	1.613e-05	3.95415e-05	1.07283e-05	2
0.251	0.0261632	0.282529	0.491321	0.7428	1.61428e-05	3.9671e-05	1.06865e-05	2
0.252	0.0261632	0.282529	0.491321	0.7428	1.61556e-05	3.98e-05	1.06449e-05	2
0.253	0.0261632	0.282529	0.491321	0.7428	1.61683e-05	3.99284e-05	1.06035e-05	2
0.254	0.0261632	0.282529	0.491321	0.7428	1.61811e-05	4.00564e-05	1.05623e-05	2
0.255	0.0261632	0.282529	0.491321	0.7428	1.61939e-05	4.01838e-05	1.05213e-05	2
0.256	0.0261632	0.282529	0.491321	0.7428	1.62075e-05	4.03106e-05	1.04807e-05	2
0.257	0.0261632	0.282529	0.491321	0.7428	1.62211e-05	4.04369e-05	1.04403e-05	2
0.258	0.0261632	0.282529	0.491321	0.7428	1.62347e-05	4.05626e-05	1.04002e-05	2
0.259	0.0261632	0.282529	0.491321	0.7428	1.62482e-05	4.06882e-05	1.036e-05	2
0.26	0.0261632	0.282529	0.491321	0.7428	1.62614e-05	4.08142e-05	1.03198e-05	2
0.261	0.0261632	0.282529	0.491321	0.7428	1.62739e-05	4.09425e-05	1.0279e-05	2
0.262	0.0261632	0.282529	0.491321	0.7428	1.6284e-05	4.10832e-05	1.02401e-05	2
0.263	0.0261632	0.282529	0.491321	0.7428	1.62912e-05	4.12376e-05	1.02059e-05	2
0.264	0.0261632	0.282529	0.491321	0.7428	1.62986e-05	4.13913e-05	1.0172e-05	2
0.265	0.0261632	0.282529	0.491321	0.7428	1.6306e-05	4.15442e-05	1.01383e-05	2
0.266	0.0261632	0.282529	0.491321	0.7428	1.63135e-05	4.16962e-05	1.01049e-05	2
0.267	0.0261632	0.282529	0.491321	0.7428	1.63211e-05	4.18475e-05	1.00717e-05	2
0.268	0.0261632	0.282529	0.491321	0.7428	1.63288e-05	4.19979e-05	1.00387e-05	2
0.269	0.0261632	0.282529	0.491321	0.7428	1.63365e-05	4.21476e-05	1.00059e-05	2
0.27	0.0261632	0.282529	0.491321	0.7428	1.63444e-05	4.22965e-05	9.9733e-06	2
0.271	0.0261632	0.282529	0.491321	0.7428	1.63523e-05	4.24447e-05	9.94095e-06	2
0.272	0.0261632	0.282529	0.491321	0.7428	1.63603e-05	4.25921e-05	9.90881e-06	2
0.273	0.0261632	0.282529	0.491321	0.7428	1.63684e-05	4.27387e-05	9.87689e-06	2
0.274	0.0261632	0.282529	0.491321	0.7428	1.63767e-05	4.28846e-05	9.84517e-06	2
0.275	0.0261632	0.282529	0.491321	0.7428	1.63849e-05	4.30293e-05	9.81406e-06	2
0.276	0.0261632	0.282529	0.491321	0.7428	1.63934e-05	4.31723e-05	9.78305e-06	2
0.277	0.0261632	0.282529	0.491321	0.7428	1.6402e-05	4.33145e-05	9.75231e-06	2
0.278	0.0261632	0.282529	0.491321	0.7428	1.6411e-05	4.3457e-05	9.72197e-06	2
0.279	0.0261632	0.282529	0.491321	0.7428	1.64204e-05	4.35999e-05	9.69202e-06	2
0.28	0.0261632	0.282529	0.491321	0.7428	1.64296e-05	4.3742e-05	9.66189e-06	2
0.281	0.0261632	0.282529	0.491321	0.7428	1.64375e-05	4.38958e-05	9.63212e-06	2
0.282	0.0261632	0.282529	0.491321	0.7428	1.64427e-05	4.40659e-05	9.60838e-06	2
0.283	0.0261632	0.282529	0.491321	0.7428	1.6448e-05	4.4235e-05	9.58494e-06	2
0.284	0.0261632	0.282529	0.491321	0.7428	1.64516e-05	4.44039e-05	9.56041e-06	2
0.285	0.0261632	0.282529	0.491321	0.7428	1.64553e-05	4.45718e-05	9.53606e-06	2
0.286	0.0261632	0.282529	0.491321	0.7428	1.64592e-05	4.47387e-05	9.51197e-06	2
0.287	0.0261632	0.282529	0.491321	0.7428	1.6464e-05	4.49048e-05	9.4886e-06	2
0.288	0.0261632	0.282529	0.491321	0.7428	1.64691e-05	4.507e-05	9.46555e-06	2
0.289	0.0261632	0.282529	0.491321	0.7428	1.64745e-05	4.52343e-05	9.44269e-06	2
0.29	0.0261632	0.282529	0.491321	0.7428	1.64789e-05	4.54007e-05	9.41919e-06	2
0.291	0.0261632	0.282529	0.491321	0.7428	1.64834e-05	4.55668e-05	9.39574e-06	2
0.292	0.0261632	0.282529	0.491321	0.7428	1.64881e-05	4.5732e-05	9.37253e-06	2
0.293	0.0261632	0.282529	0.491321	0.7428	1.64929e-05	4.5895e-05	9.34957e-06	2
0.294	0.0261632	0.282529	0.491321	0.7428	1.64984e-05	4.60566e-05	9.32693e-06	2
0.295	0.0261632	0.282529	0.491321	0.7428	1.65044e-05	4.62173e-05	9.30455e-06	2
0.296	0.0261632	0.282529	0.491321	0.7428	1.65116e-05	4.63824e-05	9.28266e-06	2
0.297	0.0261632	0.282529	0.491321	0.7428	1.65191e-05	4.65489e-05	9.26088e-06	2
0.298	0.0261632	0.282529	0.491321	0.7428	1.6526e-05	4.67144e-05	9.23853e-06	2
0.299	0.0261632	0.282529	0.491321	0.7428	1.65307e-05	4.68857e-05	9.21443e-06	2
0.3	0.0261632	0.282529	0.491321	0.7428	1.6534e-05	4.70587e-05	9.18936e-06	2
