# Initial no freqs: 1
# Initial no harmonics: 1
# LO frequency set up
# Setting bias
# IF frequency set up
# USB frequency set up
# LSB frequency set up
# Vdc[n-1]: 3 vGap: 1
# starting normalisation at 2.76735
# Response function set
# 
# Mixer currents curve
# IF Freq | Unpumped DC | KK | DC Current | Pump Current | IF Current | Signal Current | Image Current | DC dynamic impedance | Iterations
0.001	0.105881	0.999345	0.574888	0.849706	4.67728e-05	8.66807e-05	0.000103707	1
0.002	0.105881	0.999345	0.574888	0.849706	4.672e-05	8.6977e-05	0.000103521	2
0.003	0.105881	0.999345	0.574888	0.849706	4.66801e-05	8.72691e-05	0.00010336	2
0.004	0.105881	0.999345	0.574888	0.849706	4.4551e-05	8.52443e-05	9.97528e-05	2
0.005	0.105881	0.999345	0.574888	0.849706	4.30816e-05	8.42021e-05	9.7121e-05	2
0.006	0.105881	0.999345	0.574888	0.849706	4.21318e-05	8.36581e-05	9.53951e-05	2
0.007	0.105881	0.999345	0.574888	0.849706	4.1857e-05	8.39139e-05	9.48588e-05	2
0.008	0.105881	0.999345	0.574888	0.849706	4.16892e-05	8.42418e-05	9.44983e-05	2
0.009	0.105881	0.999345	0.574888	0.849706	4.15448e-05	8.45651e-05	9.4163e-05	2
0.01	0.105881	0.999345	0.574888	0.849706	4.1106e-05	8.52326e-05	9.36283e-05	2
0.011	0.105881	0.999345	0.574888	0.849706	4.06768e-05	8.58837e-05	9.31091e-05	2
0.012	0.105881	0.999345	0.574888	0.849706	4.0311e-05	8.64776e-05	9.26358e-05	2
0.013	0.105881	0.999345	0.574888	0.849706	3.99561e-05	8.67427e-05	9.20491e-05	2
0.014	0.105881	0.999345	0.574888	0.849706	3.96378e-05	8.69221e-05	9.14835e-05	2
0.015	0.105881	0.999345	0.574888	0.849706	3.93547e-05	8.71038e-05	9.09768e-05	2
0.016	0.105881	0.999345	0.574888	0.849706	3.93866e-05	8.85757e-05	9.12763e-05	2
0.017	0.105881	0.999345	0.574888	0.849706	3.95189e-05	9.04398e-05	9.18199e-05	2
0.018	0.105881	0.999345	0.574888	0.849706	3.96255e-05	9.21311e-05	9.22721e-05	2
0.019	0.105881	0.999345	0.574888	0.849706	3.91612e-05	9.355e-05	9.19547e-05	2
0.02	0.105881	0.999345	0.574888	0.849706	3.83692e-05	9.4621e-05	9.09468e-05	2
0.021	0.105881	0.999345	0.574888	0.849706	3.76354e-05	9.55044e-05	8.99317e-05	2
0.022	0.105881	0.999345	0.574888	0.849706	3.683e-05	9.57836e-05	8.8646e-05	2
0.023	0.105881	0.999345	0.574888	0.849706	3.60155e-05	9.57094e-05	8.72538e-05	2
0.024	0.105881	0.999345	0.574888	0.849706	3.52569e-05	9.56628e-05	8.59127e-05	2
0.025	0.105881	0.999345	0.574888	0.849706	3.46816e-05	9.60743e-05	8.49777e-05	2
0.026	0.105881	0.999345	0.574888	0.849706	3.42583e-05	9.68488e-05	8.43743e-05	2
0.027	0.105881	0.999345	0.574888	0.849706	3.38639e-05	9.75454e-05	8.37957e-05	2
0.028	0.105881	0.999345	0.574888	0.849706	3.32361e-05	9.81663e-05	8.29391e-05	2
0.029	0.105881	0.999345	0.574888	0.849706	3.23639e-05	9.86943e-05	8.17907e-05	2
0.03	0.105881	0.999345	0.574888	0.849706	3.15731e-05	9.91483e-05	8.0727e-05	2
0.031	0.105881	0.999345	0.574888	0.849706	3.07003e-05	9.9225e-05	7.94588e-05	2
0.032	0.105881	0.999345	0.574888	0.849706	2.96934e-05	9.88448e-05	7.78991e-05	2
0.033	0.105881	0.999345	0.574888	0.849706	2.87965e-05	9.85384e-05	7.65067e-05	2
0.034	0.105881	0.999345	0.574888	0.849706	2.79359e-05	9.83378e-05	7.52082e-05	2
0.035	0.105881	0.999345	0.574888	0.849706	2.70446e-05	9.82455e-05	7.39225e-05	2
0.036	0.105881	0.999345	0.574888	0.849706	2.62367e-05	9.81608e-05	7.27431e-05	2
0.037	0.105881	0.999345	0.574888	0.849706	2.53583e-05	9.77892e-05	7.14027e-05	2
0.038	0.105881	0.999345	0.574888	0.849706	2.41915e-05	9.67101e-05	6.95181e-05	2
0.039	0.105881	0.999345	0.574888	0.849706	2.31486e-05	9.57883e-05	6.77969e-05	2
0.04	0.105881	0.999345	0.574888	0.849706	2.22296e-05	9.4965e-05	6.62429e-05	2
0.041	0.105881	0.999345	0.574888	0.849706	2.14573e-05	9.41226e-05	6.48628e-05	2
0.042	0.105881	0.999345	0.574888	0.849706	2.07569e-05	9.34151e-05	6.36232e-05	2
0.043	0.105881	0.999345	0.574888	0.849706	2.00754e-05	9.27554e-05	6.24288e-05	2
0.044	0.105881	0.999345	0.574888	0.849706	1.92501e-05	9.19431e-05	6.10387e-05	2
0.045	0.105881	0.999345	0.574888	0.849706	1.85048e-05	9.12758e-05	5.98001e-05	2
0.046	0.105881	0.999345	0.574888	0.849706	1.78172e-05	9.06737e-05	5.86594e-05	2
0.047	0.105881	0.999345	0.574888	0.849706	1.70689e-05	8.96221e-05	5.72969e-05	2
0.048	0.105881	0.999345	0.574888	0.849706	1.63805e-05	8.8742e-05	5.60671e-05	2
0.049	0.105881	0.999345	0.574888	0.849706	1.57468e-05	8.80006e-05	5.49538e-05	2
0.05	0.105881	0.999345	0.574888	0.849706	1.52201e-05	8.71257e-05	5.39025e-05	2
0.051	0.105881	0.999345	0.574888	0.849706	1.47214e-05	8.63689e-05	5.29276e-05	2
0.052	0.105881	0.999345	0.574888	0.849706	1.4249e-05	8.57146e-05	5.20238e-05	2
0.053	0.105881	0.999345	0.574888	0.849706	1.3787e-05	8.48525e-05	5.1044e-05	2
0.054	0.105881	0.999345	0.574888	0.849706	1.33428e-05	8.40866e-05	5.01207e-05	2
0.055	0.105881	0.999345	0.574888	0.849706	1.29168e-05	8.34213e-05	4.92579e-05	2
0.056	0.105881	0.999345	0.574888	0.849706	1.2651e-05	8.26503e-05	4.8504e-05	2
0.057	0.105881	0.999345	0.574888	0.849706	1.24011e-05	8.19184e-05	4.77786e-05	2
0.058	0.105881	0.999345	0.574888	0.849706	1.21495e-05	8.12368e-05	4.70664e-05	2
0.059	0.105881	0.999345	0.574888	0.849706	1.19887e-05	8.06609e-05	4.64884e-05	2
0.06	0.105881	0.999345	0.574888	0.849706	1.18438e-05	8.01309e-05	4.59468e-05	2
0.061	0.105881	0.999345	0.574888	0.849706	1.16969e-05	7.96327e-05	4.54175e-05	2
0.062	0.105881	0.999345	0.574888	0.849706	1.15415e-05	7.91718e-05	4.48937e-05	2
0.063	0.105881	0.999345	0.574888	0.849706	1.13832e-05	7.87442e-05	4.43807e-05	2
0.064	0.105881	0.999345	0.574888	0.849706	1.12249e-05	7.83455e-05	4.38828e-05	2
0.065	0.105881	0.999345	0.574888	0.849706	1.10978e-05	7.7885e-05	4.33823e-05	2
0.066	0.105881	0.999345	0.574888	0.849706	1.09808e-05	7.74154e-05	4.28838e-05	2
0.067	0.105881	0.999345	0.574888	0.849706	1.08618e-05	7.69721e-05	4.23949e-05	2
0.068	0.105881	0.999345	0.574888	0.849706	1.08005e-05	7.65225e-05	4.19574e-05	2
0.069	0.105881	0.999345	0.574888	0.849706	1.07678e-05	7.60722e-05	4.15452e-05	2
0.07	0.105881	0.999345	0.574888	0.849706	1.07317e-05	7.56368e-05	4.11341e-05	2
0.071	0.105881	0.999345	0.574888	0.849706	1.07163e-05	7.52522e-05	4.07724e-05	2
0.072	0.105881	0.999345	0.574888	0.849706	1.07148e-05	7.49023e-05	4.04443e-05	2
0.073	0.105881	0.999345	0.574888	0.849706	1.07108e-05	7.45613e-05	4.01172e-05	2
0.074	0.105881	0.999345	0.574888	0.849706	1.07056e-05	7.42569e-05	3.98063e-05	2
0.075	0.105881	0.999345	0.574888	0.849706	1.06996e-05	7.3983e-05	3.95132e-05	2
0.076	0.105881	0.999345	0.574888	0.849706	1.06918e-05	7.37166e-05	3.92223e-05	2
0.077	0.105881	0.999345	0.574888	0.849706	1.068e-05	7.3452e-05	3.89279e-05	2
0.078	0.105881	0.999345	0.574888	0.849706	1.06638e-05	7.31875e-05	3.8629e-05	2
0.079	0.105881	0.999345	0.574888	0.849706	1.0646e-05	7.29314e-05	3.83332e-05	2
0.08	0.105881	0.999345	0.574888	0.849706	1.06424e-05	7.26675e-05	3.80464e-05	2
0.081	0.105881	0.999345	0.574888	0.849706	1.06596e-05	7.2387e-05	3.77691e-05	2
0.082	0.105881	0.999345	0.574888	0.849706	1.06752e-05	7.21126e-05	3.74922e-05	2
0.083	0.105881	0.999345	0.574888	0.849706	1.0694e-05	7.18524e-05	3.72278e-05	2
0.084	0.105881	0.999345	0.574888	0.849706	1.07203e-05	7.16129e-05	3.69853e-05	2
0.085	0.105881	0.999345	0.574888	0.849706	1.07454e-05	7.13776e-05	3.67437e-05	2
0.086	0.105881	0.999345	0.574888	0.849706	1.07724e-05	7.11517e-05	3.65102e-05	2
0.087	0.105881	0.999345	0.574888	0.849706	1.08068e-05	7.09416e-05	3.62956e-05	2
0.088	0.105881	0.999345	0.574888	0.849706	1.084e-05	7.07347e-05	3.60818e-05	2
0.089	0.105881	0.999345	0.574888	0.849706	1.08695e-05	7.0537e-05	3.58698e-05	2
0.09	0.105881	0.999345	0.574888	0.849706	1.08888e-05	7.03625e-05	3.56631e-05	2
0.091	0.105881	0.999345	0.574888	0.849706	1.09071e-05	7.01913e-05	3.54577e-05	2
0.092	0.105881	0.999345	0.574888	0.849706	1.09273e-05	7.00194e-05	3.52542e-05	2
0.093	0.105881	0.999345	0.574888	0.849706	1.09598e-05	6.983e-05	3.50488e-05	2
0.094	0.105881	0.999345	0.574888	0.849706	1.09913e-05	6.96434e-05	3.48441e-05	2
0.095	0.105881	0.999345	0.574888	0.849706	1.10223e-05	6.94619e-05	3.46424e-05	2
0.096	0.105881	0.999345	0.574888	0.849706	1.1055e-05	6.93025e-05	3.44594e-05	2
0.097	0.105881	0.999345	0.574888	0.849706	1.10868e-05	6.91445e-05	3.42766e-05	2
0.098	0.105881	0.999345	0.574888	0.849706	1.11177e-05	6.89892e-05	3.40951e-05	2
0.099	0.105881	0.999345	0.574888	0.849706	1.11467e-05	6.88454e-05	3.39202e-05	2
0.1	0.105881	0.999345	0.574888	0.849706	1.11748e-05	6.87044e-05	3.37452e-05	2
0.101	0.105881	0.999345	0.574888	0.849706	1.12017e-05	6.85674e-05	3.35673e-05	2
0.102	0.105881	0.999345	0.574888	0.849706	1.12273e-05	6.84386e-05	3.33945e-05	2
0.103	0.105881	0.999345	0.574888	0.849706	1.12536e-05	6.83132e-05	3.32234e-05	2
0.104	0.105881	0.999345	0.574888	0.849706	1.12801e-05	6.81907e-05	3.30535e-05	2
0.105	0.105881	0.999345	0.574888	0.849706	1.13059e-05	6.80685e-05	3.2883e-05	2
0.106	0.105881	0.999345	0.574888	0.849706	1.13312e-05	6.79482e-05	3.27135e-05	2
0.107	0.105881	0.999345	0.574888	0.849706	1.13558e-05	6.78298e-05	3.25451e-05	2
0.108	0.105881	0.999345	0.574888	0.849706	1.13873e-05	6.77043e-05	3.23786e-05	2
0.109	0.105881	0.999345	0.574888	0.849706	1.14195e-05	6.75791e-05	3.2213e-05	2
0.11	0.105881	0.999345	0.574888	0.849706	1.14498e-05	6.74539e-05	3.20459e-05	2
0.111	0.105881	0.999345	0.574888	0.849706	1.14851e-05	6.73373e-05	3.18905e-05	2
0.112	0.105881	0.999345	0.574888	0.849706	1.15193e-05	6.72214e-05	3.17352e-05	2
0.113	0.105881	0.999345	0.574888	0.849706	1.15531e-05	6.71068e-05	3.15807e-05	2
0.114	0.105881	0.999345	0.574888	0.849706	1.15884e-05	6.69963e-05	3.14313e-05	2
0.115	0.105881	0.999345	0.574888	0.849706	1.16239e-05	6.68881e-05	3.12842e-05	2
0.116	0.105881	0.999345	0.574888	0.849706	1.16585e-05	6.67793e-05	3.1137e-05	2
0.117	0.105881	0.999345	0.574888	0.849706	1.16912e-05	6.66765e-05	3.09927e-05	2
0.118	0.105881	0.999345	0.574888	0.849706	1.17227e-05	6.65773e-05	3.08501e-05	2
0.119	0.105881	0.999345	0.574888	0.849706	1.17537e-05	6.64793e-05	3.07081e-05	2
0.12	0.105881	0.999345	0.574888	0.849706	1.17867e-05	6.63793e-05	3.05659e-05	2
0.121	0.105881	0.999345	0.574888	0.849706	1.18216e-05	6.62789e-05	3.04256e-05	2
0.122	0.105881	0.999345	0.574888	0.849706	1.18561e-05	6.61796e-05	3.02858e-05	2
0.123	0.105881	0.999345	0.574888	0.849706	1.18888e-05	6.60852e-05	3.01477e-05	2
0.124	0.105881	0.999345	0.574888	0.849706	1.19198e-05	6.59948e-05	3.00111e-05	2
0.125	0.105881	0.999345	0.574888	0.849706	1.19504e-05	6.59056e-05	2.9875e-05	2
0.126	0.105881	0.999345	0.574888	0.849706	1.19823e-05	6.58161e-05	2.97403e-05	2
0.127	0.105881	0.999345	0.574888	0.849706	1.20155e-05	6.57264e-05	2.9607e-05	2
0.128	0.105881	0.999345	0.574888	0.849706	1.20486e-05	6.56378e-05	2.94744e-05	2
0.129	0.105881	0.999345	0.574888	0.849706	1.20817e-05	6.55523e-05	2.93445e-05	2
0.13	0.105881	0.999345	0.574888	0.849706	1.21151e-05	6.54704e-05	2.92181e-05	2
0.131	0.105881	0.999345	0.574888	0.849706	1.21484e-05	6.53896e-05	2.90928e-05	2
0.132	0.105881	0.999345	0.574888	0.849706	1.21814e-05	6.53116e-05	2.89696e-05	2
0.133	0.105881	0.999345	0.574888	0.849706	1.22135e-05	6.52376e-05	2.88489e-05	2
0.134	0.105881	0.999345	0.574888	0.849706	1.22453e-05	6.51645e-05	2.87285e-05	2
0.135	0.105881	0.999345	0.574888	0.849706	1.2277e-05	6.5092e-05	2.86095e-05	2
0.136	0.105881	0.999345	0.574888	0.849706	1.23087e-05	6.50207e-05	2.84917e-05	2
0.137	0.105881	0.999345	0.574888	0.849706	1.234e-05	6.49502e-05	2.83742e-05	2
0.138	0.105881	0.999345	0.574888	0.849706	1.23709e-05	6.4881e-05	2.82574e-05	2
0.139	0.105881	0.999345	0.574888	0.849706	1.24004e-05	6.4815e-05	2.81401e-05	2
0.14	0.105881	0.999345	0.574888	0.849706	1.24296e-05	6.475e-05	2.80231e-05	2
0.141	0.105881	0.999345	0.574888	0.849706	1.24592e-05	6.46855e-05	2.79069e-05	2
0.142	0.105881	0.999345	0.574888	0.849706	1.24941e-05	6.46227e-05	2.77947e-05	2
0.143	0.105881	0.999345	0.574888	0.849706	1.25296e-05	6.45612e-05	2.76834e-05	2
0.144	0.105881	0.999345	0.574888	0.849706	1.25651e-05	6.44999e-05	2.75723e-05	2
0.145	0.105881	0.999345	0.574888	0.849706	1.26025e-05	6.44365e-05	2.74616e-05	2
0.146	0.105881	0.999345	0.574888	0.849706	1.26397e-05	6.43737e-05	2.73509e-05	2
0.147	0.105881	0.999345	0.574888	0.849706	1.26763e-05	6.43119e-05	2.72402e-05	2
0.148	0.105881	0.999345	0.574888	0.849706	1.27107e-05	6.42545e-05	2.71307e-05	2
0.149	0.105881	0.999345	0.574888	0.849706	1.27449e-05	6.41976e-05	2.70216e-05	2
0.15	0.105881	0.999345	0.574888	0.849706	1.27789e-05	6.41417e-05	2.69124e-05	2
0.151	0.105881	0.999345	0.574888	0.849706	1.28131e-05	6.40987e-05	2.68132e-05	2
0.152	0.105881	0.999345	0.574888	0.849706	1.28471e-05	6.40562e-05	2.67143e-05	2
0.153	0.105881	0.999345	0.574888	0.849706	1.28809e-05	6.40142e-05	2.66155e-05	2
0.154	0.105881	0.999345	0.574888	0.849706	1.29143e-05	6.39716e-05	2.65166e-05	2
0.155	0.105881	0.999345	0.574888	0.849706	1.29472e-05	6.39286e-05	2.64173e-05	2
0.156	0.105881	0.999345	0.574888	0.849706	1.298e-05	6.38861e-05	2.63183e-05	2
0.157	0.105881	0.999345	0.574888	0.849706	1.30126e-05	6.3844e-05	2.62195e-05	2
0.158	0.105881	0.999345	0.574888	0.849706	1.3045e-05	6.38035e-05	2.61196e-05	2
0.159	0.105881	0.999345	0.574888	0.849706	1.30772e-05	6.37641e-05	2.60193e-05	2
0.16	0.105881	0.999345	0.574888	0.849706	1.31092e-05	6.3725e-05	2.59192e-05	2
0.161	0.105881	0.999345	0.574888	0.849706	1.31411e-05	6.36864e-05	2.58193e-05	2
0.162	0.105881	0.999345	0.574888	0.849706	1.31728e-05	6.36481e-05	2.57201e-05	2
0.163	0.105881	0.999345	0.574888	0.849706	1.32043e-05	6.36102e-05	2.5621e-05	2
0.164	0.105881	0.999345	0.574888	0.849706	1.32356e-05	6.35728e-05	2.5522e-05	2
0.165	0.105881	0.999345	0.574888	0.849706	4.49837e-06	6.17671e-05	4.49837e-06	2
0.166	0.105881	0.999345	0.574888	0.849706	1.32981e-05	6.34993e-05	2.53246e-05	2
0.167	0.105881	0.999345	0.574888	0.849706	1.33292e-05	6.34633e-05	2.52261e-05	2
0.168	0.105881	0.999345	0.574888	0.849706	1.33602e-05	6.34278e-05	2.51278e-05	2
0.169	0.105881	0.999345	0.574888	0.849706	1.33909e-05	6.33926e-05	2.50292e-05	2
0.17	0.105881	0.999345	0.574888	0.849706	1.34212e-05	6.33582e-05	2.49296e-05	2
0.171	0.105881	0.999345	0.574888	0.849706	1.34515e-05	6.33242e-05	2.48301e-05	2
0.172	0.105881	0.999345	0.574888	0.849706	1.34816e-05	6.32906e-05	2.47307e-05	2
0.173	0.105881	0.999345	0.574888	0.849706	1.35118e-05	6.32574e-05	2.46319e-05	2
0.174	0.105881	0.999345	0.574888	0.849706	1.35421e-05	6.32245e-05	2.45342e-05	2
0.175	0.105881	0.999345	0.574888	0.849706	1.35724e-05	6.3192e-05	2.44366e-05	2
0.176	0.105881	0.999345	0.574888	0.849706	1.36026e-05	6.31599e-05	2.43392e-05	2
0.177	0.105881	0.999345	0.574888	0.849706	1.36318e-05	6.31282e-05	2.424e-05	2
0.178	0.105881	0.999345	0.574888	0.849706	1.366e-05	6.3097e-05	2.41387e-05	2
0.179	0.105881	0.999345	0.574888	0.849706	1.36882e-05	6.30662e-05	2.40377e-05	2
0.18	0.105881	0.999345	0.574888	0.849706	1.37163e-05	6.30357e-05	2.39368e-05	2
0.181	0.105881	0.999345	0.574888	0.849706	1.37485e-05	6.30077e-05	2.3838e-05	2
0.182	0.105881	0.999345	0.574888	0.849706	1.37806e-05	6.29799e-05	2.37395e-05	2
0.183	0.105881	0.999345	0.574888	0.849706	1.38127e-05	6.29524e-05	2.3641e-05	2
0.184	0.105881	0.999345	0.574888	0.849706	1.38465e-05	6.2927e-05	2.3542e-05	2
0.185	0.105881	0.999345	0.574888	0.849706	1.38798e-05	6.29021e-05	2.34424e-05	2
0.186	0.105881	0.999345	0.574888	0.849706	1.39132e-05	6.28776e-05	2.33428e-05	2
0.187	0.105881	0.999345	0.574888	0.849706	1.39453e-05	6.2852e-05	2.32442e-05	2
0.188	0.105881	0.999345	0.574888	0.849706	1.39773e-05	6.28266e-05	2.31458e-05	2
0.189	0.105881	0.999345	0.574888	0.849706	1.40097e-05	6.28037e-05	2.30495e-05	2
0.19	0.105881	0.999345	0.574888	0.849706	1.40413e-05	6.27872e-05	2.29605e-05	2
0.191	0.105881	0.999345	0.574888	0.849706	1.40728e-05	6.27707e-05	2.28718e-05	2
0.192	0.105881	0.999345	0.574888	0.849706	1.41044e-05	6.27546e-05	2.27833e-05	2
0.193	0.105881	0.999345	0.574888	0.849706	1.41369e-05	6.27393e-05	2.2695e-05	2
0.194	0.105881	0.999345	0.574888	0.849706	1.41697e-05	6.27246e-05	2.26066e-05	2
0.195	0.105881	0.999345	0.574888	0.849706	1.42026e-05	6.27103e-05	2.25182e-05	2
0.196	0.105881	0.999345	0.574888	0.849706	1.42356e-05	6.26966e-05	2.24295e-05	2
0.197	0.105881	0.999345	0.574888	0.849706	1.42684e-05	6.26837e-05	2.23398e-05	2
0.198	0.105881	0.999345	0.574888	0.849706	1.43013e-05	6.26712e-05	2.22501e-05	2
0.199	0.105881	0.999345	0.574888	0.849706	1.43355e-05	6.26598e-05	2.21604e-05	2
0.2	0.105881	0.999345	0.574888	0.849706	1.43705e-05	6.26491e-05	2.20709e-05	2
0.201	0.105881	0.999345	0.574888	0.849706	1.44059e-05	6.26387e-05	2.19814e-05	2
0.202	0.105881	0.999345	0.574888	0.849706	1.44421e-05	6.26288e-05	2.18925e-05	2
0.203	0.105881	0.999345	0.574888	0.849706	1.44791e-05	6.26193e-05	2.1804e-05	2
0.204	0.105881	0.999345	0.574888	0.849706	1.45166e-05	6.261e-05	2.1716e-05	2
0.205	0.105881	0.999345	0.574888	0.849706	1.45536e-05	6.25998e-05	2.1629e-05	2
0.206	0.105881	0.999345	0.574888	0.849706	1.45899e-05	6.25889e-05	2.15427e-05	2
0.207	0.105881	0.999345	0.574888	0.849706	1.46264e-05	6.25783e-05	2.14564e-05	2
0.208	0.105881	0.999345	0.574888	0.849706	1.46644e-05	6.25693e-05	2.13694e-05	2
0.209	0.105881	0.999345	0.574888	0.849706	1.47039e-05	6.25616e-05	2.1282e-05	2
0.21	0.105881	0.999345	0.574888	0.849706	1.47437e-05	6.25543e-05	2.11945e-05	2
0.211	0.105881	0.999345	0.574888	0.849706	1.47825e-05	6.25457e-05	2.1108e-05	2
0.212	0.105881	0.999345	0.574888	0.849706	1.4819e-05	6.25335e-05	2.1022e-05	2
0.213	0.105881	0.999345	0.574888	0.849706	1.48557e-05	6.25215e-05	2.09358e-05	2
0.214	0.105881	0.999345	0.574888	0.849706	1.48935e-05	6.25106e-05	2.08494e-05	2
0.215	0.105881	0.999345	0.574888	0.849706	1.49333e-05	6.25013e-05	2.0762e-05	2
0.216	0.105881	0.999345	0.574888	0.849706	1.49713e-05	6.24921e-05	2.06713e-05	2
0.217	0.105881	0.999345	0.574888	0.849706	1.50097e-05	6.24828e-05	2.05809e-05	2
0.218	0.105881	0.999345	0.574888	0.849706	1.50484e-05	6.24728e-05	2.04919e-05	2
0.219	0.105881	0.999345	0.574888	0.849706	1.50875e-05	6.2463e-05	2.04027e-05	2
0.22	0.105881	0.999345	0.574888	0.849706	1.5127e-05	6.24532e-05	2.03136e-05	2
0.221	0.105881	0.999345	0.574888	0.849706	1.51664e-05	6.2442e-05	2.02272e-05	2
0.222	0.105881	0.999345	0.574888	0.849706	1.52064e-05	6.24311e-05	2.01402e-05	2
0.223	0.105881	0.999345	0.574888	0.849706	1.52456e-05	6.24196e-05	2.00533e-05	2
0.224	0.105881	0.999345	0.574888	0.849706	1.52794e-05	6.24029e-05	1.99692e-05	2
0.225	0.105881	0.999345	0.574888	0.849706	1.53136e-05	6.23864e-05	1.98849e-05	2
0.226	0.105881	0.999345	0.574888	0.849706	1.53481e-05	6.23701e-05	1.98004e-05	2
0.227	0.105881	0.999345	0.574888	0.849706	1.53825e-05	6.23541e-05	1.97151e-05	2
0.228	0.105881	0.999345	0.574888	0.849706	1.5417e-05	6.23411e-05	1.96311e-05	2
0.229	0.105881	0.999345	0.574888	0.849706	1.54518e-05	6.23319e-05	1.95488e-05	2
0.23	0.105881	0.999345	0.574888	0.849706	1.5489e-05	6.23237e-05	1.94667e-05	2
0.231	0.105881	0.999345	0.574888	0.849706	1.5527e-05	6.23155e-05	1.93852e-05	2
0.232	0.105881	0.999345	0.574888	0.849706	1.55655e-05	6.23075e-05	1.93038e-05	2
0.233	0.105881	0.999345	0.574888	0.849706	1.56077e-05	6.23012e-05	1.92225e-05	2
0.234	0.105881	0.999345	0.574888	0.849706	1.56506e-05	6.22953e-05	1.91409e-05	2
0.235	0.105881	0.999345	0.574888	0.849706	1.56931e-05	6.22895e-05	1.90575e-05	2
0.236	0.105881	0.999345	0.574888	0.849706	1.57399e-05	6.22827e-05	1.89775e-05	2
0.237	0.105881	0.999345	0.574888	0.849706	1.57878e-05	6.22761e-05	1.88977e-05	2
0.238	0.105881	0.999345	0.574888	0.849706	1.58366e-05	6.22696e-05	1.88177e-05	2
0.239	0.105881	0.999345	0.574888	0.849706	1.58728e-05	6.22513e-05	1.87423e-05	2
0.24	0.105881	0.999345	0.574888	0.849706	1.59075e-05	6.2231e-05	1.86679e-05	2
0.241	0.105881	0.999345	0.574888	0.849706	1.5943e-05	6.2211e-05	1.85933e-05	2
0.242	0.105881	0.999345	0.574888	0.849706	1.59894e-05	6.21986e-05	1.85156e-05	2
0.243	0.105881	0.999345	0.574888	0.849706	1.60397e-05	6.21886e-05	1.84369e-05	2
0.244	0.105881	0.999345	0.574888	0.849706	1.60911e-05	6.2179e-05	1.83579e-05	2
0.245	0.105881	0.999345	0.574888	0.849706	1.61415e-05	6.21632e-05	1.82847e-05	2
0.246	0.105881	0.999345	0.574888	0.849706	1.61922e-05	6.21449e-05	1.82135e-05	2
0.247	0.105881	0.999345	0.574888	0.849706	1.62441e-05	6.2127e-05	1.81418e-05	2
0.248	0.105881	0.999345	0.574888	0.849706	1.62956e-05	6.21022e-05	1.80767e-05	2
0.249	0.105881	0.999345	0.574888	0.849706	1.63475e-05	6.20737e-05	1.8015e-05	2
0.25	0.105881	0.999345	0.574888	0.849706	1.64011e-05	6.20453e-05	1.79532e-05	2
0.251	0.105881	0.999345	0.574888	0.849706	1.64363e-05	6.19994e-05	1.79002e-05	2
0.252	0.105881	0.999345	0.574888	0.849706	1.64592e-05	6.19414e-05	1.78531e-05	2
0.253	0.105881	0.999345	0.574888	0.849706	1.64838e-05	6.18837e-05	1.78058e-05	2
0.254	0.105881	0.999345	0.574888	0.849706	1.65083e-05	6.18277e-05	1.77535e-05	2
0.255	0.105881	0.999345	0.574888	0.849706	1.6534e-05	6.17736e-05	1.76981e-05	2
0.256	0.105881	0.999345	0.574888	0.849706	1.65614e-05	6.17198e-05	1.76423e-05	2
0.257	0.105881	0.999345	0.574888	0.849706	1.65948e-05	6.16645e-05	1.75897e-05	2
0.258	0.105881	0.999345	0.574888	0.849706	1.66357e-05	6.16073e-05	1.7542e-05	2
0.259	0.105881	0.999345	0.574888	0.849706	1.66791e-05	6.15504e-05	1.74941e-05	2
0.26	0.105881	0.999345	0.574888	0.849706	1.67182e-05	6.14792e-05	1.74572e-05	2
0.261	0.105881	0.999345	0.574888	0.849706	1.67505e-05	6.13869e-05	1.74364e-05	2
0.262	0.105881	0.999345	0.574888	0.849706	1.67858e-05	6.12949e-05	1.74151e-05	2
0.263	0.105881	0.999345	0.574888	0.849706	1.6797e-05	6.1179e-05	1.74056e-05	2
0.264	0.105881	0.999345	0.574888	0.849706	1.67602e-05	6.10185e-05	1.74183e-05	2
0.265	0.105881	0.999345	0.574888	0.849706	1.67273e-05	6.0858e-05	1.74308e-05	2
0.266	0.105881	0.999345	0.574888	0.849706	1.6682e-05	6.06915e-05	1.74428e-05	2
0.267	0.105881	0.999345	0.574888	0.849706	1.66012e-05	6.0511e-05	1.74555e-05	2
0.268	0.105881	0.999345	0.574888	0.849706	1.65251e-05	6.03317e-05	1.74684e-05	2
0.269	0.105881	0.999345	0.574888	0.849706	1.64554e-05	6.01546e-05	1.74816e-05	2
0.27	0.105881	0.999345	0.574888	0.849706	1.63971e-05	5.99829e-05	1.74942e-05	2
0.271	0.105881	0.999345	0.574888	0.849706	1.63435e-05	5.98116e-05	1.75069e-05	2
0.272	0.105881	0.999345	0.574888	0.849706	1.62834e-05	5.96281e-05	1.75269e-05	2
0.273	0.105881	0.999345	0.574888	0.849706	1.61678e-05	5.93808e-05	1.75821e-05	2
0.274	0.105881	0.999345	0.574888	0.849706	1.60579e-05	5.91333e-05	1.76376e-05	2
0.275	0.105881	0.999345	0.574888	0.849706	1.59405e-05	5.88795e-05	1.76954e-05	2
0.276	0.105881	0.999345	0.574888	0.849706	1.56947e-05	5.85709e-05	1.7763e-05	2
0.277	0.105881	0.999345	0.574888	0.849706	1.54569e-05	5.82625e-05	1.78346e-05	2
0.278	0.105881	0.999345	0.574888	0.849706	1.52261e-05	5.79555e-05	1.79092e-05	2
0.279	0.105881	0.999345	0.574888	0.849706	1.49726e-05	5.76908e-05	1.79466e-05	2
0.28	0.105881	0.999345	0.574888	0.849706	1.47233e-05	5.74246e-05	1.79878e-05	2
0.281	0.105881	0.999345	0.574888	0.849706	1.44779e-05	5.71565e-05	1.80328e-05	2
0.282	0.105881	0.999345	0.574888	0.849706	1.41727e-05	5.68987e-05	1.80594e-05	2
0.283	0.105881	0.999345	0.574888	0.849706	1.38676e-05	5.66379e-05	1.80907e-05	2
0.284	0.105881	0.999345	0.574888	0.849706	1.35636e-05	5.63732e-05	1.81276e-05	2
0.285	0.105881	0.999345	0.574888	0.849706	1.3274e-05	5.61941e-05	1.81051e-05	2
0.286	0.105881	0.999345	0.574888	0.849706	1.29828e-05	5.60191e-05	1.8082e-05	2
0.287	0.105881	0.999345	0.574888	0.849706	1.26882e-05	5.58395e-05	1.80643e-05	2
0.288	0.105881	0.999345	0.574888	0.849706	1.24561e-05	5.57092e-05	1.80205e-05	2
0.289	0.105881	0.999345	0.574888	0.849706	1.22304e-05	5.55821e-05	1.79737e-05	2
0.29	0.105881	0.999345	0.574888	0.849706	1.20005e-05	5.54507e-05	1.79307e-05	2
0.291	0.105881	0.999345	0.574888	0.849706	1.17401e-05	5.53247e-05	1.78815e-05	2
0.292	0.105881	0.999345	0.574888	0.849706	1.14688e-05	5.51952e-05	1.78402e-05	2
0.293	0.105881	0.999345	0.574888	0.849706	1.11948e-05	5.50575e-05	1.78158e-05	2
0.294	0.105881	0.999345	0.574888	0.849706	1.09873e-05	5.49944e-05	1.77464e-05	2
0.295	0.105881	0.999345	0.574888	0.849706	1.08002e-05	5.49569e-05	1.76621e-05	2
0.296	0.105881	0.999345	0.574888	0.849706	1.06057e-05	5.4916e-05	1.75796e-05	2
0.297	0.105881	0.999345	0.574888	0.849706	1.04303e-05	5.48713e-05	1.75005e-05	2
0.298	0.105881	0.999345	0.574888	0.849706	1.02617e-05	5.48229e-05	1.74256e-05	2
0.299	0.105881	0.999345	0.574888	0.849706	1.00859e-05	5.47708e-05	1.73538e-05	2
0.3	0.105881	0.999345	0.574888	0.849706	9.93084e-06	5.47458e-05	1.72642e-05	2
