# MultiToneTest-DSB_sat output
# 
# LO Frequency : 0.2
# IF Frequency : 0.003
# Bias         : 0.9
# LO Voltage   : 0.9
1e-05	##############################
# 
# Mixer currents curve
# Signal Volts | DC Current | LO Current | IF Current | LSB Current | USB Current | Iterations
1e-05	0.00170603	0.222233	0.363817	0.633934	1.53226e-05	7.8347e-06	8.05501e-06
1.25893e-05	##############################
1.25893e-05	0.00170603	0.222233	0.363817	0.633934	1.92371e-05	9.8585e-06	1.0027e-05
1.58489e-05	##############################
1.58489e-05	0.00170603	0.222233	0.363817	0.633934	2.41759e-05	1.24073e-05	1.25321e-05
1.99526e-05	##############################
1.99526e-05	0.00170603	0.222233	0.363817	0.633934	3.04022e-05	1.56168e-05	1.57042e-05
2.51189e-05	##############################
2.51189e-05	0.00170603	0.222233	0.363817	0.633934	3.82475e-05	1.9658e-05	1.97123e-05
3.16228e-05	##############################
3.16228e-05	0.00170603	0.222233	0.363817	0.633934	4.81296e-05	2.47461e-05	2.47701e-05
3.98107e-05	##############################
3.98107e-05	0.00170603	0.222233	0.363817	0.633934	6.05747e-05	3.1152e-05	3.11469e-05
5.01187e-05	##############################
5.01187e-05	0.00170603	0.222233	0.363817	0.633934	7.62456e-05	3.92168e-05	3.91823e-05
6.30957e-05	##############################
6.30957e-05	0.00170603	0.222233	0.363817	0.633934	9.5977e-05	4.93701e-05	4.93042e-05
7.94328e-05	##############################
7.94328e-05	0.00170603	0.222233	0.363817	0.633934	0.000120819	6.21526e-05	6.20515e-05
0.0001	##############################
0.0001	0.00170603	0.222233	0.363817	0.633934	0.000152096	7.82451e-05	7.8103e-05
0.000125893	##############################
0.000125893	0.00170603	0.222233	0.363817	0.633934	0.000191472	9.85048e-05	9.8313e-05
0.000158489	##############################
0.000158489	0.00170603	0.222233	0.363817	0.633934	0.000241044	0.000124011	0.000123757
0.000199526	##############################
0.000199526	0.00170603	0.222233	0.363817	0.633934	0.000303453	0.000156122	0.000155789
0.000251189	##############################
0.000251189	0.00170603	0.222233	0.363817	0.633934	0.000382021	0.00019655	0.000196112
0.000316228	##############################
0.000316228	0.00170603	0.222233	0.363816	0.633934	0.000480932	0.00024745	0.000246867
0.000398107	##############################
0.000398107	0.00170603	0.222233	0.363816	0.633934	0.000605452	0.000311537	0.000310746
0.000501187	##############################
0.000501187	0.00170603	0.222233	0.363816	0.633934	0.000762209	0.000392233	0.00039113
0.000630957	##############################
0.000630957	0.00170603	0.222233	0.363815	0.633935	0.000959548	0.000493856	0.000492258
0.000794328	##############################
0.000794328	0.00170603	0.222233	0.363814	0.633936	0.00120797	0.000621852	0.000619431
0.001	##############################
0.001	0.00170603	0.222233	0.363812	0.633937	0.00152067	0.00078311	0.000779266
0.00125893	##############################
0.00125893	0.00170603	0.222233	0.36381	0.633939	0.00191428	0.00098635	0.000979984
0.00158489	##############################
0.00158489	0.00170603	0.222233	0.363805	0.633942	0.00240966	0.00124264	0.00123176
0.00199526	##############################
0.00199526	0.00170603	0.222233	0.363799	0.633947	0.00303301	0.00156606	0.00154717
0.00251189	##############################
0.00251189	0.00170603	0.222233	0.363788	0.633954	0.00381723	0.00197449	0.00194188
0.00316228	##############################
0.00316228	0.00170603	0.222233	0.363772	0.633967	0.00480372	0.00249052	0.00243602
0.00398107	##############################
0.00398107	0.00170603	0.222233	0.363747	0.633987	0.00604518	0.00314207	0.00305687
0.00501187	##############################
0.00501187	0.00170603	0.222233	0.363709	0.634019	0.00760986	0.00396247	0.00384293
0.00630957	##############################
0.00630957	0.00170603	0.222233	0.363648	0.634071	0.00958518	0.00499149	0.00484408
0.00794328	##############################
0.00794328	0.00170603	0.222233	0.363551	0.634152	0.0120765	0.00628548	0.00610833
0.01	##############################
0.01	0.00170603	0.222233	0.363399	0.634283	0.0152097	0.00792855	0.00768674
0.0125893	##############################
0.0125893	0.00170603	0.222233	0.363162	0.634492	0.0191536	0.00999854	0.00968611
0.0158489	##############################
0.0158489	0.00170603	0.222233	0.362799	0.634822	0.0240831	0.0126101	0.0121829
0.0199526	##############################
0.0199526	0.00170603	0.222233	0.362276	0.635334	0.0301312	0.0158581	0.0152755
0.0251189	##############################
0.0251189	0.00170603	0.222233	0.361631	0.636061	0.037171	0.0197624	0.0189407
0.0316228	##############################
0.0316228	0.00170603	0.222233	0.361077	0.636927	0.0446332	0.0241412	0.0229949
0.0398107	##############################
0.0398107	0.00170603	0.222233	0.360944	0.637737	0.051837	0.0287609	0.0272816
0.0501187	##############################
0.0501187	0.00170603	0.222233	0.361549	0.63828	0.0584002	0.0336921	0.0319436
0.0630957	##############################
0.0630957	0.00170603	0.222233	0.363123	0.638395	0.064274	0.0394182	0.0375172
0.0794328	##############################
0.0794328	0.00170603	0.222233	0.365898	0.63795	0.0695137	0.0467616	0.0448969
0.1	##############################
0.1	0.00170603	0.222233	0.370113	0.636817	0.0742201	0.0568086	0.0552119
