# Mixer complete? Yes
100	3.923	2.865	2.114	2.865	0.2344	2.707	46.39	137.4
105	3.736	3.159	2.546	3.159	0.3825	2.701	34.95	165.5
110	3.566	3.467	2.729	3.467	0.4869	2.696	29.7	177.4
115	3.411	3.789	2.778	3.789	0.5723	2.691	26.7	180.6
120	3.269	4.126	2.747	4.126	0.6444	2.686	24.8	178.5
125	3.138	4.477	2.668	4.477	0.7056	2.681	23.53	173.4
130	3.018	4.842	2.561	4.842	0.7575	2.676	22.66	166.5
135	2.906	5.222	2.608	5.222	0.7944	2.67	20.63	169.5
140	2.802	5.616	2.43	5.616	0.8906	2.665	20.59	157.9
145	2.706	6.024	2.269	6.024	0.909	2.66	20.56	147.5
150	2.615	6.446	2.125	6.446	0.9259	2.655	20.51	138.1
155	2.531	6.883	1.996	6.883	0.942	2.65	20.46	129.7
160	2.452	7.335	1.88	7.335	0.958	2.645	20.37	122.2
165	2.378	7.8	1.777	7.8	0.9743	2.639	20.27	115.5
170	2.308	8.28	1.685	8.28	0.9909	2.634	20.14	109.5
175	2.242	8.774	1.602	8.774	1.008	2.629	20	104.1
180	2.179	9.283	1.526	9.283	1.025	2.624	19.83	99.2
185	2.121	9.806	1.458	9.806	1.042	2.619	19.65	94.77
190	2.065	10.34	1.396	10.34	1.06	2.614	19.46	90.73
195	2.012	10.89	1.339	10.89	1.077	2.608	19.26	87.04
200	1.962	11.46	1.287	11.46	1.094	2.603	19.05	83.66
205	1.914	12.04	1.239	12.04	1.112	2.598	18.84	80.53
210	1.868	12.64	1.194	12.64	1.128	2.593	18.62	77.63
215	1.825	13.24	1.153	13.24	1.144	2.588	18.4	74.93
220	1.783	13.87	1.114	13.87	1.16	2.583	18.19	72.43
225	1.744	14.5	1.078	14.5	1.174	2.577	17.97	70.08
230	1.706	15.16	1.044	15.16	1.188	2.572	17.75	67.89
235	1.669	15.82	1.013	15.82	1.202	2.567	17.53	65.84
240	1.635	16.5	0.9831	16.5	1.214	2.562	17.32	63.9
245	1.601	17.2	0.955	17.2	1.226	2.557	17.11	62.08
250	1.569	17.91	0.9285	17.91	1.236	2.552	16.9	60.35
255	1.538	18.63	0.9033	18.63	1.246	2.546	16.7	58.72
260	1.509	19.37	0.8795	19.37	1.255	2.541	16.5	57.17
265	1.48	20.12	0.8578	20	1.257	2.536	16.38	55.76
270	1.453	20.89	0.8424	20	1.23	2.531	16.68	54.76
275	1.427	21.67	0.8305	20	1.209	2.526	16.92	53.98
280	1.401	22.46	0.8207	20	1.191	2.521	17.12	53.35
285	1.377	23.27	0.8123	20	1.175	2.515	17.3	52.8
290	1.353	24.1	0.8048	20	1.16	2.51	17.46	52.31
295	1.33	24.93	0.798	20	1.145	2.505	17.61	51.87
300	1.308	25.79	0.7918	20	1.132	2.5	17.74	51.47
305	1.286	26.65	0.786	20	1.118	2.495	17.87	51.09
310	1.266	27.53	0.7806	20	1.104	2.489	18	50.74
315	1.245	28.43	0.7755	20	1.091	2.484	18.12	50.41
320	1.226	29.34	0.7708	20	1.077	2.479	18.23	50.1
325	1.207	30.26	0.7666	20	1.064	2.474	18.33	49.83
330	1.189	31.2	0.7626	20	1.051	2.469	18.42	49.57
335	1.171	32.15	0.7589	20	1.039	2.464	18.51	49.33
340	1.154	33.12	0.7553	20	1.027	2.458	18.6	49.1
345	1.137	34.1	0.752	20	1.015	2.453	18.68	48.88
350	1.121	35.1	0.7489	20	1.002	2.448	18.76	48.68
355	1.105	36.11	0.7459	20	0.9904	2.443	18.84	48.49
360	1.09	37.13	0.7431	20	0.9785	2.438	18.91	48.3
365	1.075	38.17	0.7404	20	0.9668	2.433	18.98	48.12
370	1.06	39.22	0.7377	20	0.955	2.427	19.05	47.95
375	1.046	40.29	0.7351	20	0.9434	2.422	19.11	47.78
380	1.032	41.37	0.7324	20	0.9316	2.417	19.18	47.61
385	1.019	42.47	0.7298	20	0.9198	2.412	19.25	47.44
390	1.006	43.58	0.7271	20	0.9077	2.407	19.32	47.26
395	0.9932	44.7	0.7241	20	0.895	2.402	19.4	47.07
400	0.9808	45.84	0.7209	20	0.8809	2.396	19.49	46.86
405	0.9687	46.99	0.7175	20	0.8639	2.391	19.58	46.64
410	0.9568	48.16	0.7141	20	0.8428	2.386	19.67	46.42
415	0.9453	49.34	0.7115	20	0.8193	2.381	19.75	46.25
420	0.9341	50.54	0.7101	20	0.8008	2.376	19.79	46.16
425	0.9231	51.75	0.7096	20	0.7903	2.371	19.8	46.13
430	0.9123	52.98	0.7093	20	0.7833	2.365	19.81	46.1
435	0.9019	54.21	0.7087	20	0.776	2.36	19.83	46.06
440	0.8916	55.47	0.7079	20	0.7676	2.355	19.85	46.01
445	0.8816	56.74	0.7068	20	0.7585	2.35	19.88	45.94
450	0.8718	58.02	0.7056	20	0.7491	2.345	19.91	45.87
455	0.8622	59.31	0.7044	20	0.7397	2.34	19.95	45.78
460	0.8528	60.63	0.703	20	0.7303	2.334	19.98	45.7
465	0.8437	61.95	0.7017	20	0.721	2.329	20.02	45.61
470	0.8347	63.29	0.7002	20	0.7118	2.324	20.07	45.51
475	0.8259	64.64	0.6987	20	0.7027	2.319	20.11	45.42
480	0.8173	66.01	0.6972	20	0.6938	2.314	20.15	45.32
485	0.8089	67.39	0.6956	20	0.6851	2.309	20.2	45.21
490	0.8006	68.79	0.6939	20	0.6765	2.303	20.25	45.11
495	0.7925	70.2	0.6923	20	0.6681	2.298	20.3	45
500	0.7846	71.63	0.6905	20	0.6598	2.293	20.35	44.88
505	0.7768	73.07	0.6886	20	0.6518	2.288	20.4	44.76
510	0.7692	74.52	0.6866	20	0.6438	2.283	20.46	44.63
515	0.7618	75.99	0.6845	20	0.6361	2.278	20.53	44.49
520	0.7544	77.47	0.6822	20	0.6285	2.272	20.59	44.35
525	0.7473	78.97	0.6799	20	0.621	2.267	20.67	44.19
530	0.7402	80.48	0.6773	20	0.6136	2.262	20.74	44.02
535	0.7333	82.01	0.6745	20	0.6063	2.257	20.83	43.84
540	0.7265	83.55	0.6715	20	0.5989	2.252	20.92	43.65
545	0.7198	85.1	0.6682	20	0.5915	2.247	21.03	43.43
550	0.7133	86.67	0.6646	20	0.5839	2.241	21.14	43.2
555	0.7069	88.25	0.6605	20	0.5759	2.236	21.27	42.93
560	0.7005	89.85	0.6559	20	0.5672	2.231	21.42	42.63
565	0.6943	91.46	0.6506	20	0.5571	2.226	21.59	42.29
570	0.6883	93.09	0.6448	20	0.5446	2.221	21.79	41.91
575	0.6823	94.73	0.6381	20	0.5281	2.215	22.02	41.48
580	0.6764	96.38	0.631	20	0.5053	2.21	22.27	41.01
585	0.6706	98.05	0.6243	20	0.4748	2.205	22.51	40.58
590	0.6649	99.73	0.6196	20	0.4376	2.2	22.68	40.27
595	0.6593	101.4	0.6186	20	0.3993	2.195	22.71	40.21
600	0.6538	103.1	0.6225	20	0.3682	2.19	22.57	40.46
605	0.6484	104.9	0.6304	20	0.3503	2.184	22.29	40.98
610	0.6431	106.6	0.6405	20	0.3459	2.179	21.94	41.63
615	0.6379	108.4	0.6505	20	0.3508	2.174	21.6	42.28
620	0.6328	110.1	0.659	20	0.3591	2.169	21.32	42.84
625	0.6277	111.9	0.6654	20	0.3662	2.164	21.11	43.25
630	0.6227	113.7	0.6698	20	0.3704	2.159	20.98	43.54
635	0.6178	115.5	0.6727	20	0.3719	2.153	20.89	43.72
640	0.613	117.4	0.6745	20	0.3714	2.148	20.83	43.84
645	0.6082	119.2	0.6755	20	0.3697	2.143	20.8	43.91
650	0.6036	121.1	0.6761	20	0.3673	2.138	20.78	43.95
655	0.5989	122.9	0.6764	20	0.3645	2.133	20.77	43.97
660	0.5944	124.8	0.6765	20	0.3616	2.128	20.77	43.97
665	0.5899	126.7	0.6764	20	0.3586	2.122	20.77	43.97
670	0.5855	128.6	0.6763	20	0.3556	2.117	20.77	43.96
675	0.5812	130.5	0.6762	20	0.3526	2.112	20.78	43.95
680	0.5769	132.5	0.676	20	0.3496	2.107	20.79	43.94
685	0.5727	134.4	0.6757	20	0.3466	2.102	20.79	43.92
690	0.5686	136.4	0.6755	20	0.3437	2.097	20.8	43.91
695	0.5645	138.4	0.6752	20	0.3409	2.091	20.81	43.89
700	0.5604	140.4	0.6749	20	0.3381	2.086	20.82	43.87
705	0.5565	142.4	0.6746	20	0.3353	2.081	20.83	43.85
710	0.5525	144.4	0.6742	20	0.3326	2.076	20.84	43.82
715	0.5487	146.5	0.6737	20	0.3299	2.071	20.85	43.79
720	0.5449	148.5	0.6733	20	0.3272	2.066	20.87	43.77
725	0.5411	150.6	0.6728	20	0.3246	2.06	20.88	43.73
730	0.5374	152.7	0.6723	20	0.322	2.055	20.9	43.7
735	0.5338	154.8	0.6718	20	0.3194	2.05	20.91	43.67
740	0.5301	156.9	0.6712	20	0.3169	2.045	20.93	43.63
745	0.5266	159	0.6706	20	0.3144	2.04	20.95	43.59
750	0.5231	161.2	0.67	20	0.312	2.035	20.97	43.55
755	0.5196	163.3	0.6694	20	0.3095	2.029	20.99	43.51
760	0.5162	165.5	0.6688	20	0.3072	2.024	21.01	43.47
765	0.5128	167.7	0.6681	20	0.3048	2.019	21.03	43.43
770	0.5095	169.9	0.6674	20	0.3025	2.014	21.05	43.38
775	0.5062	172.1	0.6666	20	0.3002	2.009	21.08	43.33
780	0.503	174.3	0.6659	20	0.2979	2.004	21.1	43.28
785	0.4998	176.6	0.6651	20	0.2957	1.998	21.13	43.23
790	0.4966	178.8	0.6642	20	0.2934	1.993	21.15	43.17
795	0.4935	181.1	0.6634	20	0.2913	1.988	21.18	43.12
800	0.4904	183.4	0.6625	20	0.2891	1.983	21.21	43.06
805	0.4873	185.7	0.6615	20	0.287	1.978	21.24	43
810	0.4843	188	0.6606	20	0.2848	1.973	21.27	42.94
815	0.4814	190.3	0.6596	20	0.2828	1.967	21.3	42.87
820	0.4784	192.6	0.6585	20	0.2807	1.962	21.34	42.8
825	0.4755	195	0.6574	20	0.2786	1.957	21.37	42.73
830	0.4727	197.4	0.6563	20	0.2766	1.952	21.41	42.66
835	0.4698	199.8	0.6552	20	0.2746	1.947	21.44	42.59
840	0.467	202.2	0.654	20	0.2726	1.942	21.48	42.51
845	0.4643	204.6	0.6527	20	0.2707	1.936	21.52	42.43
850	0.4615	207	0.6515	20	0.2687	1.931	21.57	42.35
855	0.4588	209.4	0.6501	20	0.2668	1.926	21.61	42.26
860	0.4562	211.9	0.6488	20	0.2649	1.921	21.66	42.17
865	0.4535	214.4	0.6474	20	0.263	1.916	21.7	42.08
870	0.4509	216.9	0.6459	20	0.2611	1.91	21.75	41.98
875	0.4484	219.4	0.6444	20	0.2592	1.905	21.8	41.88
880	0.4458	221.9	0.6428	20	0.2574	1.9	21.86	41.78
885	0.4433	224.4	0.6412	20	0.2555	1.895	21.91	41.68
890	0.4408	226.9	0.6395	20	0.2537	1.89	21.97	41.57
895	0.4383	229.5	0.6377	20	0.2519	1.885	22.03	41.45
900	0.4359	232.1	0.6359	20	0.2501	1.879	22.09	41.34
905	0.4335	234.7	0.634	20	0.2483	1.874	22.16	41.21
910	0.4311	237.3	0.6321	20	0.2465	1.869	22.23	41.09
915	0.4288	239.9	0.6301	20	0.2447	1.864	22.3	40.95
920	0.4264	242.5	0.628	20	0.2429	1.859	22.37	40.82
925	0.4241	245.1	0.6258	20	0.2411	1.854	22.45	40.67
930	0.4218	247.8	0.6235	20	0.2394	1.848	22.54	40.53
935	0.4196	250.5	0.6211	20	0.2376	1.843	22.62	40.37
940	0.4173	253.2	0.6186	20	0.2358	1.838	22.71	40.21
945	0.4151	255.9	0.616	20	0.234	1.833	22.81	40.04
950	0.413	258.6	0.6132	20	0.2322	1.828	22.91	39.86
955	0.4108	261.3	0.6104	20	0.2303	1.823	23.02	39.67
960	0.4087	264	0.6073	20	0.2285	1.817	23.13	39.48
965	0.4065	266.8	0.6042	20	0.2265	1.812	23.26	39.27
970	0.4044	269.6	0.6008	20	0.2246	1.807	23.39	39.05
975	0.4024	272.4	0.5972	20	0.2225	1.802	23.53	38.82
980	0.4003	275.2	0.5934	20	0.2204	1.797	23.68	38.57
985	0.3983	278	0.5894	20	0.2181	1.792	23.84	38.31
990	0.3963	280.8	0.5852	20	0.2157	1.786	24.01	38.04
995	0.3943	283.7	0.5806	20	0.2129	1.781	24.2	37.74
1000	0.3923	286.5	0.5757	20	0.2098	1.776	24.41	37.42
1005	0.3904	289.4	0.5703	20	0.2062	1.771	24.64	37.07
1010	0.3884	292.3	0.5644	20	0.202	1.766	24.89	36.69
1015	0.3865	295.2	0.5582	20	0.1968	1.761	25.17	36.28
1020	0.3846	298.1	0.5514	20	0.1904	1.755	25.48	35.84
1025	0.3827	301	0.544	20	0.1825	1.75	25.82	35.36
1030	0.3809	304	0.5361	20	0.1727	1.745	26.21	34.85
1035	0.379	306.9	0.5277	20	0.1608	1.74	26.62	34.3
1040	0.3772	309.9	0.5191	20	0.1466	1.735	27.07	33.74
1045	0.3754	312.9	0.5104	20	0.1306	1.73	27.53	33.17
1050	0.3736	315.9	0.502	20	0.1133	1.724	27.99	32.63
1055	0.3719	318.9	0.4946	20	0.09578	1.719	28.41	32.15
1060	0.3701	321.9	0.4887	20	0.07923	1.714	28.75	31.77
1065	0.3684	325	0.4849	20	0.06462	1.709	28.97	31.52
1070	0.3666	328	0.4837	20	0.05254	1.704	29.04	31.44
1075	0.3649	331.1	0.4855	20	0.04311	1.699	28.94	31.56
1080	0.3632	334.2	0.4903	20	0.03614	1.693	28.66	31.87
1085	0.3616	337.3	0.4978	20	0.03132	1.688	28.22	32.36
1090	0.3599	340.4	0.508	20	0.0283	1.683	27.66	33.02
1095	0.3583	343.5	0.5207	20	0.02671	1.678	26.98	33.84
1100	0.3566	346.7	0.5355	20	0.02644	1.673	26.24	34.81
1105	0.355	349.8	0.5521	20	0.02713	1.668	25.45	35.89
1110	0.3534	353	0.5702	20	0.02868	1.662	24.64	37.07
1115	0.3518	356.2	0.5892	20	0.03093	1.657	23.85	38.3
1120	0.3503	359.4	0.6083	20	0.03348	1.652	23.1	39.54
1125	0.3487	362.6	0.627	20	0.03612	1.647	22.41	40.76
1130	0.3472	365.8	0.6449	20	0.03861	1.642	21.79	41.92
1135	0.3456	369.1	0.6615	20	0.04071	1.637	21.24	43
1140	0.3441	372.3	0.6768	20	0.04241	1.631	20.76	43.99
1145	0.3426	375.6	0.6906	20	0.04363	1.626	20.35	44.89
1150	0.3411	378.9	0.7029	20	0.04443	1.621	19.99	45.69
1155	0.3397	382.2	0.7138	20	0.04489	1.616	19.68	46.4
1160	0.3382	385.5	0.7235	20	0.04506	1.611	19.42	47.03
1165	0.3367	388.9	0.7319	20	0.04503	1.605	19.2	47.58
1170	0.3353	392.2	0.7394	20	0.04482	1.6	19	48.06
1175	0.3339	395.6	0.7459	20	0.0445	1.595	18.84	48.48
1180	0.3325	398.9	0.7515	20	0.04409	1.59	18.7	48.85
1185	0.3311	402.3	0.7565	20	0.04363	1.585	18.57	49.17
1190	0.3297	405.7	0.7609	20	0.04314	1.58	18.47	49.46
1195	0.3283	409.1	0.7647	20	0.04261	1.574	18.37	49.71
1200	0.3269	412.6	0.7681	20	0.04206	1.569	18.29	49.92
