# Mixer complete? Yes
100	1.962	2.865	1.709	2.865	0.5812	57.39	111.1
101	1.942	2.923	2.05	2.923	1.024	46.9	133.2
102	1.923	2.981	2.066	2.981	1.315	45.62	134.3
103	1.904	3.04	5.198	3.04	0.2249	17.78	337.9
104	1.886	3.099	4.396	3.099	3.269	20.63	285.8
105	1.868	3.159	3.746	3.159	3.318	23.75	243.5
106	1.851	3.219	3.227	3.219	3.079	27.05	209.7
107	1.833	3.28	3.07	3.28	2.641	27.9	199.5
108	1.816	3.342	2.978	3.342	2.566	28.23	193.6
109	1.8	3.404	2.87	3.404	2.604	28.77	186.5
110	1.783	3.467	2.771	3.467	2.598	29.26	180.1
111	1.767	3.53	2.674	3.53	2.598	29.77	173.8
112	1.751	3.594	2.58	3.594	2.591	30.3	167.7
113	1.736	3.658	2.49	3.658	2.58	30.85	161.8
114	1.721	3.723	2.402	3.723	2.566	31.41	156.1
115	1.706	3.789	2.317	3.789	2.548	32	150.6
116	1.691	3.855	2.235	3.855	2.526	32.61	145.3
117	1.677	3.922	2.155	3.922	2.5	33.24	140.1
118	1.662	3.989	2.078	3.989	2.471	33.89	135.1
119	1.648	4.057	2.004	4.057	2.439	34.56	130.3
120	1.635	4.126	1.932	4.126	2.405	35.24	125.6
121	1.621	4.195	1.864	4.195	2.37	35.95	121.1
122	1.608	4.264	1.797	4.264	2.333	36.67	116.8
123	1.595	4.335	1.732	4.335	2.295	37.43	112.6
124	1.582	4.405	1.669	4.405	2.254	38.22	108.5
125	1.569	4.477	1.607	4.477	2.212	39.05	104.5
126	1.557	4.549	1.547	4.549	2.167	39.93	100.6
127	1.545	4.621	1.493	4.621	2.12	40.72	97.06
128	1.532	4.694	1.454	4.694	2.081	41.16	94.53
129	1.521	4.768	1.425	4.768	2.064	41.36	92.61
130	1.509	4.842	1.401	4.842	2.063	41.41	91.09
131	1.497	4.917	1.382	4.917	2.07	41.36	89.81
132	1.486	4.992	1.365	4.992	2.083	41.25	88.7
133	1.475	5.068	1.349	5.068	2.099	41.09	87.7
134	1.464	5.145	1.335	5.145	2.117	40.92	86.77
135	1.453	5.222	1.321	5.222	2.137	40.73	85.89
136	1.442	5.299	1.308	5.299	2.157	40.53	85.05
137	1.432	5.378	1.296	5.378	2.177	40.33	84.23
138	1.421	5.456	1.284	5.456	2.197	40.12	83.44
139	1.411	5.536	1.272	5.536	2.218	39.91	82.67
140	1.401	5.616	1.26	5.616	2.238	39.7	81.92
141	1.391	5.696	1.249	5.696	2.258	39.5	81.19
142	1.381	5.777	1.238	5.777	2.278	39.29	80.47
143	1.372	5.859	1.227	5.859	2.298	39.08	79.77
144	1.362	5.941	1.217	5.941	2.317	38.87	79.09
145	1.353	6.024	1.206	6.024	2.337	38.67	78.42
146	1.344	6.107	1.196	6.107	2.356	38.46	77.76
147	1.334	6.191	1.186	6.191	2.375	38.26	77.11
148	1.325	6.276	1.177	6.276	2.393	38.06	76.48
149	1.316	6.361	1.167	6.361	2.411	37.85	75.86
150	1.308	6.446	1.158	6.446	2.43	37.65	75.25
151	1.299	6.533	1.149	6.533	2.448	37.45	74.65
152	1.29	6.62	1.139	6.62	2.466	37.25	74.07
153	1.282	6.707	1.131	6.707	2.484	37.06	73.49
154	1.274	6.795	1.122	6.795	2.501	36.86	72.93
155	1.266	6.883	1.113	6.883	2.519	36.66	72.38
156	1.257	6.973	1.105	6.973	2.536	36.47	71.83
157	1.249	7.062	1.097	7.062	2.553	36.28	71.29
158	1.241	7.152	1.089	7.152	2.569	36.09	70.76
159	1.234	7.243	1.081	7.243	2.586	35.9	70.24
160	1.226	7.335	1.073	7.335	2.602	35.72	69.72
161	1.218	7.427	1.065	7.427	2.618	35.53	69.22
162	1.211	7.519	1.057	7.519	2.633	35.35	68.72
163	1.203	7.612	1.05	7.612	2.648	35.16	68.24
164	1.196	7.706	1.042	7.706	2.663	34.98	67.76
165	1.189	7.8	1.027	7.8	2.677	35.08	66.76
166	1.182	7.895	0.9984	7.895	2.658	35.65	64.9
167	1.175	7.99	0.9713	7.99	2.591	36.2	63.14
168	1.168	8.086	0.9448	8.086	2.527	36.78	61.41
169	1.161	8.183	0.9189	8.183	2.465	37.37	59.73
170	1.154	8.28	0.8939	8.28	2.403	37.97	58.1
171	1.147	8.378	0.8695	8.378	2.342	38.58	56.51
172	1.14	8.476	0.8457	8.476	2.283	39.2	54.97
173	1.134	8.575	0.8227	8.575	2.225	39.83	53.47
174	1.127	8.674	0.8007	8.674	2.169	40.46	52.04
175	1.121	8.774	0.7793	8.774	2.115	41.09	50.66
176	1.115	8.875	0.7591	8.875	2.064	41.71	49.34
177	1.108	8.976	0.7399	8.976	2.015	42.31	48.09
178	1.102	9.078	0.7217	9.078	1.969	42.89	46.91
179	1.096	9.18	0.7042	9.18	1.926	43.47	45.78
180	1.09	9.283	0.6873	9.283	1.884	44.04	44.67
181	1.084	9.386	0.6704	9.386	1.842	44.66	43.58
182	1.078	9.49	1.268	9.49	1.313	23.36	82.4
183	1.072	9.595	1.482	9.595	3.477	19.77	96.31
184	1.066	9.7	1.481	9.7	6.149	19.56	96.28
185	1.06	9.806	1.452	9.806	6.497	19.73	94.4
186	1.055	9.912	1.426	9.912	6.334	19.88	92.7
187	1.049	10.02	1.4	10.02	6.211	20.03	91.03
188	1.043	10.13	1.375	10.13	6.088	20.18	89.38
189	1.038	10.23	1.35	10.23	5.967	20.33	87.77
190	1.032	10.34	1.326	10.34	5.849	20.49	86.19
191	1.027	10.45	1.302	10.45	5.733	20.65	84.64
192	1.022	10.56	1.279	10.56	5.619	20.8	83.12
193	1.016	10.67	1.256	10.67	5.508	20.96	81.64
194	1.011	10.78	1.233	10.78	5.399	21.13	80.17
195	1.006	10.89	1.211	10.89	5.292	21.29	78.74
196	1.001	11.01	1.19	11.01	5.188	21.46	77.34
197	0.9957	11.12	1.169	11.12	5.085	21.63	75.96
198	0.9907	11.23	1.148	11.23	4.985	21.8	74.6
199	0.9857	11.35	1.127	11.35	4.886	21.97	73.27
200	0.9808	11.46	1.107	11.46	4.79	22.15	71.96
201	0.9759	11.58	1.087	11.58	4.695	22.33	70.67
202	0.9711	11.69	1.068	11.69	4.602	22.51	69.4
203	0.9663	11.81	1.048	11.81	4.51	22.7	68.14
204	0.9615	11.92	1.029	11.92	4.42	22.9	66.9
205	0.9568	12.04	1.01	12.04	4.33	23.1	65.68
206	0.9522	12.16	0.9917	12.16	4.242	23.3	64.46
207	0.9476	12.28	0.9733	12.28	4.155	23.52	63.26
208	0.943	12.4	0.9552	12.4	4.069	23.73	62.09
209	0.9385	12.52	0.9375	12.52	3.984	23.95	60.94
210	0.9341	12.64	0.9202	12.64	3.902	24.17	59.81
211	0.9296	12.76	0.9035	12.76	3.823	24.38	58.73
212	0.9253	12.88	0.8872	12.88	3.747	24.6	57.67
213	0.9209	13	0.8714	13	3.673	24.81	56.64
214	0.9166	13.12	0.8559	13.12	3.603	25.02	55.63
215	0.9123	13.24	0.8409	13.24	3.534	25.23	54.66
216	0.9081	13.37	0.826	13.37	3.467	25.45	53.69
217	0.9039	13.49	0.8115	13.49	3.402	25.66	52.75
218	0.8998	13.62	0.7973	13.62	3.339	25.88	51.82
219	0.8957	13.74	0.7832	13.74	3.277	26.11	50.91
220	0.8916	13.87	0.7695	13.87	3.215	26.33	50.02
221	0.8876	13.99	0.756	13.99	3.155	26.56	49.14
222	0.8836	14.12	0.7494	14	3.058	26.78	48.71
223	0.8796	14.25	0.745	14	3.002	26.94	48.42
224	0.8757	14.38	0.7425	14	2.96	27.03	48.26
225	0.8718	14.5	0.741	14	2.929	27.09	48.16
226	0.8679	14.63	0.7399	14	2.903	27.13	48.09
227	0.8641	14.76	0.7392	14	2.88	27.15	48.05
228	0.8603	14.89	0.7385	14	2.859	27.18	48
229	0.8566	15.02	0.738	14	2.839	27.2	47.97
230	0.8528	15.16	0.7375	14	2.819	27.22	47.93
231	0.8492	15.29	0.737	14	2.8	27.24	47.9
232	0.8455	15.42	0.7365	14	2.781	27.25	47.87
233	0.8419	15.55	0.736	14	2.762	27.27	47.84
234	0.8383	15.69	0.7356	14	2.744	27.29	47.81
235	0.8347	15.82	0.7352	14	2.725	27.3	47.79
236	0.8312	15.96	0.7347	14	2.707	27.32	47.76
237	0.8277	16.09	0.7343	14	2.689	27.33	47.73
238	0.8242	16.23	0.7339	14	2.672	27.35	47.7
239	0.8207	16.37	0.7335	14	2.654	27.36	47.68
240	0.8173	16.5	0.7331	14	2.637	27.38	47.65
241	0.8139	16.64	0.7327	14	2.62	27.39	47.63
242	0.8106	16.78	0.7324	14	2.603	27.41	47.6
243	0.8072	16.92	0.732	14	2.586	27.42	47.58
244	0.8039	17.06	0.7316	14	2.569	27.43	47.56
245	0.8006	17.2	0.7313	14	2.553	27.45	47.53
246	0.7974	17.34	0.7308	14	2.537	27.46	47.5
247	0.7941	17.48	0.7304	14	2.52	27.48	47.48
248	0.7909	17.62	0.73	14	2.504	27.49	47.45
249	0.7878	17.76	0.7297	14	2.488	27.51	47.43
250	0.7846	17.91	0.7293	14	2.473	27.52	47.41
251	0.7815	18.05	0.729	14	2.457	27.53	47.38
252	0.7784	18.19	0.7286	14	2.442	27.55	47.36
253	0.7753	18.34	0.7283	14	2.427	27.56	47.34
254	0.7723	18.48	0.728	14	2.412	27.57	47.32
255	0.7692	18.63	0.7277	14	2.397	27.58	47.3
256	0.7662	18.78	0.7274	14	2.382	27.59	47.28
257	0.7632	18.92	0.7271	14	2.368	27.61	47.26
258	0.7603	19.07	0.7268	14	2.353	27.62	47.24
259	0.7574	19.22	0.7265	14	2.339	27.63	47.22
260	0.7544	19.37	0.7262	14	2.325	27.64	47.2
261	0.7515	19.52	0.7259	14	2.311	27.65	47.18
262	0.7487	19.67	0.7256	14	2.297	27.66	47.16
263	0.7458	19.82	0.7253	14	2.284	27.67	47.14
264	0.743	19.97	0.725	14	2.27	27.68	47.13
265	0.7402	20.12	0.7247	14	2.257	27.7	47.11
266	0.7374	20.27	0.7244	14	2.244	27.71	47.09
267	0.7347	20.42	0.7242	14	2.231	27.72	47.07
268	0.7319	20.58	0.7239	14	2.218	27.73	47.05
269	0.7292	20.73	0.7236	14	2.205	27.74	47.04
270	0.7265	20.89	0.7234	14	2.192	27.75	47.02
271	0.7238	21.04	0.7231	14	2.179	27.76	47
272	0.7212	21.2	0.7228	14	2.167	27.77	46.98
273	0.7185	21.35	0.7226	14	2.155	27.78	46.97
274	0.7159	21.51	0.7223	14	2.142	27.79	46.95
275	0.7133	21.67	0.722	14	2.13	27.8	46.93
276	0.7107	21.83	0.7218	14	2.118	27.81	46.92
277	0.7081	21.98	0.7215	14	2.106	27.82	46.9
278	0.7056	22.14	0.7213	14	2.094	27.83	46.88
279	0.7031	22.3	0.721	14	2.082	27.84	46.86
280	0.7005	22.46	0.7207	14	2.071	27.85	46.85
281	0.6981	22.62	0.7205	14	2.059	27.86	46.83
282	0.6956	22.78	0.7202	14	2.048	27.87	46.81
283	0.6931	22.95	0.72	14	2.036	27.88	46.8
284	0.6907	23.11	0.7197	14	2.025	27.89	46.78
285	0.6883	23.27	0.7194	14	2.014	27.9	46.76
286	0.6859	23.44	0.7192	14	2.003	27.91	46.75
287	0.6835	23.6	0.7189	14	1.992	27.92	46.73
288	0.6811	23.76	0.7186	14	1.981	27.93	46.71
289	0.6787	23.93	0.7184	14	1.97	27.94	46.69
290	0.6764	24.1	0.7181	14	1.959	27.95	46.68
291	0.6741	24.26	0.7178	14	1.948	27.96	46.66
292	0.6718	24.43	0.7176	14	1.938	27.97	46.64
293	0.6695	24.6	0.7173	14	1.927	27.98	46.62
294	0.6672	24.76	0.717	14	1.917	27.99	46.61
295	0.6649	24.93	0.7167	14	1.906	28	46.59
296	0.6627	25.1	0.7165	14	1.896	28.01	46.57
297	0.6605	25.27	0.7162	14	1.885	28.03	46.55
298	0.6582	25.44	0.7159	14	1.875	28.04	46.53
299	0.656	25.61	0.7156	14	1.865	28.05	46.52
300	0.6538	25.79	0.7154	14	1.855	28.06	46.5
301	0.6517	25.96	0.7151	14	1.845	28.07	46.48
302	0.6495	26.13	0.7149	14	1.835	28.08	46.47
303	0.6474	26.3	0.7146	14	1.826	28.09	46.45
304	0.6452	26.48	0.7144	14	1.816	28.1	46.44
305	0.6431	26.65	0.7142	14	1.807	28.1	46.42
306	0.641	26.83	0.7139	14	1.798	28.11	46.41
307	0.6389	27	0.7137	14	1.789	28.12	46.39
308	0.6369	27.18	0.7135	14	1.78	28.13	46.38
309	0.6348	27.36	0.7133	14	1.771	28.14	46.36
310	0.6328	27.53	0.713	14	1.762	28.15	46.35
311	0.6307	27.71	0.7128	14	1.754	28.16	46.33
312	0.6287	27.89	0.7125	14	1.745	28.17	46.32
313	0.6267	28.07	0.7123	14	1.736	28.18	46.3
314	0.6247	28.25	0.712	14	1.728	28.19	46.28
315	0.6227	28.43	0.7118	14	1.719	28.2	46.27
316	0.6207	28.61	0.7115	14	1.711	28.21	46.25
317	0.6188	28.79	0.7112	14	1.702	28.22	46.23
318	0.6168	28.97	0.711	14	1.694	28.23	46.21
319	0.6149	29.16	0.7107	14	1.686	28.24	46.19
320	0.613	29.34	0.7104	14	1.677	28.25	46.18
321	0.6111	29.52	0.7101	14	1.669	28.27	46.15
322	0.6092	29.71	0.7098	14	1.661	28.28	46.14
323	0.6073	29.89	0.7095	14	1.653	28.29	46.12
324	0.6054	30.08	0.7092	14	1.645	28.3	46.1
325	0.6036	30.26	0.7089	14	1.637	28.31	46.08
326	0.6017	30.45	0.7086	14	1.629	28.33	46.06
327	0.5999	30.64	0.7083	14	1.621	28.34	46.04
328	0.598	30.82	0.708	14	1.613	28.35	46.02
329	0.5962	31.01	0.7077	14	1.605	28.36	46
330	0.5944	31.2	0.7074	14	1.597	28.38	45.98
331	0.5926	31.39	0.707	14	1.589	28.39	45.96
332	0.5908	31.58	0.7067	14	1.582	28.4	45.94
333	0.5891	31.77	0.7064	14	1.574	28.41	45.91
334	0.5873	31.96	0.706	14	1.566	28.43	45.89
335	0.5855	32.15	0.7057	14	1.559	28.44	45.87
336	0.5838	32.35	0.7054	14	1.551	28.46	45.85
337	0.5821	32.54	0.705	14	1.544	28.47	45.83
338	0.5803	32.73	0.7047	14	1.536	28.48	45.8
339	0.5786	32.93	0.7043	14	1.529	28.5	45.78
340	0.5769	33.12	0.704	14	1.521	28.51	45.76
341	0.5752	33.32	0.7036	14	1.514	28.53	45.73
342	0.5735	33.51	0.7032	14	1.507	28.54	45.71
343	0.5719	33.71	0.7029	14	1.499	28.56	45.69
344	0.5702	33.9	0.7025	14	1.492	28.57	45.66
345	0.5686	34.1	0.7021	14	1.485	28.59	45.64
346	0.5669	34.3	0.7017	14	1.478	28.6	45.61
347	0.5653	34.5	0.7013	14	1.47	28.62	45.59
348	0.5637	34.7	0.7009	14	1.463	28.64	45.56
349	0.562	34.9	0.7005	14	1.456	28.65	45.53
350	0.5604	35.1	0.7001	14	1.449	28.67	45.51
351	0.5588	35.3	0.6997	14	1.442	28.69	45.48
352	0.5573	35.5	0.6993	14	1.435	28.7	45.45
353	0.5557	35.7	0.6989	14	1.428	28.72	45.43
354	0.5541	35.9	0.6985	14	1.421	28.74	45.4
355	0.5525	36.11	0.698	14	1.414	28.75	45.37
356	0.551	36.31	0.6975	14	1.407	28.78	45.34
357	0.5495	36.52	0.6971	14	1.4	28.79	45.31
358	0.5479	36.72	0.6966	14	1.394	28.81	45.28
359	0.5464	36.93	0.6962	14	1.387	28.83	45.25
360	0.5449	37.13	0.6957	14	1.38	28.85	45.22
361	0.5434	37.34	0.6952	14	1.373	28.87	45.19
362	0.5419	37.55	0.6946	14	1.366	28.89	45.15
363	0.5404	37.75	0.6941	14	1.359	28.92	45.12
364	0.5389	37.96	0.6936	14	1.352	28.94	45.08
365	0.5374	38.17	0.693	14	1.345	28.96	45.05
366	0.5359	38.38	0.6924	14	1.338	28.99	45.01
367	0.5345	38.59	0.6918	14	1.331	29.01	44.97
368	0.533	38.8	0.6912	14	1.323	29.04	44.93
369	0.5316	39.01	0.6905	14	1.316	29.07	44.89
370	0.5301	39.22	0.6899	14	1.308	29.09	44.84
371	0.5287	39.44	0.6892	14	1.3	29.12	44.8
372	0.5273	39.65	0.6885	14	1.292	29.15	44.75
373	0.5259	39.86	0.6877	14	1.284	29.19	44.7
374	0.5245	40.08	0.6869	14	1.276	29.22	44.65
375	0.5231	40.29	0.6862	14	1.267	29.25	44.6
376	0.5217	40.51	0.6854	14	1.258	29.29	44.55
377	0.5203	40.72	0.6846	14	1.248	29.32	44.5
378	0.5189	40.94	0.6838	14	1.239	29.35	44.45
379	0.5176	41.15	0.683	14	1.229	29.39	44.4
380	0.5162	41.37	0.6823	14	1.218	29.42	44.35
381	0.5148	41.59	0.6816	14	1.208	29.45	44.3
382	0.5135	41.81	0.681	14	1.198	29.47	44.26
383	0.5122	42.03	0.6805	14	1.188	29.5	44.23
384	0.5108	42.25	0.6802	14	1.178	29.51	44.21
385	0.5095	42.47	0.6799	14	1.169	29.52	44.2
386	0.5082	42.69	0.6798	14	1.161	29.53	44.19
387	0.5069	42.91	0.6797	14	1.153	29.53	44.18
388	0.5056	43.13	0.6797	14	1.146	29.53	44.18
389	0.5043	43.35	0.68	14	1.14	29.52	44.2
390	0.503	43.58	0.6803	14	1.135	29.5	44.22
391	0.5017	43.8	0.6806	14	1.131	29.49	44.24
392	0.5004	44.03	0.681	14	1.127	29.47	44.26
393	0.4991	44.25	0.6814	14	1.124	29.46	44.29
394	0.4979	44.48	0.6817	14	1.121	29.44	44.31
395	0.4966	44.7	0.6821	14	1.119	29.43	44.34
396	0.4953	44.93	0.6824	14	1.116	29.41	44.36
397	0.4941	45.16	0.6827	14	1.114	29.4	44.37
398	0.4928	45.38	0.6829	14	1.111	29.39	44.39
399	0.4916	45.61	0.683	14	1.109	29.39	44.4
400	0.4904	45.84	0.6831	14	1.106	29.38	44.4
401	0.4892	46.07	0.6831	14	1.103	29.38	44.4
402	0.4879	46.3	0.683	14	1.1	29.39	44.4
403	0.4867	46.53	0.6829	14	1.096	29.39	44.39
404	0.4855	46.76	0.6828	14	1.093	29.39	44.38
405	0.4843	46.99	0.6827	14	1.089	29.4	44.38
406	0.4831	47.23	0.6825	14	1.086	29.41	44.36
407	0.482	47.46	0.6823	14	1.082	29.42	44.35
408	0.4808	47.69	0.6821	14	1.078	29.43	44.33
409	0.4796	47.93	0.6818	14	1.074	29.44	44.32
410	0.4784	48.16	0.6815	14	1.07	29.45	44.3
411	0.4773	48.4	0.6812	14	1.066	29.47	44.28
412	0.4761	48.63	0.6808	14	1.061	29.48	44.25
413	0.4749	48.87	0.6805	14	1.057	29.49	44.23
414	0.4738	49.11	0.6801	14	1.053	29.51	44.21
415	0.4727	49.34	0.6799	14	1.049	29.52	44.19
416	0.4715	49.58	0.6795	14	1.045	29.54	44.17
417	0.4704	49.82	0.6791	14	1.041	29.55	44.14
418	0.4693	50.06	0.6788	14	1.036	29.57	44.12
419	0.4681	50.3	0.6784	14	1.032	29.58	44.1
420	0.467	50.54	0.6781	14	1.028	29.6	44.08
421	0.4659	50.78	0.6777	14	1.024	29.62	44.05
422	0.4648	51.02	0.6774	14	1.02	29.63	44.03
423	0.4637	51.26	0.6771	14	1.016	29.64	44.01
424	0.4626	51.51	0.6767	14	1.012	29.66	43.99
425	0.4615	51.75	0.6764	14	1.009	29.67	43.96
426	0.4605	51.99	0.676	14	1.005	29.69	43.94
427	0.4594	52.24	0.6757	14	1.001	29.7	43.92
428	0.4583	52.48	0.6753	14	0.9971	29.72	43.9
429	0.4572	52.73	0.675	14	0.9933	29.74	43.87
430	0.4562	52.98	0.6746	14	0.9896	29.75	43.85
431	0.4551	53.22	0.6742	14	0.9858	29.77	43.82
432	0.4541	53.47	0.6739	14	0.9821	29.79	43.8
433	0.453	53.72	0.6736	14	0.9785	29.8	43.78
434	0.452	53.97	0.6732	14	0.975	29.82	43.76
435	0.4509	54.21	0.6728	14	0.9713	29.83	43.73
436	0.4499	54.46	0.6724	14	0.9677	29.85	43.7
437	0.4489	54.71	0.672	14	0.9641	29.87	43.68
438	0.4478	54.97	0.6716	14	0.9606	29.89	43.65
439	0.4468	55.22	0.6712	14	0.9571	29.9	43.63
440	0.4458	55.47	0.6708	14	0.9535	29.92	43.6
441	0.4448	55.72	0.6704	14	0.9501	29.94	43.58
442	0.4438	55.97	0.67	14	0.9466	29.96	43.55
443	0.4428	56.23	0.6696	14	0.9431	29.98	43.52
444	0.4418	56.48	0.6692	14	0.9397	29.99	43.5
445	0.4408	56.74	0.6688	14	0.9362	30.01	43.47
446	0.4398	56.99	0.6683	14	0.9328	30.03	43.44
447	0.4388	57.25	0.6679	14	0.9294	30.05	43.41
448	0.4378	57.5	0.6675	14	0.926	30.07	43.38
449	0.4369	57.76	0.667	14	0.9227	30.09	43.36
450	0.4359	58.02	0.6666	14	0.9193	30.11	43.33
451	0.4349	58.28	0.6661	14	0.916	30.13	43.3
452	0.434	58.54	0.6656	14	0.9126	30.15	43.27
453	0.433	58.79	0.6652	14	0.9093	30.17	43.24
454	0.4321	59.05	0.6647	14	0.906	30.2	43.21
455	0.4311	59.31	0.6642	14	0.9027	30.22	43.17
456	0.4302	59.58	0.6637	14	0.8994	30.24	43.14
457	0.4292	59.84	0.6633	14	0.8962	30.26	43.11
458	0.4283	60.1	0.6628	14	0.8929	30.29	43.08
459	0.4274	60.36	0.6622	14	0.8897	30.31	43.05
460	0.4264	60.63	0.6617	14	0.8864	30.33	43.01
461	0.4255	60.89	0.6612	14	0.8832	30.36	42.98
462	0.4246	61.15	0.6607	14	0.88	30.38	42.94
463	0.4237	61.42	0.6601	14	0.8768	30.4	42.91
464	0.4227	61.68	0.6596	14	0.8735	30.43	42.87
465	0.4218	61.95	0.659	14	0.8704	30.46	42.84
466	0.4209	62.22	0.6585	14	0.8672	30.48	42.8
467	0.42	62.48	0.6579	14	0.864	30.51	42.76
468	0.4191	62.75	0.6573	14	0.8608	30.53	42.73
469	0.4182	63.02	0.6568	14	0.8576	30.56	42.69
470	0.4173	63.29	0.6562	14	0.8545	30.59	42.65
471	0.4165	63.56	0.6556	14	0.8513	30.62	42.61
472	0.4156	63.83	0.6549	14	0.8482	30.65	42.57
473	0.4147	64.1	0.6543	14	0.845	30.68	42.53
474	0.4138	64.37	0.6537	14	0.8419	30.71	42.49
475	0.413	64.64	0.653	14	0.8388	30.74	42.45
476	0.4121	64.92	0.6524	14	0.8357	30.77	42.4
477	0.4112	65.19	0.6517	14	0.8326	30.8	42.36
478	0.4104	65.46	0.651	14	0.8295	30.83	42.32
479	0.4095	65.74	0.6503	14	0.8263	30.86	42.27
480	0.4087	66.01	0.6496	14	0.8232	30.9	42.23
481	0.4078	66.29	0.6489	14	0.8202	30.93	42.18
482	0.407	66.56	0.6482	14	0.8171	30.97	42.13
483	0.4061	66.84	0.6474	14	0.814	31	42.08
484	0.4053	67.12	0.6467	14	0.8109	31.04	42.03
485	0.4044	67.39	0.6459	14	0.8078	31.08	41.98
486	0.4036	67.67	0.6451	14	0.8047	31.11	41.93
487	0.4028	67.95	0.6443	14	0.8016	31.15	41.88
488	0.402	68.23	0.6435	14	0.7984	31.19	41.82
489	0.4011	68.51	0.6426	14	0.7953	31.23	41.77
490	0.4003	68.79	0.6417	14	0.7921	31.28	41.71
491	0.3995	69.07	0.6408	14	0.7889	31.32	41.65
492	0.3987	69.35	0.6399	14	0.7857	31.37	41.59
493	0.3979	69.64	0.639	14	0.7825	31.41	41.53
494	0.3971	69.92	0.638	14	0.7792	31.46	41.47
495	0.3963	70.2	0.637	14	0.7758	31.51	41.4
496	0.3955	70.49	0.6359	14	0.7724	31.56	41.34
497	0.3947	70.77	0.6349	14	0.769	31.61	41.27
498	0.3939	71.06	0.6338	14	0.7654	31.67	41.2
499	0.3931	71.34	0.6326	14	0.7618	31.73	41.12
500	0.3923	71.63	0.6315	14	0.7582	31.79	41.05
501	0.3915	71.91	0.6303	14	0.7544	31.85	40.97
502	0.3907	72.2	0.629	14	0.7505	31.91	40.88
503	0.39	72.49	0.6277	14	0.7465	31.98	40.8
504	0.3892	72.78	0.6264	14	0.7424	32.04	40.71
505	0.3884	73.07	0.625	14	0.7381	32.12	40.62
506	0.3877	73.36	0.6235	14	0.7336	32.19	40.53
507	0.3869	73.65	0.622	14	0.729	32.27	40.43
508	0.3861	73.94	0.6205	14	0.7241	32.35	40.33
509	0.3854	74.23	0.6189	14	0.7191	32.43	40.23
510	0.3846	74.52	0.6172	14	0.7138	32.52	40.12
511	0.3839	74.81	0.6155	14	0.7082	32.61	40.01
512	0.3831	75.11	0.6137	14	0.7023	32.7	39.89
513	0.3824	75.4	0.612	14	0.6961	32.8	39.78
514	0.3816	75.69	0.6101	14	0.6897	32.9	39.66
515	0.3809	75.99	0.6081	14	0.6827	33.01	39.53
516	0.3801	76.28	0.6061	14	0.6754	33.12	39.4
517	0.3794	76.58	0.6041	14	0.6676	33.23	39.26
518	0.3787	76.88	0.602	14	0.6593	33.34	39.13
519	0.3779	77.17	0.5999	14	0.6505	33.46	38.99
520	0.3772	77.47	0.5977	14	0.6413	33.58	38.85
521	0.3765	77.77	0.5956	14	0.6317	33.7	38.72
522	0.3758	78.07	0.5935	14	0.6216	33.82	38.58
523	0.3751	78.37	0.5915	14	0.6111	33.93	38.45
524	0.3743	78.67	0.5895	14	0.6001	34.05	38.32
525	0.3736	78.97	0.5876	14	0.5887	34.16	38.2
526	0.3729	79.27	0.5859	14	0.577	34.26	38.08
527	0.3722	79.57	0.5843	14	0.5651	34.35	37.98
528	0.3715	79.87	0.5829	14	0.553	34.43	37.89
529	0.3708	80.18	0.5818	14	0.5408	34.5	37.82
530	0.3701	80.48	0.5809	14	0.5287	34.55	37.76
531	0.3694	80.78	0.5803	14	0.5167	34.59	37.72
532	0.3687	81.09	0.5802	14	0.505	34.6	37.71
533	0.368	81.39	0.5803	14	0.4938	34.59	37.72
534	0.3673	81.7	0.5808	14	0.483	34.56	37.75
535	0.3666	82.01	0.5816	14	0.4727	34.51	37.81
536	0.366	82.31	0.5829	14	0.4632	34.43	37.89
537	0.3653	82.62	0.5847	14	0.4544	34.33	38
538	0.3646	82.93	0.5868	14	0.4466	34.21	38.14
539	0.3639	83.24	0.5893	14	0.4396	34.06	38.3
540	0.3632	83.55	0.5921	14	0.4336	33.9	38.49
541	0.3626	83.86	0.5952	14	0.4287	33.72	38.69
542	0.3619	84.17	0.5986	14	0.4247	33.53	38.91
543	0.3612	84.48	0.6023	14	0.4218	33.32	39.15
544	0.3606	84.79	0.6062	14	0.4199	33.11	39.4
545	0.3599	85.1	0.6102	14	0.4189	32.89	39.66
546	0.3593	85.41	0.6144	14	0.4188	32.67	39.93
547	0.3586	85.73	0.6186	14	0.4196	32.45	40.21
548	0.3579	86.04	0.6228	14	0.4212	32.23	40.48
549	0.3573	86.35	0.627	14	0.4235	32.01	40.75
550	0.3566	86.67	0.6311	14	0.4265	31.8	41.02
551	0.356	86.98	0.6351	14	0.4298	31.6	41.28
552	0.3554	87.3	0.639	14	0.4335	31.41	41.53
553	0.3547	87.62	0.6426	14	0.4375	31.23	41.77
554	0.3541	87.93	0.6461	14	0.4417	31.06	42
555	0.3534	88.25	0.6494	14	0.446	30.91	42.21
556	0.3528	88.57	0.6525	14	0.4504	30.76	42.41
557	0.3522	88.89	0.6553	14	0.4547	30.63	42.59
558	0.3515	89.21	0.6579	14	0.4588	30.51	42.76
559	0.3509	89.53	0.6602	14	0.4626	30.4	42.91
560	0.3503	89.85	0.6622	14	0.4662	30.31	43.04
561	0.3497	90.17	0.664	14	0.4694	30.23	43.16
562	0.349	90.49	0.6656	14	0.4724	30.15	43.27
563	0.3484	90.81	0.667	14	0.475	30.09	43.36
564	0.3478	91.14	0.6683	14	0.4772	30.03	43.44
565	0.3472	91.46	0.6694	14	0.4792	29.99	43.51
566	0.3466	91.79	0.6702	14	0.4808	29.95	43.56
567	0.346	92.11	0.6709	14	0.4821	29.92	43.61
568	0.3453	92.43	0.6715	14	0.4831	29.89	43.65
569	0.3447	92.76	0.6719	14	0.4838	29.87	43.67
570	0.3441	93.09	0.6721	14	0.4842	29.86	43.69
571	0.3435	93.41	0.6723	14	0.4844	29.85	43.7
572	0.3429	93.74	0.6725	14	0.4844	29.85	43.71
573	0.3423	94.07	0.6726	14	0.4842	29.84	43.72
574	0.3417	94.4	0.6725	14	0.4839	29.85	43.71
575	0.3411	94.73	0.6724	14	0.4834	29.85	43.71
576	0.3405	95.06	0.6723	14	0.4828	29.85	43.7
577	0.34	95.39	0.6722	14	0.4822	29.86	43.69
578	0.3394	95.72	0.6721	14	0.4814	29.87	43.68
579	0.3388	96.05	0.6719	14	0.4805	29.87	43.67
580	0.3382	96.38	0.6717	14	0.4796	29.88	43.66
581	0.3376	96.71	0.6715	14	0.4786	29.89	43.65
582	0.337	97.05	0.6713	14	0.4776	29.9	43.63
583	0.3365	97.38	0.671	14	0.4765	29.91	43.61
584	0.3359	97.72	0.6707	14	0.4754	29.92	43.6
585	0.3353	98.05	0.6704	14	0.4743	29.94	43.58
586	0.3347	98.39	0.6702	14	0.4731	29.95	43.56
587	0.3342	98.72	0.67	14	0.4719	29.96	43.55
588	0.3336	99.06	0.6698	14	0.4708	29.97	43.54
589	0.333	99.4	0.6695	14	0.4696	29.98	43.52
590	0.3325	99.73	0.6693	14	0.4684	29.99	43.5
591	0.3319	100.1	0.6691	14	0.4672	30	43.49
592	0.3313	100.4	0.6689	14	0.466	30.01	43.48
593	0.3308	100.8	0.6687	14	0.4649	30.02	43.46
594	0.3302	101.1	0.6685	14	0.4637	30.03	43.45
595	0.3297	101.4	0.6683	14	0.4625	30.04	43.44
596	0.3291	101.8	0.6681	14	0.4613	30.04	43.42
597	0.3286	102.1	0.6679	14	0.4602	30.05	43.41
598	0.328	102.5	0.6677	14	0.459	30.06	43.4
599	0.3275	102.8	0.6675	14	0.4578	30.07	43.39
600	0.3269	103.1	0.6673	14	0.4566	30.08	43.37
601	0.3264	103.5	0.6671	14	0.4555	30.09	43.36
602	0.3258	103.8	0.6669	14	0.4543	30.1	43.35
603	0.3253	104.2	0.6667	14	0.4531	30.11	43.33
604	0.3248	104.5	0.6664	14	0.4519	30.12	43.32
605	0.3242	104.9	0.6662	14	0.4507	30.13	43.3
606	0.3237	105.2	0.666	14	0.4496	30.14	43.29
607	0.3232	105.6	0.6659	14	0.4484	30.14	43.28
608	0.3226	105.9	0.6657	14	0.4473	30.15	43.27
609	0.3221	106.3	0.6655	14	0.4462	30.16	43.26
610	0.3216	106.6	0.6654	14	0.445	30.17	43.25
611	0.321	107	0.6652	14	0.4439	30.17	43.24
612	0.3205	107.3	0.665	14	0.4428	30.18	43.22
613	0.32	107.7	0.6648	14	0.4417	30.19	43.21
614	0.3195	108	0.6646	14	0.4406	30.2	43.2
615	0.3189	108.4	0.6645	14	0.4395	30.21	43.19
616	0.3184	108.7	0.6643	14	0.4383	30.22	43.18
617	0.3179	109.1	0.6641	14	0.4372	30.22	43.17
618	0.3174	109.4	0.6639	14	0.4361	30.23	43.15
619	0.3169	109.8	0.6637	14	0.435	30.24	43.14
620	0.3164	110.1	0.6636	14	0.4339	30.25	43.13
621	0.3159	110.5	0.6634	14	0.4329	30.26	43.12
622	0.3154	110.8	0.6632	14	0.4318	30.26	43.11
623	0.3149	111.2	0.663	14	0.4307	30.27	43.09
624	0.3143	111.6	0.6628	14	0.4296	30.28	43.08
625	0.3138	111.9	0.6626	14	0.4285	30.29	43.07
626	0.3133	112.3	0.6624	14	0.4274	30.3	43.06
627	0.3128	112.6	0.6622	14	0.4264	30.31	43.04
628	0.3123	113	0.662	14	0.4253	30.32	43.03
629	0.3119	113.4	0.6618	14	0.4242	30.33	43.02
630	0.3114	113.7	0.6615	14	0.4231	30.34	43
631	0.3109	114.1	0.6613	14	0.422	30.35	42.99
632	0.3104	114.4	0.6611	14	0.421	30.36	42.97
633	0.3099	114.8	0.6609	14	0.4199	30.37	42.96
634	0.3094	115.2	0.6607	14	0.4189	30.38	42.94
635	0.3089	115.5	0.6605	14	0.4178	30.39	42.93
636	0.3084	115.9	0.6603	14	0.4167	30.4	42.92
637	0.3079	116.3	0.66	14	0.4157	30.41	42.9
638	0.3075	116.6	0.6598	14	0.4146	30.42	42.89
639	0.307	117	0.6595	14	0.4136	30.43	42.87
640	0.3065	117.4	0.6594	14	0.4125	30.44	42.86
641	0.306	117.7	0.6591	14	0.4115	30.45	42.84
642	0.3055	118.1	0.6589	14	0.4104	30.46	42.83
643	0.3051	118.5	0.6586	14	0.4094	30.48	42.81
644	0.3046	118.8	0.6584	14	0.4084	30.48	42.8
645	0.3041	119.2	0.6581	14	0.4074	30.5	42.78
646	0.3036	119.6	0.6579	14	0.4063	30.51	42.76
647	0.3032	119.9	0.6577	14	0.4053	30.52	42.75
648	0.3027	120.3	0.6574	14	0.4043	30.53	42.73
649	0.3022	120.7	0.6571	14	0.4032	30.54	42.71
650	0.3018	121.1	0.6569	14	0.4022	30.56	42.7
651	0.3013	121.4	0.6566	14	0.4012	30.57	42.68
652	0.3008	121.8	0.6564	14	0.4002	30.58	42.67
653	0.3004	122.2	0.6561	14	0.3992	30.59	42.65
654	0.2999	122.5	0.6559	14	0.3982	30.6	42.63
655	0.2995	122.9	0.6556	14	0.3971	30.62	42.61
656	0.299	123.3	0.6553	14	0.3961	30.63	42.6
657	0.2986	123.7	0.6551	14	0.3951	30.64	42.58
658	0.2981	124	0.6548	14	0.3941	30.65	42.56
659	0.2977	124.4	0.6545	14	0.3931	30.67	42.54
660	0.2972	124.8	0.6542	14	0.3921	30.68	42.53
661	0.2968	125.2	0.654	14	0.3911	30.69	42.51
662	0.2963	125.6	0.6537	14	0.3901	30.7	42.49
663	0.2959	125.9	0.6534	14	0.3891	30.72	42.47
664	0.2954	126.3	0.6531	14	0.3882	30.73	42.45
665	0.295	126.7	0.6529	14	0.3872	30.74	42.44
666	0.2945	127.1	0.6526	14	0.3862	30.76	42.42
667	0.2941	127.5	0.6523	14	0.3852	30.77	42.4
668	0.2936	127.8	0.652	14	0.3842	30.78	42.38
669	0.2932	128.2	0.6517	14	0.3833	30.8	42.36
670	0.2928	128.6	0.6514	14	0.3823	30.81	42.34
671	0.2923	129	0.6511	14	0.3813	30.82	42.32
672	0.2919	129.4	0.6509	14	0.3803	30.84	42.31
673	0.2915	129.8	0.6506	14	0.3794	30.85	42.29
674	0.291	130.2	0.6503	14	0.3784	30.87	42.27
675	0.2906	130.5	0.6499	14	0.3774	30.88	42.25
676	0.2902	130.9	0.6496	14	0.3765	30.9	42.23
677	0.2897	131.3	0.6493	14	0.3755	30.91	42.21
678	0.2893	131.7	0.649	14	0.3746	30.93	42.19
679	0.2889	132.1	0.6487	14	0.3736	30.94	42.17
680	0.2885	132.5	0.6484	14	0.3727	30.96	42.15
681	0.288	132.9	0.6481	14	0.3717	30.97	42.13
682	0.2876	133.3	0.6478	14	0.3708	30.99	42.1
683	0.2872	133.7	0.6474	14	0.3698	31	42.08
684	0.2868	134	0.6471	14	0.3689	31.02	42.06
685	0.2864	134.4	0.6468	14	0.3679	31.03	42.04
686	0.2859	134.8	0.6465	14	0.367	31.05	42.02
687	0.2855	135.2	0.6461	14	0.366	31.06	42
688	0.2851	135.6	0.6458	14	0.3651	31.08	41.98
689	0.2847	136	0.6454	14	0.3642	31.1	41.95
690	0.2843	136.4	0.6451	14	0.3632	31.11	41.93
691	0.2839	136.8	0.6448	14	0.3623	31.13	41.91
692	0.2835	137.2	0.6444	14	0.3614	31.15	41.89
693	0.2831	137.6	0.6441	14	0.3604	31.16	41.86
694	0.2826	138	0.6437	14	0.3595	31.18	41.84
695	0.2822	138.4	0.6434	14	0.3586	31.2	41.82
696	0.2818	138.8	0.643	14	0.3576	31.22	41.8
697	0.2814	139.2	0.6426	14	0.3567	31.23	41.77
698	0.281	139.6	0.6423	14	0.3558	31.25	41.75
699	0.2806	140	0.6419	14	0.3549	31.27	41.72
700	0.2802	140.4	0.6415	14	0.354	31.29	41.7
701	0.2798	140.8	0.6412	14	0.353	31.3	41.68
702	0.2794	141.2	0.6408	14	0.3521	31.32	41.65
703	0.279	141.6	0.6404	14	0.3512	31.34	41.63
704	0.2786	142	0.64	14	0.3503	31.36	41.6
705	0.2782	142.4	0.6397	14	0.3494	31.38	41.58
706	0.2778	142.8	0.6393	14	0.3485	31.4	41.55
707	0.2774	143.2	0.6389	14	0.3476	31.42	41.53
708	0.2771	143.6	0.6385	14	0.3466	31.44	41.5
709	0.2767	144	0.6381	14	0.3457	31.46	41.48
710	0.2763	144.4	0.6377	14	0.3448	31.47	41.45
711	0.2759	144.8	0.6373	14	0.3439	31.49	41.42
712	0.2755	145.2	0.6369	14	0.343	31.51	41.4
713	0.2751	145.7	0.6365	14	0.3421	31.54	41.37
714	0.2747	146.1	0.636	14	0.3412	31.56	41.34
715	0.2743	146.5	0.6356	14	0.3403	31.58	41.31
716	0.274	146.9	0.6351	14	0.3394	31.6	41.28
717	0.2736	147.3	0.6347	14	0.3385	31.62	41.26
718	0.2732	147.7	0.6343	14	0.3376	31.64	41.23
719	0.2728	148.1	0.6338	14	0.3367	31.67	41.2
720	0.2724	148.5	0.6334	14	0.3358	31.69	41.17
721	0.2721	148.9	0.633	14	0.3349	31.71	41.14
722	0.2717	149.4	0.6325	14	0.334	31.73	41.11
723	0.2713	149.8	0.6321	14	0.3331	31.75	41.08
724	0.2709	150.2	0.6316	14	0.3322	31.78	41.06
725	0.2706	150.6	0.6312	14	0.3313	31.8	41.03
726	0.2702	151	0.6307	14	0.3304	31.82	41
727	0.2698	151.4	0.6303	14	0.3295	31.85	40.97
728	0.2694	151.8	0.6298	14	0.3286	31.87	40.94
729	0.2691	152.3	0.6293	14	0.3277	31.89	40.91
730	0.2687	152.7	0.6289	14	0.3268	31.92	40.88
731	0.2683	153.1	0.6284	14	0.326	31.94	40.85
732	0.268	153.5	0.6279	14	0.3251	31.96	40.82
733	0.2676	153.9	0.6275	14	0.3242	31.99	40.79
734	0.2672	154.4	0.627	14	0.3233	32.01	40.75
735	0.2669	154.8	0.6265	14	0.3224	32.04	40.72
736	0.2665	155.2	0.626	14	0.3216	32.06	40.69
737	0.2662	155.6	0.6255	14	0.3207	32.09	40.66
738	0.2658	156	0.625	14	0.3198	32.11	40.63
739	0.2654	156.5	0.6245	14	0.3189	32.14	40.6
740	0.2651	156.9	0.624	14	0.318	32.16	40.56
741	0.2647	157.3	0.6235	14	0.3172	32.19	40.53
742	0.2644	157.7	0.623	14	0.3163	32.22	40.5
743	0.264	158.2	0.6225	14	0.3154	32.24	40.46
744	0.2636	158.6	0.622	14	0.3145	32.27	40.43
745	0.2633	159	0.6215	14	0.3137	32.3	40.4
746	0.2629	159.4	0.621	14	0.3128	32.32	40.36
747	0.2626	159.9	0.6204	14	0.3119	32.35	40.33
748	0.2622	160.3	0.6199	14	0.311	32.38	40.29
749	0.2619	160.7	0.6193	14	0.3102	32.41	40.26
750	0.2615	161.2	0.6188	14	0.3093	32.44	40.22
751	0.2612	161.6	0.6182	14	0.3084	32.47	40.18
752	0.2608	162	0.6177	14	0.3075	32.5	40.15
753	0.2605	162.5	0.6171	14	0.3066	32.53	40.11
754	0.2602	162.9	0.6165	14	0.3058	32.56	40.07
755	0.2598	163.3	0.616	14	0.3049	32.59	40.04
756	0.2595	163.8	0.6154	14	0.304	32.62	40
757	0.2591	164.2	0.6148	14	0.3031	32.65	39.96
758	0.2588	164.6	0.6142	14	0.3023	32.68	39.92
759	0.2584	165.1	0.6136	14	0.3014	32.71	39.89
760	0.2581	165.5	0.613	14	0.3005	32.74	39.85
761	0.2578	165.9	0.6125	14	0.2996	32.77	39.81
762	0.2574	166.4	0.6119	14	0.2988	32.8	39.77
763	0.2571	166.8	0.6112	14	0.2979	32.84	39.73
764	0.2567	167.2	0.6106	14	0.297	32.87	39.69
765	0.2564	167.7	0.61	14	0.2961	32.9	39.65
766	0.2561	168.1	0.6094	14	0.2953	32.94	39.61
767	0.2557	168.6	0.6088	14	0.2944	32.97	39.57
768	0.2554	169	0.6081	14	0.2935	33	39.53
769	0.2551	169.4	0.6075	14	0.2926	33.04	39.49
770	0.2547	169.9	0.6069	14	0.2918	33.07	39.45
771	0.2544	170.3	0.6062	14	0.2909	33.11	39.4
772	0.2541	170.8	0.6056	14	0.29	33.15	39.36
773	0.2538	171.2	0.6049	14	0.2891	33.18	39.32
774	0.2534	171.6	0.6042	14	0.2883	33.22	39.27
775	0.2531	172.1	0.6036	14	0.2874	33.26	39.23
776	0.2528	172.5	0.6029	14	0.2865	33.29	39.19
777	0.2525	173	0.6022	14	0.2856	33.33	39.14
778	0.2521	173.4	0.6015	14	0.2847	33.37	39.1
779	0.2518	173.9	0.6008	14	0.2838	33.41	39.05
780	0.2515	174.3	0.6001	14	0.2829	33.45	39.01
781	0.2512	174.8	0.5994	14	0.2821	33.49	38.96
782	0.2508	175.2	0.5987	14	0.2812	33.53	38.91
783	0.2505	175.7	0.5979	14	0.2803	33.57	38.87
784	0.2502	176.1	0.5972	14	0.2794	33.61	38.82
785	0.2499	176.6	0.5965	14	0.2785	33.65	38.77
786	0.2496	177	0.5957	14	0.2776	33.69	38.72
787	0.2492	177.5	0.5949	14	0.2767	33.74	38.67
788	0.2489	177.9	0.5942	14	0.2758	33.78	38.62
789	0.2486	178.4	0.5934	14	0.2749	33.82	38.57
790	0.2483	178.8	0.5926	14	0.274	33.87	38.52
791	0.248	179.3	0.5918	14	0.273	33.91	38.47
792	0.2477	179.7	0.591	14	0.2721	33.96	38.42
793	0.2474	180.2	0.5902	14	0.2712	34.01	38.36
794	0.247	180.6	0.5894	14	0.2703	34.05	38.31
795	0.2467	181.1	0.5886	14	0.2694	34.1	38.26
796	0.2464	181.5	0.5877	14	0.2684	34.15	38.2
797	0.2461	182	0.5869	14	0.2675	34.2	38.15
798	0.2458	182.5	0.586	14	0.2666	34.25	38.09
799	0.2455	182.9	0.5852	14	0.2656	34.3	38.04
800	0.2452	183.4	0.5843	14	0.2647	34.35	37.98
801	0.2449	183.8	0.5834	14	0.2637	34.4	37.92
802	0.2446	184.3	0.5825	14	0.2628	34.46	37.86
803	0.2443	184.7	0.5816	14	0.2618	34.51	37.8
804	0.244	185.2	0.5807	14	0.2608	34.57	37.74
805	0.2437	185.7	0.5797	14	0.2598	34.62	37.68
806	0.2434	186.1	0.5788	14	0.2589	34.68	37.62
807	0.2431	186.6	0.5778	14	0.2579	34.74	37.56
808	0.2428	187.1	0.5768	14	0.2569	34.8	37.49
809	0.2425	187.5	0.5758	14	0.2559	34.86	37.43
810	0.2422	188	0.5749	14	0.2548	34.91	37.37
811	0.2419	188.4	0.5739	14	0.2538	34.97	37.3
812	0.2416	188.9	0.5729	14	0.2528	35.04	37.24
813	0.2413	189.4	0.5719	14	0.2518	35.1	37.17
814	0.241	189.8	0.5708	14	0.2507	35.16	37.1
815	0.2407	190.3	0.5698	14	0.2497	35.23	37.04
816	0.2404	190.8	0.5687	14	0.2486	35.29	36.97
817	0.2401	191.2	0.5676	14	0.2475	35.36	36.9
818	0.2398	191.7	0.5665	14	0.2464	35.43	36.82
819	0.2395	192.2	0.5654	14	0.2453	35.5	36.75
820	0.2392	192.6	0.5642	14	0.2441	35.57	36.67
821	0.2389	193.1	0.563	14	0.243	35.65	36.6
822	0.2386	193.6	0.5618	14	0.2418	35.73	36.52
823	0.2383	194.1	0.5606	14	0.2406	35.8	36.44
824	0.2381	194.5	0.5593	14	0.2394	35.89	36.36
825	0.2378	195	0.558	14	0.2381	35.97	36.27
826	0.2375	195.5	0.5567	14	0.2368	36.05	36.19
827	0.2372	196	0.5554	14	0.2355	36.14	36.1
828	0.2369	196.4	0.554	14	0.2342	36.23	36.01
829	0.2366	196.9	0.5526	14	0.2328	36.32	35.92
830	0.2363	197.4	0.5511	14	0.2314	36.42	35.82
831	0.236	197.9	0.5496	14	0.23	36.52	35.72
832	0.2358	198.3	0.548	14	0.2285	36.62	35.62
833	0.2355	198.8	0.5465	14	0.2269	36.73	35.52
834	0.2352	199.3	0.5449	14	0.2254	36.83	35.42
835	0.2349	199.8	0.5433	14	0.2238	36.94	35.31
836	0.2346	200.2	0.5417	14	0.2221	37.06	35.21
837	0.2344	200.7	0.54	14	0.2204	37.17	35.1
838	0.2341	201.2	0.5383	14	0.2187	37.29	34.99
839	0.2338	201.7	0.5365	14	0.2169	37.41	34.87
840	0.2335	202.2	0.5347	14	0.215	37.54	34.76
841	0.2332	202.6	0.5329	14	0.2131	37.67	34.64
842	0.233	203.1	0.531	14	0.2111	37.8	34.51
843	0.2327	203.6	0.5291	14	0.209	37.94	34.39
844	0.2324	204.1	0.5272	14	0.2069	38.07	34.27
845	0.2321	204.6	0.5252	14	0.2047	38.22	34.14
846	0.2319	205.1	0.5232	14	0.2024	38.37	34.01
847	0.2316	205.5	0.5211	14	0.2001	38.52	33.87
848	0.2313	206	0.5189	14	0.1976	38.68	33.73
849	0.231	206.5	0.5167	14	0.1951	38.84	33.59
850	0.2308	207	0.5144	14	0.1925	39.02	33.43
851	0.2305	207.5	0.512	14	0.1897	39.2	33.28
852	0.2302	208	0.5095	14	0.1868	39.39	33.12
853	0.23	208.5	0.507	14	0.1839	39.59	32.95
854	0.2297	209	0.5044	14	0.1808	39.8	32.78
855	0.2294	209.4	0.5017	14	0.1776	40	32.61
856	0.2292	209.9	0.499	14	0.1743	40.22	32.44
857	0.2289	210.4	0.4963	14	0.171	40.44	32.26
858	0.2286	210.9	0.4934	14	0.1675	40.68	32.07
859	0.2284	211.4	0.4905	14	0.1639	40.92	31.88
860	0.2281	211.9	0.4875	14	0.1602	41.17	31.69
861	0.2278	212.4	0.4845	14	0.1564	41.43	31.49
862	0.2276	212.9	0.4814	14	0.1525	41.69	31.29
863	0.2273	213.4	0.4782	14	0.1485	41.97	31.09
864	0.227	213.9	0.475	14	0.1444	42.25	30.88
865	0.2268	214.4	0.4717	14	0.1402	42.55	30.66
866	0.2265	214.9	0.4684	14	0.1359	42.86	30.44
867	0.2262	215.4	0.4649	14	0.1316	43.18	30.22
868	0.226	215.9	0.4614	14	0.1272	43.5	29.99
869	0.2257	216.4	0.4578	14	0.1228	43.84	29.76
870	0.2255	216.9	0.4543	14	0.1184	44.18	29.53
871	0.2252	217.4	0.4507	14	0.114	44.54	29.29
872	0.2249	217.9	0.4471	14	0.1096	44.89	29.06
873	0.2247	218.4	0.4435	14	0.1052	45.25	28.83
874	0.2244	218.9	0.4399	14	0.1008	45.63	28.59
875	0.2242	219.4	0.4364	14	0.09641	46	28.36
876	0.2239	219.9	0.4328	14	0.09211	46.37	28.13
877	0.2237	220.4	0.4292	14	0.08789	46.76	27.9
878	0.2234	220.9	0.4257	14	0.08374	47.15	27.67
879	0.2232	221.4	0.4222	14	0.07968	47.54	27.45
880	0.2229	221.9	0.4189	14	0.07573	47.91	27.23
881	0.2226	222.4	0.4157	14	0.07191	48.29	27.02
882	0.2224	222.9	0.4124	14	0.0682	48.67	26.81
883	0.2221	223.4	0.4093	14	0.06462	49.04	26.6
884	0.2219	223.9	0.4063	14	0.06117	49.4	26.41
885	0.2216	224.4	0.4035	14	0.05787	49.75	26.23
886	0.2214	224.9	0.4008	14	0.05472	50.08	26.05
887	0.2211	225.4	0.3982	14	0.05172	50.41	25.88
888	0.2209	225.9	0.3957	14	0.04886	50.72	25.72
889	0.2206	226.4	0.3934	14	0.04615	51.01	25.57
890	0.2204	226.9	0.3913	14	0.04359	51.29	25.44
891	0.2202	227.5	0.3895	14	0.04117	51.53	25.32
892	0.2199	228	0.3879	14	0.03891	51.75	25.21
893	0.2197	228.5	0.3864	14	0.03678	51.94	25.12
894	0.2194	229	0.3851	14	0.03479	52.12	25.03
895	0.2192	229.5	0.384	14	0.03292	52.26	24.96
896	0.2189	230	0.3832	14	0.03119	52.37	24.91
897	0.2187	230.5	0.3826	14	0.02957	52.45	24.87
898	0.2184	231	0.3822	14	0.02807	52.52	24.84
899	0.2182	231.6	0.382	14	0.02668	52.54	24.83
900	0.2179	232.1	0.382	14	0.02539	52.54	24.83
901	0.2177	232.6	0.3823	14	0.02421	52.51	24.85
902	0.2175	233.1	0.3827	14	0.02312	52.45	24.87
903	0.2172	233.6	0.3833	14	0.02211	52.37	24.91
904	0.217	234.1	0.3841	14	0.0212	52.25	24.97
905	0.2167	234.7	0.3852	14	0.02036	52.11	25.03
906	0.2165	235.2	0.3864	14	0.0196	51.94	25.12
907	0.2163	235.7	0.3879	14	0.01891	51.74	25.22
908	0.216	236.2	0.3897	14	0.01829	51.51	25.33
909	0.2158	236.7	0.3916	14	0.01772	51.25	25.46
910	0.2156	237.3	0.3938	14	0.01722	50.97	25.6
911	0.2153	237.8	0.3962	14	0.01677	50.66	25.75
912	0.2151	238.3	0.3988	14	0.01637	50.32	25.93
913	0.2148	238.8	0.4017	14	0.01604	49.97	26.11
914	0.2146	239.3	0.4047	14	0.01575	49.59	26.31
915	0.2144	239.9	0.408	14	0.01551	49.19	26.52
916	0.2141	240.4	0.4115	14	0.01531	48.78	26.75
917	0.2139	240.9	0.4152	14	0.01515	48.35	26.99
918	0.2137	241.4	0.4191	14	0.01502	47.9	27.24
919	0.2134	242	0.4231	14	0.01493	47.44	27.5
920	0.2132	242.5	0.4274	14	0.01487	46.96	27.78
921	0.213	243	0.4318	14	0.01484	46.48	28.07
922	0.2127	243.6	0.4365	14	0.01484	45.99	28.37
923	0.2125	244.1	0.4413	14	0.01487	45.49	28.68
924	0.2123	244.6	0.4462	14	0.01493	44.98	29.01
925	0.2121	245.1	0.4513	14	0.01503	44.47	29.34
926	0.2118	245.7	0.4567	14	0.01514	43.95	29.68
927	0.2116	246.2	0.4622	14	0.01529	43.43	30.04
928	0.2114	246.7	0.4678	14	0.01545	42.9	30.41
929	0.2111	247.3	0.4736	14	0.01563	42.38	30.78
930	0.2109	247.8	0.4795	14	0.01582	41.86	31.17
931	0.2107	248.3	0.4855	14	0.01603	41.35	31.55
932	0.2105	248.9	0.4915	14	0.01625	40.84	31.95
933	0.2102	249.4	0.4976	14	0.01647	40.34	32.34
934	0.21	249.9	0.5037	14	0.01671	39.85	32.74
935	0.2098	250.5	0.5099	14	0.01695	39.36	33.14
936	0.2096	251	0.5161	14	0.0172	38.89	33.55
937	0.2093	251.5	0.5223	14	0.01745	38.43	33.95
938	0.2091	252.1	0.5285	14	0.0177	37.98	34.35
939	0.2089	252.6	0.5346	14	0.01796	37.54	34.75
940	0.2087	253.2	0.5407	14	0.01821	37.12	35.15
941	0.2085	253.7	0.5467	14	0.01845	36.71	35.54
942	0.2082	254.2	0.5527	14	0.01869	36.32	35.92
943	0.208	254.8	0.5585	14	0.01891	35.94	36.3
944	0.2078	255.3	0.5643	14	0.01913	35.57	36.68
945	0.2076	255.9	0.5699	14	0.01934	35.22	37.04
946	0.2074	256.4	0.5754	14	0.01953	34.88	37.4
947	0.2071	256.9	0.5807	14	0.01972	34.56	37.75
948	0.2069	257.5	0.586	14	0.0199	34.25	38.09
949	0.2067	258	0.5911	14	0.02006	33.96	38.42
950	0.2065	258.6	0.596	14	0.02021	33.68	38.74
951	0.2063	259.1	0.6008	14	0.02035	33.41	39.05
952	0.206	259.7	0.6053	14	0.02047	33.16	39.35
953	0.2058	260.2	0.6097	14	0.02057	32.92	39.63
954	0.2056	260.8	0.6139	14	0.02066	32.69	39.9
955	0.2054	261.3	0.6179	14	0.02073	32.48	40.17
956	0.2052	261.9	0.6218	14	0.0208	32.28	40.42
957	0.205	262.4	0.6254	14	0.02085	32.09	40.65
958	0.2048	262.9	0.629	14	0.02089	31.91	40.88
959	0.2045	263.5	0.6324	14	0.02091	31.74	41.11
960	0.2043	264	0.6356	14	0.02093	31.58	41.31
961	0.2041	264.6	0.6386	14	0.02093	31.43	41.51
962	0.2039	265.1	0.6415	14	0.02092	31.29	41.7
963	0.2037	265.7	0.6441	14	0.0209	31.16	41.87
964	0.2035	266.3	0.6466	14	0.02087	31.04	42.03
965	0.2033	266.8	0.6488	14	0.02083	30.93	42.18
966	0.2031	267.4	0.651	14	0.02078	30.83	42.31
967	0.2028	267.9	0.653	14	0.02073	30.74	42.44
968	0.2026	268.5	0.6548	14	0.02066	30.65	42.57
969	0.2024	269	0.6566	14	0.02059	30.57	42.68
970	0.2022	269.6	0.6583	14	0.02051	30.49	42.79
971	0.202	270.1	0.6598	14	0.02043	30.42	42.89
972	0.2018	270.7	0.6613	14	0.02034	30.35	42.98
973	0.2016	271.2	0.6626	14	0.02025	30.29	43.07
974	0.2014	271.8	0.6638	14	0.02015	30.24	43.15
975	0.2012	272.4	0.6649	14	0.02005	30.19	43.22
976	0.201	272.9	0.6659	14	0.01994	30.14	43.28
977	0.2008	273.5	0.6668	14	0.01983	30.1	43.34
978	0.2006	274	0.6677	14	0.01971	30.06	43.4
979	0.2004	274.6	0.6684	14	0.01959	30.03	43.45
980	0.2002	275.2	0.6691	14	0.01947	30	43.49
981	0.2	275.7	0.6697	14	0.01935	29.97	43.53
982	0.1997	276.3	0.6702	14	0.01922	29.95	43.56
983	0.1995	276.9	0.6706	14	0.01909	29.93	43.59
984	0.1993	277.4	0.671	14	0.01896	29.91	43.61
985	0.1991	278	0.6713	14	0.01883	29.9	43.64
986	0.1989	278.5	0.6717	14	0.0187	29.88	43.66
987	0.1987	279.1	0.6719	14	0.01857	29.87	43.67
988	0.1985	279.7	0.672	14	0.01844	29.87	43.68
989	0.1983	280.2	0.6722	14	0.0183	29.86	43.7
990	0.1981	280.8	0.6724	14	0.01817	29.85	43.71
991	0.1979	281.4	0.6725	14	0.01804	29.84	43.72
992	0.1977	281.9	0.6726	14	0.0179	29.84	43.72
993	0.1975	282.5	0.6727	14	0.01777	29.84	43.73
994	0.1973	283.1	0.6728	14	0.01764	29.83	43.73
995	0.1971	283.7	0.6728	14	0.0175	29.83	43.73
996	0.1969	284.2	0.6727	14	0.01737	29.84	43.73
997	0.1967	284.8	0.6727	14	0.01723	29.84	43.72
998	0.1965	285.4	0.6726	14	0.0171	29.84	43.72
999	0.1964	285.9	0.6726	14	0.01696	29.84	43.72
1000	0.1962	286.5	0.6725	14	0.01683	29.85	43.71
1001	0.196	287.1	0.6724	14	0.01669	29.85	43.71
1002	0.1958	287.7	0.6723	14	0.01656	29.85	43.7
1003	0.1956	288.2	0.6722	14	0.01642	29.86	43.69
1004	0.1954	288.8	0.6721	14	0.01629	29.86	43.69
1005	0.1952	289.4	0.672	14	0.01616	29.87	43.68
1006	0.195	290	0.6718	14	0.01603	29.88	43.67
1007	0.1948	290.5	0.6717	14	0.01589	29.88	43.66
1008	0.1946	291.1	0.6715	14	0.01576	29.89	43.65
1009	0.1944	291.7	0.6714	14	0.01563	29.9	43.64
1010	0.1942	292.3	0.6712	14	0.01551	29.9	43.63
1011	0.194	292.8	0.671	14	0.01538	29.91	43.62
1012	0.1938	293.4	0.6709	14	0.01525	29.92	43.61
1013	0.1936	294	0.6707	14	0.01512	29.93	43.6
1014	0.1934	294.6	0.6705	14	0.015	29.93	43.58
1015	0.1933	295.2	0.6704	14	0.01487	29.94	43.57
1016	0.1931	295.8	0.6702	14	0.01475	29.95	43.56
1017	0.1929	296.3	0.67	14	0.01462	29.96	43.55
1018	0.1927	296.9	0.6698	14	0.0145	29.97	43.54
1019	0.1925	297.5	0.6696	14	0.01438	29.97	43.53
1020	0.1923	298.1	0.6695	14	0.01426	29.98	43.52
1021	0.1921	298.7	0.6693	14	0.01413	29.99	43.5
1022	0.1919	299.3	0.6691	14	0.01401	30	43.49
1023	0.1917	299.8	0.669	14	0.0139	30	43.48
1024	0.1916	300.4	0.6688	14	0.01378	30.01	43.47
1025	0.1914	301	0.6686	14	0.01366	30.02	43.46
1026	0.1912	301.6	0.6684	14	0.01354	30.03	43.45
1027	0.191	302.2	0.6682	14	0.01343	30.04	43.43
1028	0.1908	302.8	0.668	14	0.01331	30.05	43.42
1029	0.1906	303.4	0.6678	14	0.0132	30.06	43.41
1030	0.1904	304	0.6676	14	0.01308	30.07	43.39
1031	0.1903	304.5	0.6674	14	0.01297	30.07	43.38
1032	0.1901	305.1	0.6673	14	0.01286	30.08	43.37
1033	0.1899	305.7	0.6672	14	0.01274	30.08	43.37
1034	0.1897	306.3	0.667	14	0.01263	30.09	43.36
1035	0.1895	306.9	0.6668	14	0.01252	30.1	43.34
1036	0.1893	307.5	0.6666	14	0.01241	30.11	43.33
1037	0.1892	308.1	0.6665	14	0.01231	30.12	43.32
1038	0.189	308.7	0.6663	14	0.0122	30.13	43.31
1039	0.1888	309.3	0.6661	14	0.01209	30.13	43.3
1040	0.1886	309.9	0.6659	14	0.01198	30.14	43.28
1041	0.1884	310.5	0.6657	14	0.01188	30.15	43.27
1042	0.1882	311.1	0.6656	14	0.01177	30.16	43.26
1043	0.1881	311.7	0.6654	14	0.01167	30.16	43.25
1044	0.1879	312.3	0.6653	14	0.01157	30.17	43.24
1045	0.1877	312.9	0.6652	14	0.01146	30.17	43.24
1046	0.1875	313.5	0.6651	14	0.01136	30.18	43.23
1047	0.1873	314.1	0.665	14	0.01126	30.18	43.23
1048	0.1872	314.7	0.665	14	0.01116	30.18	43.22
1049	0.187	315.3	0.6649	14	0.01106	30.19	43.22
1050	0.1868	315.9	0.6648	14	0.01096	30.19	43.21
1051	0.1866	316.5	0.6647	14	0.01086	30.2	43.21
1052	0.1865	317.1	0.6646	14	0.01077	30.2	43.2
1053	0.1863	317.7	0.6646	14	0.01067	30.2	43.2
1054	0.1861	318.3	0.6645	14	0.01058	30.21	43.19
1055	0.1859	318.9	0.6644	14	0.01048	30.21	43.19
1056	0.1858	319.5	0.6643	14	0.01039	30.21	43.18
1057	0.1856	320.1	0.6642	14	0.01029	30.22	43.18
1058	0.1854	320.7	0.6642	14	0.0102	30.22	43.17
1059	0.1852	321.3	0.6641	14	0.01011	30.22	43.17
1060	0.1851	321.9	0.664	14	0.01001	30.23	43.16
1061	0.1849	322.5	0.6639	14	0.009922	30.23	43.16
1062	0.1847	323.1	0.6639	14	0.009831	30.23	43.15
1063	0.1845	323.7	0.6638	14	0.009741	30.24	43.15
1064	0.1844	324.4	0.6637	14	0.009651	30.24	43.14
1065	0.1842	325	0.6636	14	0.009562	30.24	43.14
1066	0.184	325.6	0.6636	14	0.009474	30.25	43.13
1067	0.1838	326.2	0.6635	14	0.009386	30.25	43.13
1068	0.1837	326.8	0.6634	14	0.009299	30.25	43.12
1069	0.1835	327.4	0.6634	14	0.009213	30.26	43.12
1070	0.1833	328	0.6633	14	0.009127	30.26	43.11
1071	0.1832	328.6	0.6632	14	0.009042	30.26	43.11
1072	0.183	329.3	0.6632	14	0.008957	30.27	43.11
1073	0.1828	329.9	0.6631	14	0.008873	30.27	43.1
1074	0.1826	330.5	0.663	14	0.00879	30.27	43.1
1075	0.1825	331.1	0.663	14	0.008707	30.27	43.09
1076	0.1823	331.7	0.6629	14	0.008625	30.28	43.09
1077	0.1821	332.3	0.6629	14	0.008543	30.28	43.09
1078	0.182	332.9	0.6628	14	0.008462	30.28	43.08
1079	0.1818	333.6	0.6627	14	0.008381	30.29	43.08
1080	0.1816	334.2	0.6627	14	0.008302	30.29	43.07
1081	0.1815	334.8	0.6626	14	0.008222	30.29	43.07
1082	0.1813	335.4	0.6626	14	0.008143	30.29	43.07
1083	0.1811	336	0.6625	14	0.008065	30.3	43.06
1084	0.181	336.7	0.6625	14	0.007988	30.3	43.06
1085	0.1808	337.3	0.6624	14	0.00791	30.3	43.06
1086	0.1806	337.9	0.6624	14	0.007834	30.3	43.05
1087	0.1805	338.5	0.6623	14	0.007758	30.31	43.05
1088	0.1803	339.2	0.6623	14	0.007682	30.31	43.05
1089	0.1801	339.8	0.6622	14	0.007607	30.31	43.04
1090	0.18	340.4	0.6622	14	0.007533	30.31	43.04
1091	0.1798	341	0.6621	14	0.007459	30.31	43.04
1092	0.1796	341.7	0.6621	14	0.007386	30.32	43.03
1093	0.1795	342.3	0.662	14	0.007313	30.32	43.03
1094	0.1793	342.9	0.662	14	0.007241	30.32	43.03
1095	0.1791	343.5	0.6619	14	0.007169	30.32	43.02
1096	0.179	344.2	0.6619	14	0.007098	30.33	43.02
1097	0.1788	344.8	0.6618	14	0.007027	30.33	43.02
1098	0.1786	345.4	0.6618	14	0.006957	30.33	43.02
1099	0.1785	346	0.6617	14	0.006888	30.33	43.01
1100	0.1783	346.7	0.6617	14	0.006819	30.33	43.01
1101	0.1782	347.3	0.6616	14	0.00675	30.34	43.01
1102	0.178	347.9	0.6616	14	0.006682	30.34	43
1103	0.1778	348.6	0.6616	14	0.006614	30.34	43
1104	0.1777	349.2	0.6615	14	0.006547	30.34	43
1105	0.1775	349.8	0.6615	14	0.00648	30.34	43
1106	0.1774	350.5	0.6614	14	0.006414	30.35	42.99
1107	0.1772	351.1	0.6614	14	0.006349	30.35	42.99
1108	0.177	351.7	0.6614	14	0.006284	30.35	42.99
1109	0.1769	352.4	0.6613	14	0.006219	30.35	42.99
1110	0.1767	353	0.6613	14	0.006155	30.35	42.98
1111	0.1766	353.6	0.6612	14	0.006091	30.35	42.98
1112	0.1764	354.3	0.6612	14	0.006028	30.36	42.98
1113	0.1762	354.9	0.6612	14	0.005965	30.36	42.98
1114	0.1761	355.6	0.6611	14	0.005903	30.36	42.97
1115	0.1759	356.2	0.6611	14	0.005841	30.36	42.97
1116	0.1758	356.8	0.6611	14	0.00578	30.36	42.97
1117	0.1756	357.5	0.661	14	0.005719	30.36	42.97
1118	0.1755	358.1	0.661	14	0.005658	30.37	42.96
1119	0.1753	358.8	0.6609	14	0.005598	30.37	42.96
1120	0.1751	359.4	0.6609	14	0.005539	30.37	42.96
1121	0.175	360	0.6609	14	0.00548	30.37	42.96
1122	0.1748	360.7	0.6608	14	0.005421	30.37	42.96
1123	0.1747	361.3	0.6607	14	0.005363	30.38	42.95
1124	0.1745	362	0.6606	14	0.005305	30.38	42.94
1125	0.1744	362.6	0.6606	14	0.005247	30.39	42.94
1126	0.1742	363.3	0.6605	14	0.00519	30.39	42.93
1127	0.174	363.9	0.6604	14	0.005134	30.39	42.92
1128	0.1739	364.6	0.6603	14	0.005077	30.4	42.92
1129	0.1737	365.2	0.6602	14	0.005022	30.4	42.91
1130	0.1736	365.8	0.6601	14	0.004966	30.4	42.91
1131	0.1734	366.5	0.6601	14	0.004912	30.41	42.91
1132	0.1733	367.1	0.66	14	0.004857	30.41	42.9
1133	0.1731	367.8	0.6599	14	0.004803	30.41	42.9
1134	0.173	368.4	0.6599	14	0.00475	30.42	42.89
1135	0.1728	369.1	0.6598	14	0.004697	30.42	42.89
1136	0.1727	369.7	0.6597	14	0.004644	30.42	42.88
1137	0.1725	370.4	0.6597	14	0.004592	30.43	42.88
1138	0.1724	371	0.6596	14	0.00454	30.43	42.88
1139	0.1722	371.7	0.6596	14	0.004488	30.43	42.87
1140	0.1721	372.3	0.6595	14	0.004437	30.43	42.87
1141	0.1719	373	0.6594	14	0.004387	30.44	42.86
1142	0.1718	373.7	0.6594	14	0.004337	30.44	42.86
1143	0.1716	374.3	0.6593	14	0.004287	30.44	42.85
1144	0.1715	375	0.6592	14	0.004237	30.45	42.85
1145	0.1713	375.6	0.6592	14	0.004188	30.45	42.85
1146	0.1712	376.3	0.6591	14	0.00414	30.45	42.84
1147	0.171	376.9	0.659	14	0.004092	30.46	42.84
1148	0.1709	377.6	0.659	14	0.004044	30.46	42.84
1149	0.1707	378.3	0.659	14	0.003996	30.46	42.83
1150	0.1706	378.9	0.6589	14	0.00395	30.46	42.83
1151	0.1704	379.6	0.6589	14	0.003903	30.46	42.83
1152	0.1703	380.2	0.6589	14	0.003857	30.46	42.83
1153	0.1701	380.9	0.6589	14	0.003811	30.46	42.83
1154	0.17	381.5	0.6588	14	0.003766	30.47	42.82
1155	0.1698	382.2	0.6588	14	0.003721	30.47	42.82
1156	0.1697	382.9	0.6588	14	0.003676	30.47	42.82
1157	0.1695	383.5	0.6588	14	0.003632	30.47	42.82
1158	0.1694	384.2	0.6587	14	0.003588	30.47	42.82
1159	0.1692	384.9	0.6587	14	0.003544	30.47	42.81
1160	0.1691	385.5	0.6587	14	0.003501	30.47	42.82
1161	0.169	386.2	0.6586	14	0.003458	30.47	42.81
1162	0.1688	386.9	0.6586	14	0.003416	30.48	42.81
1163	0.1687	387.5	0.6586	14	0.003373	30.48	42.81
1164	0.1685	388.2	0.6585	14	0.003332	30.48	42.8
1165	0.1684	388.9	0.6586	14	0.00329	30.48	42.81
1166	0.1682	389.5	0.6585	14	0.003249	30.48	42.8
1167	0.1681	390.2	0.6584	14	0.003208	30.48	42.8
1168	0.1679	390.9	0.6585	14	0.003168	30.48	42.8
1169	0.1678	391.5	0.6584	14	0.003128	30.49	42.8
1170	0.1677	392.2	0.6583	14	0.003088	30.49	42.79
1171	0.1675	392.9	0.6584	14	0.003049	30.49	42.79
1172	0.1674	393.5	0.6583	14	0.00301	30.49	42.79
1173	0.1672	394.2	0.6582	14	0.002971	30.49	42.79
1174	0.1671	394.9	0.6583	14	0.002933	30.49	42.79
1175	0.1669	395.6	0.6582	14	0.002895	30.49	42.78
1176	0.1668	396.2	0.6581	14	0.002857	30.5	42.78
1177	0.1667	396.9	0.6582	14	0.00282	30.5	42.78
1178	0.1665	397.6	0.6581	14	0.002783	30.5	42.78
1179	0.1664	398.3	0.658	14	0.002746	30.5	42.77
1180	0.1662	398.9	0.6581	14	0.00271	30.5	42.78
1181	0.1661	399.6	0.658	14	0.002674	30.5	42.77
1182	0.166	400.3	0.658	14	0.002638	30.51	42.77
1183	0.1658	401	0.658	14	0.002602	30.5	42.77
1184	0.1657	401.6	0.6579	14	0.002568	30.51	42.76
1185	0.1655	402.3	0.6579	14	0.002533	30.51	42.77
1186	0.1654	403	0.6579	14	0.002498	30.51	42.76
1187	0.1653	403.7	0.6578	14	0.002464	30.51	42.76
1188	0.1651	404.4	0.6579	14	0.00243	30.51	42.76
1189	0.165	405	0.6578	14	0.002397	30.51	42.76
1190	0.1648	405.7	0.6577	14	0.002363	30.52	42.75
1191	0.1647	406.4	0.6578	14	0.00233	30.52	42.75
1192	0.1646	407.1	0.6577	14	0.002298	30.52	42.75
1193	0.1644	407.8	0.6576	14	0.002266	30.52	42.75
1194	0.1643	408.5	0.6577	14	0.002233	30.52	42.75
1195	0.1641	409.1	0.6576	14	0.002202	30.52	42.74
1196	0.164	409.8	0.6575	14	0.00217	30.53	42.74
1197	0.1639	410.5	0.6576	14	0.002139	30.52	42.74
1198	0.1637	411.2	0.6575	14	0.002108	30.53	42.74
1199	0.1636	411.9	0.6574	14	0.002078	30.53	42.73
1200	0.1635	412.6	0.6575	14	0.002048	30.53	42.74
